38 
515 
606 
151 
427 
1031 
964 
198 
959 
901 
143 
614 
51 
100 
293 
537 
791 
417 
153 
473 
521 
667 
1041 
147 
349 
448 
432 
189 
330 
819 
1060 
455 
221 
185 
384 
685 
958 
157 
771 
317 
995 
77 
666 
877 
21 
420 
249 
170 
326 
585 
991 
978 
79 
752 
200 
563 
204 
70 
572 
867 
736 
365 
602 
486 
274 
362 
449 
390 
355 
919 
599 
898 
398 
487 
658 
324 
865 
30 
162 
671 
794 
847 
668 
461 
532 
860 
894 
612 
971 
251 
185 
760 
343 
560 
535 
980 
145 
920 
215 
843 
137 
796 
977 
363 
935 
360 
22 
199 
472 
848 
255 
147 
676 
489 
408 
886 
1 
96 
476 
764 
785 
354 
662 
984 
846 
235 
931 
73 
952 
298 
548 
769 
587 
163 
951 
933 
747 
832 
121 
24 
601 
409 
859 
156 
253 
109 
704 
373 
930 
879 
333 
541 
680 
1024 
231 
349 
143 
440 
45 
176 
35 
92 
166 
212 
410 
778 
600 
94 
146 
86 
376 
426 
525 
334 
595 
84 
874 
873 
973 
768 
932 
745 
900 
130 
814 
102 
268 
806 
702 
468 
882 
528 
706 
815 
190 
515 
605 
164 
329 
107 
976 
439 
912 
663 
436 
280 
263 
590 
562 
88 
1002 
188 
269 
589 
812 
579 
887 
719 
754 
895 
843 
766 
172 
116 
593 
733 
922 
678 
380 
824 
240 
993 
950 
241 
288 
763 
889 
403 
25 
54 
1060 
179 
838 
43 
76 
253 
132 
901 
572 
726 
48 
432 
388 
80 
779 
730 
709 
29 
821 
79 
537 
270 
602 
658 
796 
415 
580 
988 
238 
223 
594 
885 
194 
1013 
97 
13 
994 
235 
729 
357 
770 
233 
331 
623 
1015 
66 
296 
284 
367 
322 
698 
801 
106 
851 
431 
308 
411 
250 
1006 
468 
653 
304 
627 
1022 
776 
965 
579 
706 
513 
947 
201 
593 
480 
371 
790 
123 
559 
902 
121 
62 
616 
603 
821 
275 
337 
395 
420 
562 
391 
47 
105 
899 
972 
826 
750 
356 
141 
56 
552 
195 
609 
78 
1019 
321 
607 
486 
672 
233 
637 
784 
521 
60 
777 
933 
670 
489 
69 
928 
810 
172 
507 
916 
319 
561 
503 
1007 
357 
156 
1003 
401 
91 
1030 
897 
215 
710 
547 
379 
773 
212 
856 
84 
481 
787 
955 
575 
514 
563 
173 
1020 
703 
532 
185 
297 
314 
170 
14 
344 
189 
274 
644 
385 
474 
952 
92 
709 
120 
583 
960 
26 
239 
24 
585 
33 
650 
622 
318 
153 
941 
296 
216 
571 
998 
63 
250 
54 
395 
151 
840 
316 
23 
340 
839 
820 
885 
374 
792 
210 
305 
28 
487 
31 
387 
79 
958 
107 
311 
451 
732 
129 
660 
965 
772 
895 
1008 
113 
980 
485 
13 
816 
398 
469 
566 
574 
534 
372 
555 
785 
1016 
201 
533 
870 
750 
109 
222 
667 
851 
783 
423 
412 
349 
784 
956 
155 
490 
799 
523 
617 
996 
948 
951 
115 
328 
479 
952 
582 
190 
92 
775 
977 
887 
651 
872 
749 
447 
926 
325 
894 
233 
1020 
132 
682 
160 
270 
283 
857 
2 
298 
656 
499 
885 
1022 
143 
435 
62 
334 
371 
55 
213 
611 
203 
588 
391 
532 
889 
897 
405 
845 
140 
538 
903 
654 
240 
284 
12 
483 
442 
199 
496 
151 
668 
828 
648 
510 
834 
957 
311 
994 
946 
638 
746 
70 
156 
701 
175 
285 
94 
458 
440 
1000 
168 
307 
8 
23 
584 
145 
273 
178 
993 
568 
841 
450 
1007 
757 
615 
642 
38 
289 
1045 
755 
269 
356 
893 
56 
688 
67 
89 
805 
808 
359 
251 
991 
329 
40 
525 
943 
932 
514 
430 
305 
682 
803 
769 
1037 
495 
703 
497 
521 
765 
707 
772 
212 
868 
313 
330 
600 
129 
239 
953 
379 
470 
1023 
17 
225 
675 
865 
420 
737 
517 
680 
291 
276 
99 
852 
0 
561 
333 
54 
891 
77 
801 
206 
74 
693 
887 
585 
66 
912 
421 
264 
331 
110 
685 
897 
249 
399 
154 
150 
243 
955 
3 
385 
826 
177 
1017 
483 
324 
312 
18 
250 
1024 
855 
959 
156 
499 
907 
39 
512 
665 
643 
775 
437 
293 
270 
271 
255 
564 
788 
161 
946 
319 
530 
556 
450 
1029 
335 
862 
822 
221 
390 
144 
1060 
83 
419 
987 
225 
672 
961 
749 
407 
115 
460 
162 
583 
171 
207 
396 
804 
612 
809 
834 
145 
922 
163 
397 
28 
722 
902 
186 
371 
462 
235 
589 
1023 
141 
533 
209 
339 
456 
927 
632 
93 
586 
238 
465 
585 
434 
798 
701 
920 
435 
118 
757 
31 
993 
918 
582 
817 
538 
679 
737 
44 
992 
138 
547 
1015 
821 
885 
328 
341 
534 
361 
192 
410 
881 
244 
101 
426 
478 
930 
372 
1007 
459 
687 
561 
781 
540 
412 
889 
314 
430 
592 
867 
756 
395 
1019 
181 
488 
947 
30 
916 
236 
301 
449 
409 
173 
360 
718 
95 
346 
732 
1013 
1012 
100 
742 
37 
919 
193 
1054 
755 
1048 
396 
952 
293 
62 
893 
59 
800 
27 
214 
107 
400 
302 
492 
616 
522 
753 
1050 
751 
877 
190 
628 
558 
270 
244 
387 
349 
520 
388 
82 
471 
615 
442 
911 
368 
795 
516 
489 
752 
699 
463 
512 
497 
721 
359 
285 
595 
1047 
670 
989 
38 
937 
819 
493 
1053 
312 
979 
42 
221 
213 
936 
141 
515 
485 
340 
1002 
262 
277 
243 
619 
376 
633 
812 
652 
1017 
593 
401 
677 
1010 
250 
35 
80 
208 
820 
149 
60 
502 
206 
434 
531 
1032 
90 
66 
920 
1034 
161 
768 
624 
413 
934 
286 
129 
131 
391 
584 
969 
778 
457 
144 
718 
947 
985 
661 
858 
597 
843 
1041 
836 
353 
653 
124 
586 
1057 
840 
456 
841 
414 
949 
330 
183 
325 
977 
500 
674 
1012 
86 
536 
394 
1048 
115 
348 
37 
63 
389 
682 
430 
917 
654 
1009 
95 
603 
466 
673 
150 
881 
168 
1035 
579 
508 
460 
220 
634 
832 
875 
3 
663 
226 
354 
356 
314 
924 
422 
884 
1042 
477 
424 
978 
1021 
58 
915 
77 
925 
540 
110 
486 
928 
295 
561 
79 
223 
1016 
765 
447 
902 
672 
844 
169 
438 
547 
712 
363 
981 
176 
839 
740 
722 
230 
89 
213 
1000 
967 
591 
305 
935 
337 
406 
293 
216 
539 
302 
854 
939 
1049 
646 
964 
416 
781 
272 
708 
103 
554 
361 
496 
1023 
227 
601 
728 
232 
275 
717 
963 
46 
681 
770 
281 
1006 
665 
248 
676 
913 
151 
612 
372 
558 
276 
627 
532 
300 
225 
378 
984 
658 
493 
253 
1027 
116 
732 
880 
458 
364 
171 
120 
468 
148 
41 
521 
385 
10 
490 
575 
510 
847 
132 
715 
914 
645 
149 
694 
845 
753 
596 
369 
44 
91 
506 
130 
807 
43 
437 
922 
767 
881 
461 
811 
314 
973 
940 
123 
122 
564 
472 
857 
1054 
117 
417 
744 
99 
172 
285 
1034 
277 
693 
920 
526 
317 
720 
265 
349 
689 
559 
574 
851 
855 
491 
145 
766 
770 
201 
351 
856 
209 
197 
86 
211 
200 
725 
639 
944 
318 
398 
377 
473 
820 
283 
1020 
371 
517 
1013 
199 
723 
752 
307 
740 
247 
828 
681 
578 
469 
666 
889 
359 
135 
535 
929 
443 
589 
156 
887 
587 
404 
866 
688 
739 
485 
420 
54 
400 
57 
859 
245 
875 
853 
243 
951 
912 
432 
436 
452 
777 
660 
746 
522 
979 
274 
348 
682 
572 
1040 
14 
827 
1057 
950 
298 
622 
60 
133 
1024 
864 
1018 
707 
361 
481 
42 
191 
711 
878 
263 
704 
445 
449 
37 
438 
495 
982 
789 
237 
759 
938 
696 
1016 
994 
47 
996 
84 
261 
159 
501 
212 
834 
974 
77 
894 
403 
872 
957 
814 
576 
838 
1003 
357 
1056 
1029 
289 
311 
737 
959 
228 
202 
470 
1058 
985 
596 
17 
975 
664 
998 
1023 
250 
787 
1017 
555 
634 
863 
136 
292 
8 
288 
138 
801 
684 
999 
105 
900 
22 
556 
0 
947 
623 
571 
919 
456 
339 
112 
142 
577 
579 
330 
33 
631 
962 
599 
995 
385 
760 
13 
973 
406 
75 
165 
627 
450 
743 
506 
673 
396 
946 
715 
392 
304 
371 
615 
111 
58 
988 
604 
286 
594 
511 
270 
705 
338 
225 
657 
583 
422 
119 
860 
52 
742 
709 
459 
945 
922 
297 
702 
182 
328 
285 
381 
93 
144 
352 
510 
208 
436 
99 
62 
238 
1028 
758 
701 
619 
189 
605 
91 
79 
117 
850 
842 
887 
536 
264 
215 
135 
46 
593 
955 
306 
493 
856 
713 
718 
284 
204 
996 
294 
646 
575 
997 
257 
1006 
48 
526 
516 
314 
263 
656 
453 
347 
145 
483 
582 
825 
163 
185 
148 
239 
909 
356 
237 
1048 
877 
719 
779 
3 
698 
235 
447 
1057 
408 
233 
278 
751 
699 
585 
401 
797 
807 
976 
485 
829 
647 
319 
740 
821 
857 
153 
1 
272 
147 
261 
542 
781 
924 
841 
311 
442 
1060 
170 
28 
906 
385 
83 
87 
367 
212 
640 
394 
372 
427 
737 
865 
921 
441 
630 
787 
386 
452 
730 
964 
580 
617 
429 
935 
934 
56 
654 
901 
1040 
738 
78 
550 
440 
871 
940 
137 
666 
866 
888 
505 
824 
565 
611 
765 
750 
44 
86 
121 
419 
556 
191 
777 
43 
68 
916 
694 
292 
599 
975 
624 
954 
187 
14 
293 
961 
717 
104 
469 
20 
894 
577 
941 
574 
712 
932 
691 
776 
177 
154 
278 
1041 
814 
18 
98 
32 
81 
119 
410 
480 
382 
838 
741 
349 
835 
9 
693 
1005 
509 
404 
460 
125 
602 
723 
729 
951 
627 
942 
115 
1013 
458 
525 
123 
840 
879 
1007 
823 
52 
210 
301 
355 
274 
370 
918 
302 
369 
971 
433 
258 
140 
390 
161 
978 
190 
686 
583 
377 
1014 
637 
262 
656 
594 
58 
645 
1008 
203 
449 
904 
883 
193 
648 
688 
234 
405 
337 
25 
631 
277 
89 
762 
30 
291 
253 
342 
902 
851 
346 
1051 
13 
660 
484 
544 
492 
166 
152 
889 
208 
528 
497 
307 
219 
701 
936 
511 
685 
225 
51 
69 
969 
63 
953 
760 
128 
943 
752 
1000 
215 
812 
945 
702 
913 
34 
771 
299 
468 
195 
1059 
412 
259 
106 
778 
854 
837 
1026 
257 
896 
317 
628 
182 
392 
775 
288 
521 
606 
221 
126 
866 
770 
895 
716 
243 
833 
745 
181 
1030 
515 
116 
113 
431 
315 
371 
887 
162 
593 
759 
790 
691 
42 
159 
64 
385 
663 
518 
441 
206 
85 
804 
664 
339 
758 
630 
678 
153 
946 
498 
419 
929 
352 
1012 
676 
826 
962 
930 
456 
313 
201 
464 
319 
963 
900 
980 
677 
465 
601 
667 
15 
297 
397 
857 
356 
587 
229 
860 
67 
754 
543 
1016 
330 
97 
281 
558 
254 
124 
228 
24 
710 
1032 
794 
204 
207 
169 
303 
510 
276 
404 
365 
817 
841 
687 
776 
625 
859 
40 
130 
965 
418 
1044 
451 
580 
448 
117 
650 
820 
192 
393 
487 
700 
519 
920 
981 
488 
563 
439 
374 
80 
956 
996 
4 
450 
321 
180 
583 
1011 
512 
588 
751 
406 
400 
538 
603 
474 
524 
861 
258 
731 
1035 
325 
768 
344 
119 
659 
651 
923 
463 
131 
834 
672 
1049 
888 
165 
32 
889 
594 
993 
186 
1005 
45 
511 
883 
715 
150 
25 
63 
960 
802 
1047 
88 
671 
919 
733 
675 
815 
797 
128 
421 
642 
557 
561 
635 
823 
622 
873 
455 
728 
906 
428 
245 
540 
979 
602 
381 
387 
862 
1004 
416 
641 
454 
183 
550 
152 
627 
884 
909 
410 
137 
422 
208 
354 
268 
168 
875 
560 
708 
530 
357 
646 
777 
74 
688 
657 
852 
478 
838 
346 
840 
881 
138 
992 
509 
46 
359 
1023 
572 
304 
617 
271 
147 
189 
497 
373 
341 
108 
700 
825 
882 
91 
177 
582 
887 
1055 
31 
414 
542 
623 
314 
900 
982 
656 
778 
1022 
264 
363 
521 
766 
568 
419 
155 
903 
658 
892 
957 
42 
100 
967 
17 
994 
801 
71 
305 
854 
1013 
925 
1021 
68 
125 
824 
920 
640 
517 
64 
973 
267 
477 
336 
567 
652 
469 
951 
814 
704 
910 
1031 
197 
527 
803 
61 
851 
228 
921 
407 
72 
537 
479 
307 
385 
57 
1006 
650 
744 
896 
343 
200 
655 
30 
756 
170 
482 
773 
286 
915 
302 
782 
853 
332 
287 
425 
328 
378 
123 
460 
799 
691 
737 
309 
846 
566 
157 
199 
436 
686 
1054 
800 
400 
243 
604 
624 
459 
249 
562 
313 
1058 
452 
989 
426 
914 
758 
498 
504 
950 
890 
866 
734 
406 
480 
917 
1004 
490 
14 
506 
162 
833 
544 
311 
449 
724 
939 
626 
677 
234 
362 
1003 
134 
1012 
135 
496 
856 
552 
870 
440 
441 
88 
139 
1019 
492 
370 
636 
175 
832 
375 
601 
571 
129 
557 
507 
66 
198 
909 
104 
1040 
826 
978 
987 
1059 
317 
923 
300 
414 
487 
549 
206 
207 
336 
342 
114 
92 
985 
418 
861 
413 
70 
990 
51 
836 
608 
116 
983 
297 
363 
470 
649 
360 
209 
367 
615 
607 
531 
1045 
275 
922 
666 
1036 
1005 
924 
448 
906 
348 
784 
368 
369 
683 
233 
165 
334 
727 
823 
78 
982 
1034 
790 
587 
882 
380 
623 
7 
755 
315 
542 
883 
137 
109 
475 
694 
301 
16 
81 
502 
822 
517 
834 
193 
289 
894 
522 
1 
0 
324 
295 
782 
347 
322 
59 
456 
944 
927 
12 
763 
18 
940 
633 
34 
50 
245 
893 
774 
568 
948 
30 
299 
124 
515 
408 
427 
259 
442 
984 
548 
240 
255 
388 
602 
39 
219 
952 
212 
458 
541 
320 
716 
1055 
808 
574 
327 
637 
17 
358 
272 
798 
1057 
598 
578 
1005 
843 
293 
283 
935 
662 
449 
678 
361 
310 
896 
450 
728 
373 
249 
970 
5 
88 
224 
337 
879 
884 
1019 
1059 
87 
383 
845 
423 
222 
479 
1048 
725 
926 
288 
393 
136 
1052 
993 
1014 
691 
527 
567 
109 
830 
445 
123 
425 
314 
957 
1043 
634 
447 
1038 
560 
190 
55 
490 
528 
736 
983 
451 
10 
159 
1037 
895 
198 
625 
98 
995 
200 
586 
488 
529 
794 
243 
671 
233 
1018 
470 
677 
307 
549 
963 
90 
404 
91 
378 
669 
41 
711 
444 
101 
640 
880 
859 
421 
1051 
407 
360 
477 
897 
883 
1029 
140 
197 
377 
613 
1002 
473 
126 
682 
748 
53 
214 
319 
742 
100 
257 
433 
969 
755 
7 
994 
410 
481 
65 
848 
997 
122 
437 
342 
382 
747 
130 
1054 
1030 
904 
788 
74 
446 
484 
28 
608 
277 
727 
213 
289 
322 
763 
968 
504 
556 
227 
513 
62 
452 
178 
1033 
871 
338 
760 
18 
430 
764 
351 
776 
702 
1003 
836 
674 
242 
703 
812 
246 
923 
223 
43 
182 
805 
596 
30 
276 
367 
120 
753 
603 
562 
395 
931 
209 
990 
902 
829 
239 
431 
531 
480 
1011 
154 
1061 
844 
546 
950 
263 
59 
294 
195 
693 
680 
927 
406 
966 
365 
855 
946 
814 
837 
515 
654 
574 
376 
254 
460 
27 
355 
419 
24 
326 
478 
817 
886 
162 
150 
961 
369 
523 
746 
735 
977 
9 
972 
159 
530 
273 
46 
83 
818 
181 
514 
666 
424 
532 
52 
164 
284 
627 
490 
474 
694 
624 
676 
262 
506 
489 
765 
435 
571 
345 
363 
781 
679 
750 
96 
599 
71 
652 
45 
543 
1059 
165 
138 
256 
61 
411 
992 
611 
462 
535 
438 
621 
88 
26 
533 
958 
366 
249 
405 
660 
1006 
41 
421 
205 
804 
103 
194 
422 
1024 
509 
111 
499 
930 
1010 
909 
644 
184 
246 
576 
80 
1044 
623 
343 
598 
503 
1055 
933 
301 
987 
656 
771 
23 
146 
266 
1046 
740 
729 
199 
978 
713 
528 
327 
344 
864 
214 
639 
261 
704 
845 
882 
1031 
203 
1 
56 
229 
260 
879 
974 
124 
292 
439 
351 
50 
981 
584 
641 
112 
296 
708 
934 
201 
744 
465 
869 
885 
11 
135 
572 
785 
861 
158 
387 
1029 
605 
830 
936 
232 
761 
67 
234 
625 
699 
927 
18 
441 
286 
723 
32 
1050 
537 
853 
233 
325 
948 
1017 
382 
510 
33 
174 
709 
951 
849 
484 
352 
386 
553 
1007 
391 
197 
617 
1037 
68 
618 
806 
669 
253 
659 
1001 
923 
836 
555 
240 
960 
156 
35 
556 
937 
54 
583 
658 
574 
908 
1038 
1025 
988 
148 
1002 
485 
614 
273 
193 
982 
862 
741 
749 
166 
856 
126 
594 
791 
493 
938 
738 
795 
288 
130 
871 
558 
133 
783 
228 
314 
319 
796 
673 
667 
279 
636 
173 
838 
64 
772 
442 
504 
966 
1022 
332 
412 
800 
831 
169 
538 
283 
973 
281 
757 
514 
682 
142 
566 
569 
370 
793 
916 
733 
221 
447 
243 
462 
657 
1005 
481 
1060 
440 
308 
365 
355 
376 
276 
1009 
394 
467 
46 
949 
331 
1053 
534 
1030 
427 
728 
812 
567 
1051 
122 
608 
759 
762 
409 
545 
962 
935 
384 
753 
106 
23 
1008 
170 
152 
513 
619 
760 
1048 
349 
456 
31 
272 
298 
136 
628 
305 
568 
932 
508 
436 
101 
894 
640 
829 
1061 
705 
714 
872 
542 
473 
383 
235 
1028 
465 
750 
144 
213 
842 
661 
75 
1055 
509 
313 
638 
112 
651 
540 
610 
515 
114 
883 
921 
819 
1034 
668 
723 
501 
405 
764 
621 
977 
321 
168 
520 
767 
890 
116 
139 
362 
352 
284 
833 
745 
854 
646 
860 
93 
609 
631 
687 
672 
564 
91 
238 
76 
277 
351 
719 
573 
601 
897 
991 
645 
662 
102 
1016 
976 
641 
866 
1013 
27 
569 
491 
992 
823 
297 
13 
965 
367 
649 
648 
245 
256 
1011 
882 
196 
135 
582 
729 
1059 
58 
327 
604 
5 
433 
653 
536 
1024 
378 
632 
425 
776 
82 
975 
793 
449 
562 
148 
490 
822 
96 
430 
428 
470 
557 
282 
643 
1019 
589 
647 
342 
318 
886 
368 
565 
853 
316 
635 
257 
1005 
247 
11 
560 
166 
455 
153 
817 
236 
84 
396 
532 
877 
254 
472 
1047 
231 
485 
933 
785 
179 
994 
923 
97 
283 
943 
308 
656 
948 
244 
701 
619 
1001 
765 
358 
583 
644 
232 
98 
963 
1025 
402 
512 
234 
151 
818 
507 
909 
185 
545 
54 
580 
966 
161 
1017 
774 
929 
913 
302 
990 
546 
907 
488 
746 
904 
664 
503 
528 
782 
1026 
639 
646 
361 
493 
213 
751 
681 
928 
968 
334 
972 
796 
269 
778 
775 
543 
815 
977 
724 
856 
111 
76 
892 
693 
620 
103 
720 
285 
932 
911 
916 
61 
399 
673 
776 
440 
245 
515 
878 
56 
501 
902 
988 
970 
303 
370 
749 
901 
568 
112 
248 
707 
1004 
574 
62 
60 
941 
475 
122 
278 
462 
649 
163 
1048 
544 
992 
669 
304 
451 
530 
30 
329 
482 
143 
634 
206 
290 
187 
764 
609 
516 
883 
94 
473 
518 
651 
447 
667 
811 
203 
581 
534 
313 
880 
125 
540 
886 
625 
699 
66 
504 
407 
142 
214 
949 
598 
1007 
1029 
1060 
263 
742 
743 
889 
725 
519 
57 
831 
577 
813 
126 
800 
712 
789 
301 
744 
158 
834 
682 
164 
113 
444 
24 
390 
863 
295 
40 
531 
39 
514 
460 
824 
319 
129 
872 
961 
604 
938 
226 
552 
466 
946 
958 
611 
341 
152 
14 
1028 
11 
438 
1005 
572 
2 
277 
1021 
211 
566 
274 
937 
178 
188 
576 
956 
340 
411 
26 
123 
874 
1010 
254 
443 
397 
37 
839 
630 
553 
1002 
1037 
621 
628 
204 
50 
1024 
772 
29 
952 
976 
18 
17 
79 
1054 
930 
339 
106 
693 
751 
115 
990 
561 
54 
893 
452 
762 
359 
1019 
849 
130 
96 
974 
1011 
546 
314 
820 
939 
890 
704 
508 
779 
698 
837 
854 
404 
161 
479 
574 
503 
253 
947 
119 
418 
498 
542 
40 
853 
798 
968 
474 
539 
68 
983 
915 
183 
434 
928 
353 
291 
93 
97 
920 
591 
453 
887 
373 
868 
899 
324 
517 
28 
459 
711 
71 
822 
221 
157 
1042 
746 
632 
84 
45 
992 
1050 
293 
259 
510 
986 
780 
67 
333 
761 
565 
262 
1057 
882 
483 
567 
514 
438 
426 
612 
857 
207 
961 
850 
817 
938 
813 
732 
846 
848 
362 
59 
511 
145 
357 
325 
86 
344 
911 
959 
213 
788 
725 
1033 
255 
1040 
948 
528 
615 
549 
547 
277 
844 
337 
23 
795 
120 
800 
338 
458 
142 
847 
935 
998 
422 
381 
109 
471 
1060 
703 
185 
233 
545 
156 
188 
582 
680 
894 
585 
321 
416 
534 
389 
414 
160 
403 
922 
621 
487 
1014 
393 
856 
66 
695 
29 
1020 
241 
493 
685 
839 
633 
972 
427 
175 
665 
1044 
488 
141 
214 
122 
349 
432 
735 
598 
41 
485 
1008 
774 
586 
710 
990 
924 
824 
577 
869 
322 
1037 
419 
821 
374 
464 
792 
833 
134 
626 
1036 
388 
211 
361 
412 
721 
380 
494 
269 
323 
812 
251 
781 
658 
72 
154 
392 
429 
291 
215 
843 
98 
206 
689 
423 
568 
794 
3 
67 
697 
989 
218 
709 
151 
999 
140 
905 
890 
272 
303 
476 
285 
287 
638 
1059 
613 
953 
862 
793 
802 
64 
782 
963 
192 
652 
886 
9 
997 
130 
609 
715 
581 
390 
402 
39 
952 
819 
692 
177 
967 
94 
437 
973 
873 
55 
2 
504 
163 
184 
15 
1016 
713 
756 
334 
993 
471 
747 
397 
567 
737 
854 
601 
517 
168 
196 
131 
426 
45 
555 
576 
138 
320 
639 
420 
329 
375 
895 
678 
649 
445 
309 
668 
174 
787 
877 
842 
987 
790 
112 
791 
431 
217 
599 
450 
454 
382 
365 
99 
68 
83 
250 
330 
71 
484 
339 
891 
333 
590 
461 
641 
478 
786 
206 
252 
700 
290 
277 
259 
455 
1043 
617 
632 
511 
456 
939 
896 
703 
231 
225 
759 
108 
1002 
544 
642 
302 
885 
900 
308 
87 
503 
934 
518 
492 
523 
154 
1018 
328 
686 
391 
219 
524 
262 
879 
1013 
659 
223 
773 
509 
848 
482 
85 
780 
1038 
984 
563 
136 
1047 
777 
107 
325 
960 
784 
717 
50 
117 
744 
675 
520 
702 
46 
453 
979 
35 
247 
798 
393 
180 
386 
743 
96 
1030 
408 
594 
326 
853 
337 
1044 
441 
851 
1005 
177 
232 
281 
218 
293 
34 
681 
226 
388 
78 
1001 
591 
199 
466 
734 
15 
977 
990 
413 
912 
552 
480 
355 
298 
652 
338 
832 
352 
317 
933 
868 
525 
383 
69 
440 
867 
820 
925 
427 
195 
554 
815 
911 
99 
428 
106 
185 
988 
434 
710 
127 
998 
401 
862 
836 
706 
859 
459 
346 
626 
913 
316 
519 
671 
123 
497 
75 
561 
516 
707 
826 
457 
435 
555 
631 
738 
266 
976 
300 
640 
888 
510 
656 
1016 
766 
115 
37 
273 
423 
1021 
444 
763 
462 
116 
28 
77 
566 
775 
816 
908 
416 
1018 
134 
262 
611 
565 
974 
460 
209 
545 
41 
918 
121 
578 
711 
619 
490 
24 
1025 
827 
1054 
334 
926 
650 
2 
213 
768 
403 
995 
45 
62 
835 
491 
559 
392 
137 
349 
729 
806 
390 
732 
1020 
331 
455 
674 
276 
296 
708 
301 
607 
828 
396 
474 
464 
109 
235 
867 
986 
321 
829 
950 
418 
430 
712 
914 
942 
198 
522 
506 
225 
612 
324 
1032 
39 
249 
494 
1045 
196 
446 
623 
42 
770 
764 
265 
370 
1028 
365 
108 
832 
489 
658 
645 
508 
43 
431 
865 
811 
747 
1039 
1002 
492 
668 
737 
944 
1047 
971 
1031 
434 
224 
467 
947 
858 
932 
468 
557 
931 
639 
526 
925 
967 
503 
697 
327 
208 
827 
184 
38 
520 
417 
1037 
346 
614 
421 
326 
818 
895 
127 
87 
1061 
53 
884 
948 
689 
707 
55 
21 
852 
144 
994 
333 
1015 
306 
809 
1044 
229 
460 
56 
233 
803 
536 
906 
284 
266 
304 
389 
588 
750 
289 
247 
833 
999 
459 
660 
549 
234 
424 
117 
780 
1026 
528 
953 
560 
893 
292 
344 
454 
633 
902 
395 
14 
484 
643 
32 
627 
189 
90 
364 
291 
420 
608 
839 
529 
610 
176 
735 
9 
760 
985 
30 
667 
891 
33 
815 
1010 
422 
83 
54 
574 
367 
85 
107 
795 
40 
806 
642 
688 
773 
641 
439 
406 
323 
242 
1025 
537 
624 
746 
143 
1023 
37 
473 
201 
1034 
329 
905 
385 
114 
757 
381 
308 
222 
756 
476 
106 
635 
72 
816 
997 
584 
973 
834 
899 
631 
933 
1032 
502 
737 
27 
26 
73 
28 
268 
89 
453 
256 
1005 
661 
218 
100 
570 
77 
249 
300 
61 
729 
165 
626 
544 
334 
942 
908 
142 
618 
338 
868 
864 
928 
1054 
965 
167 
485 
548 
950 
662 
118 
400 
248 
251 
433 
808 
668 
990 
910 
782 
255 
768 
524 
164 
124 
456 
213 
586 
203 
175 
307 
912 
534 
945 
428 
1019 
513 
125 
978 
887 
305 
968 
1001 
332 
835 
854 
452 
799 
85 
827 
71 
10 
715 
916 
272 
894 
736 
1033 
317 
363 
1004 
696 
745 
13 
767 
197 
703 
355 
15 
463 
952 
876 
39 
1003 
571 
302 
209 
832 
460 
418 
858 
390 
551 
121 
353 
672 
567 
1057 
115 
882 
580 
315 
797 
44 
36 
1 
1015 
393 
538 
596 
1007 
259 
421 
373 
582 
320 
993 
19 
867 
264 
238 
620 
552 
505 
7 
69 
68 
777 
215 
994 
250 
103 
500 
462 
399 
1031 
680 
287 
139 
189 
727 
33 
306 
604 
976 
986 
895 
173 
57 
849 
728 
299 
484 
21 
718 
546 
263 
388 
366 
386 
208 
228 
579 
924 
623 
280 
172 
1045 
937 
770 
429 
652 
486 
921 
325 
557 
554 
508 
547 
850 
841 
73 
269 
333 
1009 
414 
695 
666 
733 
693 
147 
158 
906 
722 
935 
814 
413 
713 
592 
741 
883 
501 
803 
536 
1035 
948 
837 
303 
309 
273 
270 
216 
319 
5 
192 
998 
64 
449 
953 
30 
454 
184 
581 
337 
457 
977 
213 
779 
819 
730 
222 
12 
714 
1028 
227 
49 
438 
902 
1014 
417 
143 
932 
615 
267 
611 
489 
827 
161 
0 
951 
820 
788 
821 
795 
130 
317 
169 
521 
995 
710 
119 
434 
349 
607 
1032 
109 
526 
439 
589 
66 
860 
456 
744 
374 
676 
806 
870 
80 
842 
175 
20 
614 
290 
133 
507 
252 
406 
297 
257 
855 
249 
796 
618 
70 
931 
139 
426 
950 
28 
214 
166 
825 
1015 
242 
982 
240 
833 
298 
703 
402 
307 
715 
807 
411 
638 
1002 
13 
1001 
636 
77 
356 
674 
533 
1036 
260 
944 
829 
255 
128 
540 
942 
764 
725 
601 
639 
921 
226 
956 
274 
114 
483 
370 
102 
314 
757 
473 
745 
684 
191 
846 
210 
224 
174 
325 
382 
504 
1033 
572 
631 
720 
558 
510 
26 
734 
1005 
308 
467 
284 
672 
359 
641 
967 
345 
59 
487 
1037 
595 
54 
621 
1016 
482 
381 
867 
593 
285 
554 
324 
416 
889 
583 
23 
530 
743 
902 
150 
431 
90 
428 
590 
279 
213 
794 
1044 
536 
489 
25 
349 
768 
91 
848 
103 
396 
69 
312 
1029 
515 
925 
142 
882 
549 
10 
68 
658 
619 
93 
236 
930 
323 
973 
719 
989 
662 
198 
394 
246 
1035 
182 
403 
463 
1012 
728 
843 
1048 
569 
45 
421 
484 
430 
818 
189 
287 
823 
508 
994 
850 
47 
313 
332 
711 
316 
94 
179 
801 
667 
936 
12 
410 
196 
959 
712 
357 
612 
791 
341 
713 
738 
162 
699 
268 
56 
1059 
539 
905 
860 
234 
770 
552 
485 
809 
331 
488 
1052 
875 
714 
853 
890 
215 
419 
15 
254 
200 
779 
916 
854 
909 
692 
550 
311 
759 
498 
906 
584 
622 
60 
118 
900 
660 
107 
1040 
33 
84 
790 
67 
684 
607 
961 
168 
983 
299 
407 
520 
572 
99 
75 
765 
455 
156 
639 
134 
911 
1031 
251 
647 
470 
796 
815 
611 
21 
965 
384 
680 
495 
922 
941 
686 
166 
917 
1046 
385 
493 
1002 
375 
935 
183 
605 
352 
625 
1056 
810 
513 
954 
821 
1043 
785 
122 
705 
571 
333 
529 
575 
518 
97 
997 
524 
329 
546 
68 
159 
925 
1019 
581 
276 
561 
447 
212 
969 
98 
490 
998 
231 
95 
492 
350 
1023 
918 
1012 
527 
338 
445 
865 
539 
282 
929 
330 
691 
266 
947 
413 
391 
640 
54 
422 
877 
479 
332 
372 
500 
141 
589 
800 
160 
369 
53 
114 
957 
151 
466 
91 
658 
109 
192 
624 
219 
678 
1036 
608 
833 
612 
63 
146 
476 
848 
657 
535 
440 
214 
793 
687 
876 
648 
747 
804 
629 
74 
934 
838 
761 
885 
963 
1051 
862 
193 
443 
694 
326 
178 
882 
242 
844 
358 
742 
836 
348 
452 
1014 
948 
381 
111 
685 
730 
1052 
240 
291 
696 
871 
1033 
228 
171 
569 
819 
1004 
140 
511 
774 
129 
471 
994 
1024 
859 
822 
144 
267 
180 
845 
665 
331 
496 
295 
374 
258 
784 
312 
368 
458 
758 
281 
708 
371 
982 
699 
817 
1008 
271 
928 
305 
51 
599 
680 
549 
650 
820 
55 
60 
841 
438 
854 
543 
824 
1060 
746 
815 
767 
683 
603 
165 
725 
770 
360 
1029 
579 
126 
292 
181 
763 
347 
298 
137 
1031 
461 
829 
247 
828 
698 
383 
1027 
518 
946 
110 
319 
268 
914 
96 
334 
689 
944 
136 
691 
21 
287 
529 
900 
645 
802 
9 
883 
992 
843 
687 
703 
677 
185 
608 
103 
254 
565 
252 
772 
145 
492 
953 
985 
468 
487 
755 
249 
499 
653 
315 
352 
41 
590 
243 
7 
712 
422 
424 
593 
341 
191 
224 
477 
225 
534 
627 
678 
945 
26 
138 
421 
456 
601 
410 
372 
429 
320 
118 
785 
1009 
886 
501 
879 
1017 
172 
302 
67 
524 
807 
494 
146 
640 
324 
810 
391 
502 
66 
674 
270 
733 
376 
806 
407 
91 
426 
907 
293 
109 
309 
285 
127 
666 
36 
846 
664 
908 
25 
124 
430 
813 
390 
956 
546 
934 
614 
676 
256 
950 
553 
16 
570 
558 
922 
143 
837 
967 
78 
912 
630 
1016 
382 
556 
92 
332 
655 
229 
567 
414 
452 
610 
526 
17 
804 
12 
948 
704 
217 
962 
681 
986 
901 
46 
475 
566 
176 
508 
182 
498 
913 
954 
894 
265 
867 
757 
33 
920 
2 
734 
338 
1034 
557 
512 
403 
1028 
321 
107 
731 
897 
695 
656 
830 
240 
154 
18 
474 
746 
748 
796 
122 
129 
599 
34 
812 
678 
633 
559 
899 
686 
106 
569 
137 
483 
555 
583 
949 
26 
334 
28 
839 
439 
95 
365 
616 
4 
963 
1036 
639 
200 
219 
147 
958 
646 
951 
885 
315 
368 
816 
281 
149 
627 
387 
535 
461 
545 
970 
1058 
276 
100 
729 
880 
618 
1001 
531 
1039 
730 
926 
534 
191 
97 
614 
280 
981 
190 
303 
1000 
234 
546 
380 
442 
148 
105 
987 
562 
86 
621 
865 
486 
318 
113 
526 
19 
71 
650 
1004 
675 
575 
847 
151 
574 
944 
960 
431 
967 
914 
511 
882 
642 
1010 
572 
604 
192 
435 
919 
619 
760 
499 
878 
388 
267 
688 
609 
774 
761 
489 
91 
586 
663 
55 
458 
290 
351 
176 
837 
22 
523 
141 
717 
952 
494 
418 
310 
128 
15 
207 
1029 
319 
1050 
509 
161 
933 
873 
184 
528 
521 
811 
778 
937 
464 
703 
74 
438 
1060 
332 
398 
444 
807 
1 
1022 
89 
12 
1018 
912 
378 
822 
381 
744 
711 
859 
544 
80 
648 
1055 
550 
397 
976 
293 
1012 
248 
342 
943 
140 
1023 
304 
564 
67 
133 
1061 
668 
107 
368 
907 
553 
585 
672 
454 
520 
53 
889 
5 
922 
390 
843 
260 
674 
6 
448 
57 
330 
502 
1013 
285 
345 
613 
469 
194 
79 
948 
958 
660 
392 
683 
767 
82 
814 
709 
946 
1011 
598 
410 
507 
1031 
471 
143 
259 
25 
90 
363 
163 
64 
166 
508 
541 
68 
219 
762 
491 
966 
488 
998 
160 
930 
214 
996 
535 
641 
899 
664 
246 
165 
170 
639 
426 
93 
421 
651 
790 
733 
431 
980 
425 
947 
634 
568 
379 
785 
372 
354 
686 
152 
172 
289 
296 
400 
331 
684 
797 
589 
555 
628 
142 
352 
86 
766 
769 
270 
687 
269 
777 
151 
489 
406 
694 
195 
900 
861 
1028 
881 
929 
706 
617 
199 
516 
659 
359 
70 
55 
239 
619 
146 
760 
244 
627 
1037 
91 
880 
991 
198 
403 
968 
629 
819 
365 
960 
973 
796 
895 
752 
312 
30 
905 
655 
136 
737 
976 
618 
58 
420 
284 
875 
1001 
831 
525 
125 
176 
1040 
233 
741 
670 
38 
975 
518 
807 
206 
713 
855 
371 
436 
1041 
387 
533 
755 
743 
912 
918 
600 
95 
668 
962 
98 
909 
115 
671 
585 
338 
65 
1022 
446 
722 
840 
725 
456 
943 
549 
731 
540 
327 
623 
1021 
266 
102 
108 
490 
802 
804 
77 
557 
669 
699 
704 
931 
79 
507 
728 
907 
305 
1033 
621 
884 
458 
12 
710 
26 
934 
649 
765 
534 
139 
201 
863 
767 
676 
173 
433 
232 
614 
188 
185 
34 
544 
569 
526 
344 
229 
667 
149 
14 
217 
114 
527 
626 
847 
69 
748 
611 
554 
495 
707 
588 
563 
1029 
643 
267 
682 
356 
1018 
1056 
624 
917 
298 
313 
862 
772 
422 
536 
750 
337 
572 
461 
968 
879 
23 
504 
546 
183 
645 
317 
999 
247 
402 
105 
190 
75 
777 
157 
870 
68 
564 
496 
225 
189 
858 
678 
113 
1044 
215 
616 
535 
759 
256 
501 
871 
641 
355 
89 
429 
732 
604 
187 
807 
363 
341 
306 
418 
986 
753 
590 
218 
0 
140 
1028 
601 
966 
389 
797 
566 
8 
268 
70 
677 
42 
4 
59 
57 
890 
895 
1059 
956 
662 
197 
462 
210 
644 
79 
763 
354 
846 
633 
375 
631 
886 
40 
997 
699 
828 
711 
311 
219 
167 
991 
302 
174 
710 
990 
849 
329 
490 
1008 
795 
106 
165 
100 
555 
399 
605 
51 
96 
460 
326 
1035 
60 
561 
785 
122 
483 
799 
392 
27 
926 
1042 
548 
207 
824 
303 
780 
452 
831 
506 
142 
1048 
745 
1017 
776 
34 
941 
1003 
958 
961 
735 
489 
211 
214 
1006 
843 
897 
615 
904 
859 
679 
150 
264 
44 
791 
973 
414 
471 
494 
689 
668 
979 
970 
291 
936 
364 
223 
713 
22 
444 
487 
508 
517 
955 
976 
145 
260 
539 
409 
442 
540 
447 
16 
804 
74 
443 
589 
400 
649 
85 
340 
472 
575 
939 
63 
681 
733 
37 
867 
877 
281 
692 
479 
742 
289 
636 
137 
234 
588 
176 
950 
428 
5 
391 
812 
35 
0 
433 
368 
782 
301 
140 
746 
905 
205 
265 
709 
158 
455 
984 
921 
501 
498 
814 
141 
769 
813 
170 
851 
83 
322 
691 
962 
1053 
737 
868 
684 
844 
662 
29 
504 
378 
808 
1023 
48 
372 
1029 
128 
288 
25 
729 
326 
640 
282 
349 
884 
1055 
577 
887 
894 
516 
801 
8 
177 
839 
189 
217 
476 
786 
1037 
1032 
313 
658 
822 
293 
815 
320 
261 
478 
200 
717 
818 
694 
787 
942 
164 
584 
337 
978 
90 
302 
876 
630 
492 
521 
133 
596 
1060 
506 
380 
961 
661 
213 
710 
451 
457 
130 
449 
542 
131 
536 
629 
806 
803 
86 
57 
795 
689 
212 
51 
637 
228 
946 
856 
329 
617 
436 
925 
932 
361 
370 
601 
873 
126 
855 
31 
1001 
540 
5 
432 
773 
209 
110 
113 
594 
670 
68 
911 
671 
226 
889 
524 
500 
294 
186 
169 
878 
568 
486 
756 
311 
216 
11 
425 
104 
869 
699 
716 
255 
746 
572 
389 
455 
359 
446 
283 
348 
22 
325 
230 
323 
214 
523 
1010 
396 
333 
1034 
914 
721 
763 
566 
846 
75 
547 
63 
989 
933 
544 
253 
644 
688 
781 
747 
201 
793 
178 
474 
223 
772 
41 
403 
292 
695 
267 
986 
236 
60 
522 
788 
774 
435 
196 
106 
910 
4 
515 
227 
118 
915 
152 
274 
645 
99 
941 
147 
768 
330 
114 
443 
250 
198 
885 
1022 
17 
184 
308 
743 
488 
974 
703 
751 
881 
882 
1049 
641 
49 
116 
2 
958 
84 
365 
170 
1048 
421 
1057 
759 
1028 
245 
525 
119 
840 
231 
1000 
208 
1038 
423 
849 
819 
1004 
967 
366 
520 
623 
38 
485 
962 
734 
574 
1014 
675 
404 
133 
144 
1037 
33 
612 
477 
153 
232 
676 
436 
58 
364 
136 
552 
903 
1060 
251 
318 
581 
913 
344 
652 
867 
606 
43 
936 
1015 
140 
191 
256 
909 
829 
382 
394 
579 
815 
1052 
457 
697 
647 
146 
893 
197 
563 
331 
713 
195 
350 
448 
932 
711 
929 
562 
168 
78 
804 
45 
812 
285 
955 
576 
481 
535 
830 
117 
933 
794 
260 
889 
791 
393 
444 
544 
664 
724 
1053 
189 
839 
138 
870 
993 
997 
145 
696 
795 
15 
60 
454 
727 
638 
810 
1021 
150 
705 
790 
850 
242 
165 
342 
715 
991 
182 
266 
291 
529 
818 
338 
736 
786 
524 
561 
848 
750 
290 
626 
1044 
897 
390 
977 
584 
315 
735 
833 
710 
501 
112 
97 
756 
267 
1055 
295 
1001 
335 
1016 
193 
984 
907 
445 
467 
1033 
469 
371 
783 
894 
270 
103 
37 
83 
107 
177 
222 
450 
420 
980 
20 
257 
99 
298 
210 
186 
957 
324 
506 
902 
8 
733 
435 
585 
373 
613 
255 
86 
1028 
91 
803 
546 
864 
642 
741 
1025 
304 
683 
330 
961 
41 
241 
293 
558 
621 
940 
533 
748 
963 
332 
749 
154 
527 
827 
2 
855 
48 
684 
1013 
716 
286 
575 
392 
475 
809 
782 
699 
594 
1005 
239 
768 
646 
358 
661 
898 
1057 
120 
896 
106 
333 
301 
595 
259 
114 
274 
692 
838 
800 
187 
658 
593 
972 
851 
430 
693 
625 
622 
204 
619 
573 
68 
856 
878 
996 
559 
770 
282 
197 
922 
788 
1050 
1020 
712 
289 
1000 
147 
382 
978 
629 
962 
128 
897 
362 
468 
256 
586 
80 
504 
765 
714 
164 
261 
766 
999 
552 
577 
596 
1010 
38 
39 
709 
231 
102 
740 
522 
421 
6 
112 
544 
489 
834 
816 
929 
490 
867 
452 
281 
169 
1039 
322 
648 
460 
440 
721 
1047 
295 
386 
808 
824 
1041 
371 
942 
686 
507 
418 
118 
718 
633 
589 
752 
1031 
1016 
830 
129 
81 
131 
151 
457 
767 
22 
292 
724 
345 
500 
411 
342 
447 
888 
383 
979 
318 
1012 
746 
290 
43 
25 
891 
742 
759 
536 
669 
757 
528 
957 
280 
11 
324 
670 
223 
36 
13 
51 
677 
987 
356 
730 
384 
152 
85 
969 
614 
234 
1046 
951 
781 
294 
377 
1003 
379 
37 
627 
133 
792 
156 
615 
1051 
842 
840 
564 
989 
571 
310 
337 
585 
717 
764 
871 
277 
649 
246 
839 
731 
388 
481 
553 
297 
593 
204 
79 
874 
221 
517 
170 
984 
635 
76 
73 
283 
409 
968 
1030 
981 
115 
103 
109 
872 
985 
636 
948 
732 
782 
406 
174 
963 
991 
821 
525 
727 
853 
238 
211 
341 
33 
217 
41 
617 
405 
286 
382 
484 
862 
222 
913 
1026 
690 
623 
666 
769 
89 
462 
350 
1048 
451 
964 
148 
329 
638 
880 
597 
1004 
903 
743 
376 
682 
