0.018200 
0.020800 
0.023700 
0.030100 
0.037400 
0.038100 
0.041500 
0.042500 
0.043300 
0.046800 
0.049800 
0.050500 
0.052900 
0.053100 
0.054700 
0.056100 
0.059900 
0.059900 
0.067800 
0.068500 
0.073600 
0.075400 
0.078500 
0.084300 
0.084700 
0.085400 
0.085700 
0.090000 
0.091800 
0.093200 
0.094600 
0.094700 
0.095000 
0.095600 
0.100500 
0.102100 
0.104800 
0.115700 
0.118600 
0.123400 
0.124600 
0.128300 
0.131300 
0.131800 
0.133200 
0.133500 
0.136500 
0.137100 
0.137400 
0.140300 
0.140900 
0.143200 
0.144100 
0.144400 
0.147200 
0.147300 
0.150400 
0.152700 
0.156100 
0.157400 
0.159200 
0.160500 
0.164400 
0.167700 
0.168400 
0.169100 
0.175300 
0.178100 
0.180000 
0.183200 
0.183800 
0.184400 
0.185000 
0.187000 
0.187700 
0.189800 
0.190500 
0.190800 
0.193000 
0.193600 
0.194100 
0.198000 
0.200700 
0.203900 
0.206500 
0.206900 
0.207600 
0.213900 
0.216400 
0.217600 
0.219400 
0.222600 
0.224500 
0.224700 
0.235200 
0.235600 
0.237500 
0.237800 
0.240400 
0.241000 
0.243300 
0.244700 
0.245700 
0.253300 
0.253900 
0.254000 
0.257400 
0.258800 
0.260200 
0.261400 
0.262900 
0.266300 
0.267200 
0.269400 
0.270600 
0.273500 
0.275600 
0.276100 
0.277200 
0.279900 
0.280500 
0.280900 
0.281800 
0.282400 
0.283500 
0.285300 
0.285800 
0.287500 
0.289000 
0.290600 
0.291500 
0.291800 
0.295200 
0.299400 
0.301100 
0.302300 
0.303300 
0.303800 
0.304000 
0.307300 
0.309100 
0.309100 
0.311200 
0.312200 
0.313900 
0.314800 
0.316200 
0.320200 
0.326200 
0.327700 
0.328100 
0.328200 
0.330500 
0.330600 
0.331600 
0.336000 
0.351600 
0.355000 
0.356700 
0.358800 
0.363800 
0.366000 
0.366700 
0.367800 
0.370100 
0.375100 
0.377800 
0.377900 
0.382100 
0.385900 
0.386700 
0.387600 
0.387900 
0.388100 
0.394300 
0.397400 
0.408800 
0.408900 
0.409100 
0.409700 
0.412200 
0.415500 
0.418600 
0.418600 
0.423000 
0.423800 
0.425100 
0.425300 
0.425900 
0.427200 
0.427700 
0.428600 
0.429800 
0.432800 
0.433800 
0.434800 
0.437100 
0.438900 
0.439200 
0.440400 
0.443000 
0.444600 
0.448400 
0.450100 
0.451900 
0.452400 
0.457000 
0.457200 
0.459700 
0.465300 
0.465900 
0.468200 
0.472800 
0.477300 
0.479400 
0.482200 
0.483100 
0.483600 
0.487200 
0.488800 
0.489000 
0.490100 
0.498800 
0.499600 
0.500600 
0.505200 
0.505400 
0.505800 
0.506000 
0.507200 
0.507400 
0.512400 
0.512400 
0.514000 
0.515200 
0.515700 
0.519900 
0.521200 
0.525700 
0.526700 
0.527300 
0.532600 
0.535000 
0.538700 
0.539700 
0.540500 
0.540800 
0.540800 
0.543700 
0.548100 
0.549900 
0.553900 
0.554700 
0.556500 
0.557400 
0.557700 
0.559300 
0.561400 
0.566200 
0.568600 
0.568700 
0.569600 
0.571900 
0.574600 
0.574600 
0.576000 
0.580300 
0.583100 
0.584000 
0.584500 
0.586100 
0.586200 
0.588900 
0.592000 
0.593600 
0.594700 
0.602200 
0.603400 
0.603800 
0.605100 
0.606400 
0.610700 
0.611200 
0.613900 
0.615400 
0.618100 
0.621300 
0.623100 
0.627700 
0.628400 
0.630000 
0.630100 
0.630100 
0.630200 
0.633100 
0.638800 
0.640200 
0.640900 
0.642200 
0.644700 
0.646200 
0.646200 
0.646700 
0.647300 
0.651400 
0.652900 
0.657500 
0.658500 
0.660100 
0.661100 
0.661700 
0.662100 
0.662300 
0.665700 
0.665700 
0.667600 
0.668900 
0.673600 
0.674800 
0.676900 
0.678100 
0.681300 
0.683000 
0.683800 
0.687800 
0.689000 
0.691600 
0.692700 
0.695400 
0.697500 
0.699100 
0.699400 
0.701100 
0.702000 
0.702800 
0.704300 
0.706700 
0.708900 
0.709600 
0.710800 
0.713700 
0.713900 
0.714400 
0.715000 
0.715600 
0.716200 
0.719900 
0.723500 
0.732600 
0.741300 
0.744500 
0.744900 
0.745000 
0.751400 
0.752100 
0.753400 
0.756200 
0.758300 
0.758600 
0.758800 
0.759100 
0.759800 
0.759900 
0.764600 
0.769100 
0.770400 
0.772600 
0.774600 
0.783000 
0.784600 
0.785400 
0.786700 
0.790500 
0.791700 
0.793700 
0.795800 
0.800300 
0.801600 
0.802200 
0.805300 
0.805400 
0.813000 
0.813900 
0.814200 
0.816600 
0.817100 
0.817100 
0.819500 
0.823500 
0.823900 
0.826000 
0.831700 
0.833000 
0.835600 
0.835900 
0.836700 
0.838800 
0.841400 
0.843700 
0.845500 
0.849500 
0.849600 
0.850000 
0.853700 
0.855200 
0.857200 
0.859700 
0.860700 
0.860900 
0.861600 
0.861900 
0.867700 
0.867700 
0.869000 
0.872700 
0.874200 
0.874600 
0.875100 
0.875600 
0.876700 
0.882800 
0.883100 
0.883100 
0.884000 
0.885000 
0.885500 
0.885500 
0.890000 
0.890500 
0.891900 
0.893000 
0.894200 
0.894800 
0.896000 
0.897200 
0.897900 
0.901000 
0.904700 
0.915800 
0.915900 
0.916100 
0.917000 
0.918100 
0.919500 
0.921200 
0.922500 
0.922900 
0.923500 
0.923600 
0.925000 
0.925500 
0.930800 
0.933700 
0.934100 
0.934500 
0.937900 
0.940700 
0.942000 
0.944500 
0.944500 
0.947700 
0.949300 
0.950100 
0.957900 
0.959600 
0.960000 
0.963300 
0.963800 
0.964800 
0.965900 
0.965900 
0.967900 
0.971700 
0.976500 
0.978000 
0.978400 
0.979700 
0.981100 
0.982100 
0.982400 
0.982500 
0.983100 
0.984400 
0.987100 
0.988200 
0.992100 
0.992100 
0.996400 
0.997500 
0.998900 
0.999500 
0.999800 
1.000200 
1.000200 
1.005700 
1.007900 
1.009700 
1.010000 
1.010000 
1.012900 
1.013500 
1.013600 
1.015200 
1.017400 
1.018200 
1.019200 
1.020100 
1.020500 
1.020700 
1.021200 
1.023100 
1.023600 
1.024400 
1.025400 
1.025800 
1.027400 
1.031300 
1.031700 
1.033500 
1.035500 
1.037300 
1.038600 
1.040900 
1.042100 
1.042600 
1.043500 
1.044000 
1.044800 
1.045500 
1.045900 
1.046500 
1.047200 
1.047400 
1.048500 
1.048800 
1.049900 
1.050300 
1.050500 
1.050900 
1.050900 
1.051900 
1.052200 
1.052200 
1.052300 
1.052800 
1.053600 
1.054600 
1.055500 
1.055600 
1.056100 
1.057000 
1.059400 
1.060600 
1.061400 
1.061900 
1.066900 
1.067200 
1.067800 
1.068000 
1.069100 
1.070300 
1.070300 
1.070600 
1.070600 
1.071300 
1.071600 
1.071700 
1.071800 
1.072700 
1.076500 
1.077700 
1.078500 
1.081000 
1.081100 
1.083000 
1.083300 
1.084500 
1.086400 
1.086800 
1.086800 
1.087200 
1.090300 
1.091700 
1.091800 
1.094700 
1.095200 
1.095900 
1.096100 
1.097600 
1.099900 
1.100500 
1.101000 
1.102100 
1.102400 
1.103400 
1.104900 
1.105200 
1.106300 
1.106500 
1.107200 
1.107800 
1.109500 
1.109600 
1.114200 
1.118900 
1.119200 
1.119900 
1.122100 
1.123600 
1.123900 
1.123900 
1.124000 
1.125200 
1.125300 
1.125500 
1.125700 
1.126300 
1.128900 
1.129700 
1.130600 
1.130600 
1.130900 
1.131100 
1.131300 
1.131600 
1.132700 
1.134800 
1.136600 
1.136900 
1.137900 
1.138000 
1.138400 
1.140000 
1.140200 
1.141200 
1.142700 
1.144400 
1.146300 
1.147000 
1.149000 
1.151900 
1.153900 
1.155000 
1.155400 
1.156200 
1.157100 
1.157100 
1.157300 
1.157500 
1.157500 
1.158000 
1.158300 
1.158900 
1.159000 
1.159500 
1.160000 
1.160000 
1.161400 
1.161600 
1.161700 
1.162100 
1.162500 
1.165200 
1.167200 
1.170600 
1.170800 
1.170900 
1.172900 
1.173100 
1.173600 
1.174500 
1.175500 
1.176600 
1.176800 
1.177400 
1.178700 
1.179200 
1.179600 
1.181200 
1.181700 
1.184500 
1.185100 
1.185500 
1.188500 
1.189500 
1.189500 
1.191600 
1.194600 
1.195100 
1.195300 
1.196800 
1.196800 
1.197600 
1.198400 
1.200300 
1.201600 
1.201800 
1.202600 
1.205100 
1.206700 
1.207000 
1.209800 
1.209900 
1.212500 
1.213100 
1.213600 
1.213600 
1.214200 
1.220000 
1.220600 
1.223300 
1.223300 
1.223700 
1.223700 
1.224500 
1.225600 
1.229200 
1.230600 
1.231500 
1.234200 
1.234600 
1.235500 
1.235600 
1.238100 
1.238200 
1.238900 
1.239200 
1.239600 
1.240000 
1.243300 
1.244300 
1.245700 
1.246000 
1.246200 
1.249400 
1.251800 
1.253600 
1.254400 
1.255900 
1.255900 
1.256700 
1.257200 
1.257300 
1.257500 
1.257600 
1.257700 
1.257900 
1.259900 
1.260000 
1.260100 
1.260300 
1.260500 
1.261700 
1.263100 
1.263900 
1.264200 
1.264500 
1.265400 
1.265700 
1.266500 
1.266600 
1.267300 
1.267500 
1.269000 
1.270600 
1.271400 
1.272400 
1.273000 
1.273900 
1.274000 
1.275100 
1.278100 
1.282200 
1.283600 
1.284100 
1.284600 
1.284800 
1.285200 
1.285800 
1.286600 
1.288100 
1.288200 
1.288300 
1.288600 
1.289600 
1.290000 
1.290400 
1.291400 
1.291500 
1.293000 
1.293700 
1.294300 
1.295100 
1.295100 
1.296800 
1.297000 
1.297000 
1.297200 
1.297600 
1.298200 
1.300000 
1.300100 
1.300400 
1.300400 
1.303100 
1.303300 
1.303700 
1.303900 
1.307100 
1.309100 
1.309600 
1.310400 
1.311200 
1.311400 
1.311600 
1.313400 
1.313800 
1.314100 
1.316000 
1.316600 
1.318300 
1.318500 
1.320500 
1.320600 
1.321200 
1.322600 
1.324200 
1.325000 
1.325600 
1.326400 
1.334400 
1.335300 
1.335900 
1.335900 
1.336100 
1.338000 
1.338200 
1.338200 
1.338400 
1.339300 
1.339800 
1.340500 
1.341800 
1.342200 
1.344300 
1.344500 
1.347600 
1.348900 
1.349400 
1.349500 
1.349800 
1.350400 
1.353700 
1.355100 
1.356100 
1.359500 
1.359700 
1.360100 
1.360200 
1.360500 
1.360500 
1.360500 
1.361300 
1.361700 
1.362800 
1.365400 
1.367100 
1.368700 
1.369600 
1.370000 
1.370800 
1.371300 
1.371800 
1.373400 
1.373800 
1.374200 
1.374300 
1.374700 
1.376400 
1.376900 
1.377200 
1.378800 
1.379400 
1.380500 
1.382000 
1.382400 
1.383200 
1.384100 
1.385100 
1.386800 
1.387800 
1.387900 
1.392700 
1.393400 
1.393400 
1.394000 
1.395500 
1.396800 
1.397300 
1.398200 
1.398400 
1.399000 
1.399900 
1.399900 
1.400000 
1.402700 
1.403600 
1.403900 
1.404900 
1.405200 
1.409300 
1.410300 
1.410500 
1.410900 
1.411200 
1.411800 
1.412700 
1.416700 
1.417000 
1.417200 
1.417800 
1.419000 
1.419400 
1.419700 
1.420200 
1.420700 
1.422100 
1.424800 
1.425900 
1.426400 
1.427200 
1.427200 
1.430200 
1.431000 
1.431200 
1.432200 
1.432400 
1.433600 
1.433700 
1.435500 
1.436000 
1.438100 
1.440100 
1.441100 
1.441200 
1.441300 
1.442000 
1.442100 
1.442400 
1.443000 
1.443800 
1.443900 
1.444300 
1.444600 
1.446100 
1.447200 
1.449100 
1.451100 
1.451400 
1.452900 
1.454700 
1.455500 
1.456100 
1.456600 
1.458200 
1.459000 
1.460100 
1.462400 
1.463100 
1.463900 
1.465600 
1.466100 
1.466700 
1.467500 
1.467900 
1.468000 
1.468500 
1.469100 
1.469800 
1.470300 
1.471100 
1.471200 
1.471900 
1.472600 
1.473500 
1.474200 
1.476900 
1.477300 
1.477400 
1.477700 
1.480500 
1.481400 
1.482900 
1.483000 
1.483400 
1.483700 
1.484200 
1.485200 
1.486000 
1.486600 
1.487600 
1.489800 
1.490900 
1.491200 
1.491800 
1.492400 
1.492900 
1.492900 
1.493000 
1.493800 
1.494400 
1.495500 
1.495800 
1.497200 
1.498600 
1.499600 
1.500200 
1.500200 
1.500500 
1.500900 
1.502500 
1.502700 
1.503900 
1.509200 
1.511100 
1.512000 
1.512700 
1.513200 
1.513500 
1.514300 
1.514400 
1.515700 
1.517800 
1.518500 
1.518700 
1.519200 
1.521400 
1.522000 
1.522100 
1.523000 
1.523200 
1.524000 
1.526500 
1.527000 
1.529600 
1.531300 
1.531300 
1.532300 
1.532400 
1.532700 
1.533900 
1.536800 
1.536800 
1.539000 
1.539400 
1.539900 
1.540600 
1.541200 
1.542700 
1.543500 
1.544200 
1.544900 
1.545100 
1.545200 
1.545600 
1.546700 
1.546900 
1.547200 
1.547600 
1.549100 
1.549400 
1.550200 
1.551400 
1.552300 
1.552700 
1.553300 
1.553400 
1.554900 
1.555000 
1.555300 
1.556800 
1.558600 
1.559000 
1.559400 
1.562300 
1.562700 
1.564200 
1.565400 
1.565500 
1.567300 
1.568300 
1.568500 
1.568700 
1.569300 
1.569600 
1.569700 
1.570000 
1.570400 
1.570400 
1.571400 
1.571500 
1.573100 
1.576800 
1.579100 
1.579700 
1.580600 
1.580900 
1.582900 
1.583200 
1.583700 
1.584200 
1.584900 
1.585400 
1.587500 
1.588300 
1.589400 
1.591600 
1.591800 
1.592200 
1.593500 
1.593700 
1.593700 
1.594200 
1.596000 
1.596500 
1.596900 
1.597400 
1.598900 
1.599000 
1.600900 
1.601500 
1.601800 
1.602000 
1.602200 
1.602400 
1.604400 
1.604500 
1.605200 
1.605700 
1.606900 
1.607400 
1.608600 
1.609000 
1.609400 
1.609800 
1.609900 
1.610000 
1.611200 
1.613500 
1.614400 
1.615600 
1.616400 
1.616600 
1.617300 
1.618100 
1.618500 
1.618900 
1.619700 
1.620200 
1.620400 
1.620800 
1.620900 
1.621400 
1.623200 
1.624200 
1.625300 
1.627600 
1.627700 
1.633000 
1.633600 
1.634500 
1.635600 
1.635700 
1.637100 
1.638000 
1.640000 
1.642600 
1.642900 
1.643300 
1.643300 
1.645000 
1.645100 
1.645800 
1.646200 
1.647300 
1.648200 
1.648700 
1.649800 
1.650700 
1.652900 
1.654700 
1.657200 
1.657800 
1.658000 
1.658900 
1.659700 
1.660000 
1.660500 
1.662200 
1.663400 
1.663900 
1.665700 
1.667500 
1.668400 
1.670500 
1.670900 
1.672600 
1.673100 
1.673600 
1.673600 
1.675200 
1.675200 
1.675700 
1.676400 
1.678400 
1.678500 
1.681800 
1.682300 
1.682900 
1.683000 
1.684100 
1.684600 
1.686600 
1.687000 
1.687700 
1.688500 
1.688600 
1.690500 
1.691700 
1.693500 
1.695100 
1.696100 
1.696900 
1.697800 
1.698100 
1.699000 
1.700800 
1.700900 
1.701200 
1.701500 
1.702400 
1.703700 
1.703900 
1.704000 
1.704400 
1.704700 
1.704900 
1.705900 
1.706100 
1.706100 
1.707100 
1.707200 
1.707400 
1.710400 
1.710500 
1.712500 
1.712700 
1.714800 
1.715900 
1.716300 
1.716900 
1.717700 
1.717900 
1.718500 
1.719400 
1.720100 
1.720900 
1.722400 
1.724400 
1.724500 
1.726600 
1.727200 
1.731100 
1.731100 
1.731500 
1.732300 
1.732900 
1.734000 
1.736000 
1.737700 
1.737800 
1.738000 
1.739500 
1.741700 
1.743200 
1.743400 
1.743800 
1.747700 
1.750100 
1.750600 
1.752300 
1.752600 
1.754100 
1.754900 
1.755200 
1.756100 
1.757700 
1.758000 
1.759300 
1.759500 
1.760100 
1.764200 
1.764800 
1.765000 
1.767200 
1.768300 
1.770600 
1.770600 
1.771500 
1.771700 
1.772400 
1.772900 
1.774700 
1.775900 
1.776300 
1.777300 
1.779000 
1.779600 
1.779800 
1.780000 
1.782000 
1.783200 
1.783200 
1.784600 
1.786200 
1.787500 
1.789200 
1.789500 
1.790000 
1.790100 
1.790300 
1.790400 
1.790500 
1.791200 
1.791700 
1.792400 
1.793200 
1.793800 
1.794700 
1.798200 
1.798300 
1.800300 
1.802500 
1.802600 
1.803800 
1.803800 
1.804800 
1.805300 
1.806900 
1.807400 
1.808400 
1.808400 
1.808900 
1.809300 
1.809700 
1.810200 
1.811000 
1.812000 
1.814400 
1.815600 
1.815600 
1.815700 
1.816500 
1.817500 
1.817600 
1.817700 
1.818500 
1.819500 
1.820200 
1.822000 
1.823800 
1.824200 
1.824600 
1.824900 
1.824900 
1.825600 
1.825700 
1.826300 
1.827600 
1.829600 
1.830000 
1.830400 
1.832200 
1.832400 
1.832600 
1.832800 
1.834900 
1.836000 
1.836800 
1.838100 
1.838200 
1.838400 
1.839900 
1.841500 
1.841900 
1.842800 
1.844700 
1.845800 
1.846400 
1.847100 
1.849600 
1.850800 
1.851200 
1.851300 
1.854400 
1.855600 
1.855800 
1.856700 
1.856700 
1.857600 
1.858100 
1.859500 
1.860100 
1.860500 
1.861800 
1.864200 
1.865200 
1.865600 
1.866100 
1.866500 
1.868500 
1.870300 
1.870800 
1.872300 
1.873400 
1.873700 
1.875400 
1.876300 
1.876900 
1.877600 
1.877800 
1.879300 
1.880200 
1.880400 
1.880500 
1.883100 
1.884000 
1.885000 
1.885000 
1.885400 
1.885800 
1.886200 
1.887300 
1.890300 
1.890400 
1.890600 
1.891400 
1.892700 
1.893000 
1.893400 
1.893900 
1.894200 
1.895100 
1.895700 
1.898700 
1.899300 
1.901000 
1.901000 
1.901000 
1.901500 
1.902600 
1.904300 
1.905200 
1.905300 
1.906200 
1.906300 
1.906900 
1.907700 
1.908000 
1.909500 
1.910300 
1.911900 
1.912100 
1.913000 
1.913300 
1.913800 
1.914200 
1.915000 
1.916200 
1.916900 
1.918000 
1.919800 
1.921300 
1.921600 
1.921900 
1.923600 
1.923800 
1.924000 
1.924200 
1.926700 
1.926700 
1.928300 
1.930500 
1.932200 
1.932300 
1.933600 
1.933600 
1.935000 
1.935300 
1.935600 
1.935900 
1.936600 
1.937200 
1.939400 
1.940200 
1.940200 
1.940400 
1.940700 
1.941900 
1.942400 
1.942600 
1.944500 
1.945300 
1.945400 
1.945900 
1.946300 
1.947700 
1.947900 
1.949500 
1.949900 
1.950000 
1.950700 
1.950900 
1.952900 
1.953100 
1.955100 
1.956500 
1.958500 
1.961900 
1.962300 
1.963600 
1.964100 
1.965900 
1.966600 
1.967100 
1.967600 
1.969000 
1.969400 
1.969400 
1.970600 
1.971200 
1.972900 
1.973000 
1.973400 
1.973400 
1.973500 
1.974100 
1.975200 
1.981700 
1.981800 
1.982800 
1.983400 
1.984800 
1.985500 
1.985600 
1.985800 
1.986600 
1.987200 
1.989700 
1.992000 
1.994700 
1.994700 
1.996000 
1.996200 
1.997200 
1.998000 
2.000000 
2.000200 
2.000900 
2.001300 
2.001600 
2.003600 
2.003900 
2.004300 
2.004900 
2.005000 
2.005500 
2.006200 
2.007000 
2.007600 
2.007800 
2.007800 
2.008000 
2.008400 
2.008600 
2.009000 
2.009800 
2.010400 
2.012600 
2.014300 
2.014500 
2.019000 
2.020300 
2.020300 
2.020300 
2.021500 
2.022700 
2.023300 
2.023600 
2.024000 
2.024600 
2.024900 
2.025100 
2.025600 
2.026500 
2.027900 
2.028300 
2.028500 
2.028600 
2.029300 
2.029700 
2.030500 
2.031500 
2.031600 
2.032800 
2.033600 
2.033800 
2.035700 
2.035900 
2.036200 
2.036400 
2.037000 
2.037100 
2.037700 
2.039000 
2.039300 
2.040200 
2.042500 
2.042900 
2.043800 
2.044200 
2.044400 
2.045500 
2.045700 
2.047800 
2.048300 
2.048300 
2.048700 
2.048900 
2.050500 
2.052800 
2.052900 
2.053200 
2.053300 
2.053300 
2.055100 
2.056200 
2.057500 
2.059300 
2.059600 
2.060700 
2.061100 
2.061200 
2.062900 
2.063600 
2.064100 
2.064700 
2.066000 
2.067000 
2.067300 
2.067500 
2.067900 
2.068900 
2.069000 
2.069200 
2.069800 
2.070400 
2.071700 
2.072000 
2.073900 
2.075200 
2.076200 
2.076600 
2.076800 
2.077300 
2.077500 
2.078900 
2.079400 
2.081400 
2.082900 
2.083100 
2.084300 
2.084700 
2.086000 
2.086000 
2.086800 
2.088300 
2.088500 
2.089800 
2.089900 
2.090500 
2.090500 
2.093300 
2.094900 
2.096300 
2.100100 
2.100500 
2.103000 
2.103300 
2.104400 
2.106500 
2.107000 
2.109500 
2.109800 
2.110500 
2.113700 
2.114800 
2.115100 
2.117400 
2.117600 
2.119100 
2.120100 
2.123200 
2.123200 
2.123700 
2.124900 
2.125700 
2.125900 
2.126900 
2.128100 
2.128300 
2.129300 
2.129800 
2.130400 
2.130500 
2.136300 
2.136400 
2.137200 
2.137400 
2.140600 
2.141100 
2.141200 
2.141600 
2.142300 
2.142900 
2.144200 
2.144500 
2.145300 
2.145500 
2.149400 
2.149500 
2.149700 
2.150100 
2.150400 
2.151700 
2.152300 
2.153900 
2.155000 
2.157400 
2.157800 
2.159500 
2.160500 
2.160700 
2.161100 
2.162100 
2.163500 
2.163600 
2.165600 
2.166400 
2.166900 
2.167900 
2.169200 
2.169300 
2.169400 
2.170500 
2.170800 
2.171100 
2.171200 
2.172700 
2.172800 
2.173200 
2.176400 
2.177500 
2.178000 
2.179200 
2.179700 
2.179700 
2.181900 
2.184400 
2.184700 
2.185100 
2.185200 
2.187700 
2.188000 
2.188100 
2.189300 
2.189600 
2.190800 
2.193500 
2.194300 
2.197400 
2.198000 
2.199400 
2.200500 
2.203900 
2.204200 
2.204500 
2.204600 
2.205700 
2.207100 
2.208200 
2.208900 
2.209000 
2.209200 
2.209500 
2.209500 
2.209900 
2.210000 
2.210300 
2.212400 
2.213000 
2.213600 
2.216600 
2.217400 
2.217600 
2.219000 
2.220700 
2.222300 
2.222900 
2.223700 
2.224000 
2.226700 
2.228200 
2.228300 
2.230700 
2.231000 
2.231800 
2.232300 
2.234000 
2.234100 
2.234800 
2.236600 
2.237000 
2.240200 
2.241100 
2.242100 
2.243000 
2.245100 
2.246300 
2.246400 
2.246500 
2.246900 
2.249500 
2.250600 
2.251500 
2.251700 
2.251800 
2.251900 
2.252800 
2.253100 
2.253200 
2.255100 
2.256600 
2.256600 
2.256800 
2.257100 
2.257400 
2.257900 
2.263600 
2.264300 
2.265100 
2.265400 
2.266100 
2.266100 
2.266900 
2.267200 
2.269400 
2.272300 
2.274400 
2.274500 
2.275400 
2.275400 
2.275700 
2.277100 
2.278200 
2.278300 
2.279400 
2.281200 
2.283400 
2.284000 
2.284300 
2.285500 
2.285500 
2.286200 
2.286400 
2.287200 
2.287600 
2.288300 
2.288300 
2.288400 
2.288500 
2.290100 
2.291000 
2.295700 
2.297900 
2.298100 
2.299700 
2.300200 
2.300300 
2.300500 
2.300500 
2.300600 
2.300700 
2.303200 
2.303300 
2.304400 
2.304500 
2.304600 
2.305300 
2.306700 
2.307400 
2.307800 
2.308600 
2.309600 
2.312200 
2.312400 
2.312600 
2.312800 
2.313300 
2.315600 
2.315800 
2.317700 
2.319300 
2.320500 
2.320900 
2.325200 
2.325300 
2.326500 
2.329500 
2.330300 
2.332000 
2.333000 
2.333400 
2.333500 
2.334600 
2.335500 
2.336500 
2.338400 
2.338500 
2.339800 
2.340100 
2.340700 
2.340800 
2.342200 
2.342300 
2.344100 
2.344300 
2.346800 
2.346800 
2.346900 
2.347300 
2.347500 
2.349100 
2.349100 
2.350000 
2.350800 
2.350900 
2.352100 
2.352100 
2.353300 
2.353900 
2.356400 
2.358200 
2.358200 
2.358700 
2.358800 
2.358800 
2.359100 
2.359900 
2.361700 
2.362100 
2.362300 
2.362900 
2.367700 
2.368700 
2.369900 
2.370400 
2.370500 
2.371000 
2.371600 
2.373500 
2.374800 
2.375000 
2.375000 
2.375800 
2.376000 
2.376500 
2.377000 
2.377300 
2.381000 
2.381000 
2.381300 
2.382100 
2.386000 
2.386500 
2.387400 
2.387800 
2.388600 
2.390000 
2.392500 
2.393500 
2.393800 
2.394700 
2.395500 
2.397600 
2.399800 
2.402200 
2.402500 
2.404000 
2.405300 
2.405800 
2.406300 
2.406900 
2.407900 
2.409200 
2.409400 
2.409700 
2.411300 
2.411800 
2.412000 
2.412000 
2.412700 
2.414100 
2.414600 
2.416400 
2.416900 
2.417800 
2.419000 
2.419500 
2.420100 
2.420900 
2.421300 
2.421700 
2.424400 
2.426500 
2.427300 
2.427400 
2.429500 
2.430500 
2.430700 
2.430900 
2.430900 
2.431300 
2.431800 
2.431800 
2.433900 
2.434800 
2.436100 
2.436300 
2.436300 
2.436500 
2.437100 
2.438300 
2.439800 
2.440500 
2.441300 
2.441700 
2.442100 
2.442800 
2.443300 
2.444400 
2.445900 
2.447500 
2.448100 
2.451300 
2.451700 
2.451900 
2.452700 
2.454700 
2.455100 
2.456300 
2.457100 
2.457600 
2.457700 
2.457800 
2.457900 
2.459200 
2.459800 
2.460600 
2.460800 
2.462800 
2.463200 
2.465400 
2.465900 
2.468300 
2.469300 
2.470900 
2.472500 
2.473000 
2.473100 
2.473500 
2.473800 
2.475300 
2.475900 
2.477000 
2.477100 
2.477400 
2.477600 
2.477900 
2.478700 
2.480900 
2.481300 
2.481700 
2.482100 
2.482200 
2.482200 
2.483000 
2.483600 
2.483700 
2.484500 
2.485100 
2.485300 
2.485800 
2.486000 
2.487200 
2.487500 
2.489300 
2.490000 
2.491600 
2.491700 
2.492100 
2.493200 
2.494200 
2.494200 
2.496700 
2.496800 
2.497200 
2.497900 
2.502900 
2.506500 
2.506600 
2.507600 
2.507700 
2.508000 
2.509000 
2.509100 
2.509200 
2.510500 
2.510900 
2.512200 
2.514600 
2.516000 
2.516300 
2.519800 
2.519800 
2.520100 
2.520900 
2.522400 
2.522700 
2.523500 
2.524100 
2.524100 
2.524700 
2.524700 
2.525300 
2.526000 
2.527400 
2.527600 
2.528500 
2.528700 
2.529200 
2.530000 
2.530400 
2.530500 
2.530700 
2.530900 
2.531700 
2.533300 
2.534100 
2.534200 
2.535900 
2.536900 
2.540500 
2.540700 
2.541400 
2.542600 
2.543700 
2.546100 
2.547600 
2.547600 
2.548400 
2.548900 
2.549900 
2.550800 
2.551700 
2.552200 
2.553200 
2.553300 
2.553800 
2.555500 
2.556000 
2.556400 
2.557600 
2.558300 
2.558300 
2.559300 
2.559500 
2.559900 
2.561300 
2.562700 
2.563700 
2.563800 
2.564400 
2.565200 
2.565500 
2.566700 
2.567300 
2.569100 
2.569500 
2.571100 
2.571800 
2.572300 
2.572500 
2.573900 
2.575900 
2.576500 
2.578100 
2.578700 
2.579600 
2.580400 
2.580800 
2.581600 
2.585600 
2.585600 
2.586000 
2.587000 
2.587200 
2.589500 
2.589600 
2.591200 
2.591600 
2.591700 
2.593700 
2.594000 
2.594500 
2.595900 
2.595900 
2.596500 
2.597100 
2.598000 
2.599500 
2.601200 
2.603600 
2.605300 
2.605400 
2.606900 
2.607400 
2.608400 
2.609400 
2.609800 
2.610300 
2.610400 
2.610400 
2.611300 
2.613100 
2.613700 
2.614800 
2.615800 
2.617600 
2.617900 
2.620800 
2.621600 
2.622300 
2.622400 
2.623000 
2.624100 
2.624500 
2.625000 
2.627300 
2.627800 
2.629100 
2.629800 
2.631500 
2.631600 
2.631600 
2.632800 
2.634300 
2.636200 
2.636800 
2.637000 
2.637800 
2.639000 
2.639500 
2.640200 
2.640300 
2.640500 
2.640800 
2.640900 
2.642300 
2.642800 
2.642900 
2.643600 
2.644500 
2.645400 
2.645500 
2.645800 
2.645900 
2.647200 
2.648200 
2.648500 
2.649200 
2.649200 
2.650500 
2.651700 
2.652300 
2.652400 
2.652400 
2.655600 
2.658900 
2.661200 
2.661500 
2.662000 
2.662100 
2.664200 
2.664500 
2.664900 
2.665200 
2.665400 
2.665400 
2.671700 
2.671800 
2.671900 
2.672500 
2.672500 
2.672600 
2.675900 
2.676200 
2.676800 
2.677700 
2.677800 
2.678300 
2.678500 
2.680900 
2.680900 
2.681000 
2.681200 
2.681300 
2.686200 
2.686500 
2.687300 
2.688600 
2.689400 
2.689600 
2.690000 
2.690100 
2.690800 
2.691200 
2.691500 
2.691800 
2.695200 
2.695600 
2.695800 
2.696100 
2.697000 
2.697800 
2.698000 
2.698600 
2.700300 
2.701200 
2.702000 
2.702000 
2.702400 
2.703200 
2.703400 
2.704700 
2.705000 
2.705100 
2.705500 
2.706400 
2.707400 
2.707500 
2.707700 
2.709600 
2.709900 
2.710000 
2.711300 
2.713000 
2.713700 
2.713800 
2.713900 
2.714100 
2.715600 
2.715800 
2.716900 
2.717000 
2.717200 
2.719100 
2.721400 
2.721900 
2.722200 
2.722800 
2.723000 
2.724200 
2.724300 
2.727300 
2.727800 
2.728300 
2.729400 
2.729500 
2.730400 
2.730900 
2.732500 
2.732600 
2.732900 
2.734700 
2.736800 
2.739000 
2.740700 
2.742200 
2.742400 
2.743000 
2.743500 
2.744200 
2.744300 
2.744600 
2.744800 
2.745000 
2.745200 
2.745700 
2.747300 
2.747500 
2.748800 
2.749400 
2.750400 
2.752000 
2.752100 
2.752600 
2.752900 
2.753800 
2.754400 
2.754900 
2.755400 
2.758000 
2.758100 
2.758600 
2.759600 
2.763600 
2.764000 
2.765900 
2.766000 
2.766200 
2.766700 
2.767500 
2.767800 
2.770900 
2.771500 
2.771700 
2.772300 
2.781500 
2.783600 
2.785400 
2.785500 
2.785500 
2.785600 
2.786300 
2.786600 
2.786800 
2.787700 
2.788100 
2.788600 
2.789400 
2.790000 
2.790400 
2.791700 
2.792500 
2.792700 
2.796100 
2.796500 
2.798900 
2.799300 
2.800400 
2.801100 
2.801200 
2.801600 
2.803700 
2.805200 
2.808300 
2.808300 
2.808400 
2.809200 
2.810700 
2.810800 
2.810900 
2.811100 
2.811400 
2.812500 
2.812900 
2.813000 
2.813100 
2.813500 
2.813700 
2.813700 
2.814000 
2.814100 
2.814100 
2.814300 
2.815400 
2.817000 
2.818100 
2.818700 
2.820700 
2.821000 
2.821000 
2.822300 
2.822400 
2.823000 
2.823400 
2.826200 
2.827100 
2.827800 
2.828200 
2.829700 
2.830100 
2.830300 
2.832600 
2.835000 
2.835200 
2.835300 
2.835800 
2.837200 
2.837700 
2.839500 
2.841300 
2.842000 
2.843900 
2.846400 
2.846700 
2.847900 
2.848400 
2.849200 
2.851900 
2.852000 
2.852100 
2.852300 
2.853000 
2.854300 
2.854300 
2.855300 
2.855600 
2.856300 
2.856300 
2.857100 
2.859000 
2.859800 
2.862900 
2.863800 
2.864500 
2.864800 
2.865300 
2.865700 
2.866200 
2.866300 
2.867600 
2.867800 
2.868100 
2.868900 
2.868900 
2.869100 
2.869600 
2.870500 
2.871600 
2.873300 
2.874900 
2.875300 
2.875600 
2.875600 
2.876100 
2.876900 
2.877300 
2.877500 
2.878900 
2.880000 
2.880100 
2.881600 
2.882800 
2.882900 
2.884200 
2.885000 
2.885800 
2.888700 
2.891800 
2.892200 
2.892700 
2.894100 
2.894400 
2.894500 
2.896200 
2.897100 
2.897500 
2.898500 
2.899600 
2.900600 
2.901000 
2.901500 
2.902000 
2.902200 
2.902800 
2.904200 
2.904900 
2.905800 
2.906700 
2.907000 
2.907600 
2.907800 
2.908000 
2.908900 
2.908900 
2.908900 
2.909200 
2.909200 
2.909600 
2.909800 
2.911500 
2.911900 
2.912800 
2.914100 
2.915100 
2.918400 
2.919600 
2.921800 
2.922300 
2.922400 
2.922400 
2.924000 
2.924300 
2.925100 
2.925600 
2.927100 
2.927400 
2.927500 
2.930300 
2.931700 
2.933900 
2.934700 
2.935500 
2.936000 
2.936800 
2.937400 
2.937800 
2.938000 
2.939800 
2.941500 
2.941900 
2.942900 
2.944400 
2.944500 
2.947400 
2.947900 
2.948200 
2.949300 
2.950000 
2.950600 
2.950800 
2.952700 
2.954600 
2.955600 
2.956300 
2.957600 
2.958100 
2.959100 
2.959200 
2.960300 
2.961200 
2.962000 
2.962300 
2.962500 
2.965400 
2.966300 
2.966600 
2.967400 
2.968500 
2.969000 
2.969500 
2.973100 
2.973400 
2.973600 
2.974700 
2.975500 
2.976200 
2.977200 
2.977500 
2.978400 
2.978800 
2.980500 
2.981100 
2.981300 
2.981400 
2.982200 
2.983300 
2.984000 
2.984700 
2.988500 
2.990700 
2.991100 
2.991900 
2.992100 
2.992100 
2.992300 
2.995200 
2.996100 
2.998000 
2.998700 
2.998800 
2.998800 
2.999900 
3.000400 
3.000500 
3.002500 
3.002700 
3.003700 
3.005600 
3.006300 
3.007400 
3.008900 
3.009600 
3.009600 
3.009700 
3.010400 
3.010600 
3.010600 
3.010700 
3.011100 
3.011200 
3.013300 
3.016200 
3.018000 
3.018100 
3.020800 
3.021300 
3.021600 
3.021700 
3.022500 
3.022700 
3.023800 
3.025400 
3.025600 
3.032500 
3.033500 
3.034000 
3.034600 
3.035000 
3.036800 
3.039400 
3.041100 
3.042000 
3.042100 
3.043300 
3.045800 
3.046800 
3.048800 
3.051600 
3.052800 
3.053600 
3.054600 
3.055700 
3.055800 
3.055900 
3.056200 
3.056300 
3.060800 
3.061000 
3.061200 
3.061400 
3.063200 
3.063800 
3.064000 
3.064400 
3.064400 
3.064800 
3.065000 
3.065300 
3.067000 
3.068300 
3.068700 
3.069900 
3.070000 
3.070500 
3.070900 
3.072400 
3.073300 
3.074200 
3.075500 
3.076000 
3.078800 
3.079200 
3.079300 
3.080700 
3.080800 
3.081100 
3.081200 
3.081200 
3.081200 
3.081400 
3.082600 
3.083900 
3.084000 
3.084400 
3.085200 
3.085800 
3.087100 
3.088000 
3.090400 
3.090800 
3.090900 
3.093100 
3.093300 
3.095200 
3.096200 
3.097700 
3.097700 
3.098500 
3.098600 
3.099100 
3.099200 
3.100500 
3.102400 
3.102500 
3.103400 
3.103700 
3.105500 
3.105800 
3.106000 
3.107900 
3.109500 
3.114100 
3.117100 
3.117200 
3.118200 
3.118500 
3.118700 
3.118800 
3.118800 
3.119300 
3.120700 
3.121900 
3.124600 
3.124600 
3.125300 
3.125400 
3.125400 
3.125700 
3.126100 
3.130000 
3.130800 
3.130900 
3.130900 
3.131700 
3.132100 
3.133500 
3.134200 
3.134800 
3.134800 
3.134800 
3.136800 
3.137600 
3.139100 
3.139500 
3.140600 
3.141900 
3.143300 
3.143400 
3.144200 
3.146400 
3.146900 
3.147000 
3.147300 
3.147800 
3.148300 
3.150900 
3.150900 
3.152700 
3.153400 
3.154600 
3.154900 
3.155200 
3.158300 
3.159100 
3.159700 
3.159700 
3.159900 
3.160600 
3.161600 
3.162800 
3.163700 
3.164000 
3.164700 
3.165000 
3.165400 
3.166800 
3.167100 
3.170600 
3.170800 
3.172900 
3.175600 
3.176300 
3.177500 
3.178500 
3.181100 
3.181400 
3.182700 
3.182800 
3.184700 
3.185500 
3.185800 
3.186200 
3.186200 
3.186900 
3.187300 
3.188000 
3.188100 
3.188800 
3.189300 
3.191000 
3.191600 
3.192400 
3.194600 
3.195200 
3.195300 
3.195400 
3.196100 
3.196200 
3.196400 
3.197000 
3.198200 
3.198300 
3.199200 
3.200300 
3.203500 
3.205200 
3.205400 
3.205700 
3.206300 
3.208300 
3.208600 
3.208700 
3.209200 
3.210100 
3.210500 
3.211400 
3.211500 
3.212900 
3.214200 
3.215400 
3.215600 
3.216600 
3.217100 
3.217700 
3.218800 
3.219000 
3.219100 
3.220400 
3.220500 
3.220800 
3.221900 
3.222600 
3.222800 
3.224700 
3.226900 
3.227600 
3.229400 
3.230000 
3.230600 
3.231600 
3.231600 
3.232200 
3.232300 
3.233800 
3.235100 
3.235100 
3.235300 
3.235400 
3.237700 
3.239100 
3.239800 
3.240300 
3.240900 
3.241100 
3.241800 
3.242100 
3.243000 
3.245000 
3.246300 
3.247300 
3.248000 
3.248500 
3.248500 
3.249100 
3.249300 
3.249900 
3.253400 
3.255200 
3.255300 
3.259400 
3.259500 
3.261000 
3.261700 
3.262600 
3.262900 
3.263500 
3.264700 
3.265000 
3.265100 
3.266700 
3.268500 
3.268600 
3.269300 
3.271600 
3.272100 
3.272500 
3.272800 
3.273500 
3.274000 
3.274400 
3.274800 
3.274900 
3.277400 
3.277800 
3.277800 
3.278100 
3.279400 
3.279600 
3.282700 
3.285900 
3.287200 
3.289600 
3.289700 
3.289900 
3.290500 
3.291000 
3.291400 
3.292600 
3.292900 
3.293000 
3.293300 
3.294600 
3.294600 
3.295000 
3.295200 
3.295700 
3.296100 
3.296400 
3.297100 
3.298200 
3.299100 
3.299600 
3.300100 
3.304800 
3.305400 
3.306000 
3.306100 
3.307600 
3.307800 
3.308000 
3.308700 
3.308800 
3.310100 
3.310400 
3.310900 
3.311200 
3.311700 
3.313200 
3.315200 
3.316600 
3.317200 
3.317800 
3.317900 
3.319100 
3.319300 
3.319800 
3.320300 
3.321100 
3.324700 
3.324900 
3.326100 
3.327600 
3.327600 
3.328500 
3.329300 
3.329400 
3.330800 
3.331900 
3.332000 
3.332700 
3.334700 
3.335400 
3.336900 
3.337000 
3.338400 
3.339900 
3.340600 
3.341600 
3.342900 
3.343900 
3.344300 
3.347600 
3.347800 
3.349200 
3.350100 
3.350400 
3.353200 
3.354100 
3.354200 
3.354500 
3.355600 
3.355600 
3.357900 
3.358500 
3.358500 
3.359000 
3.359400 
3.359500 
3.359700 
3.360000 
3.360300 
3.361200 
3.363300 
3.363400 
3.364200 
3.365300 
3.365900 
3.367200 
3.367200 
3.367400 
3.367500 
3.367700 
3.368300 
3.369100 
3.371600 
3.372800 
3.372900 
3.373400 
3.373800 
3.374700 
3.375500 
3.375700 
3.375900 
3.376000 
3.376200 
3.377000 
3.377500 
3.377600 
3.378400 
3.378800 
3.380000 
3.381200 
3.381600 
3.382200 
3.382300 
3.382800 
3.383400 
3.388300 
3.391000 
3.392200 
3.392400 
3.392700 
3.393000 
3.393400 
3.395200 
3.395200 
3.396000 
3.397600 
3.397900 
3.398500 
3.400700 
3.400800 
3.401900 
3.402300 
3.402500 
3.405100 
3.405700 
3.405800 
3.406900 
3.408100 
3.409200 
3.410000 
3.410700 
3.413000 
3.413200 
3.414300 
3.414400 
3.415200 
3.415300 
3.417300 
3.420500 
3.420500 
3.420800 
3.421000 
3.421500 
3.421600 
3.421900 
3.423000 
3.423300 
3.425200 
3.425500 
3.426800 
3.427200 
3.427900 
3.427900 
3.428200 
3.428400 
3.428700 
3.429300 
3.434300 
3.435600 
3.437300 
3.437300 
3.437500 
3.440900 
3.441300 
3.442200 
3.442600 
3.443200 
3.443500 
3.444600 
3.447300 
3.448700 
3.449100 
3.452300 
3.454400 
3.454400 
3.457400 
3.458600 
3.458700 
3.459600 
3.460700 
3.461000 
3.461100 
3.461400 
3.461800 
3.462400 
3.466100 
3.466100 
3.466400 
3.467800 
3.467900 
3.468600 
3.470200 
3.470300 
3.471300 
3.471600 
3.471900 
3.471900 
3.472900 
3.473900 
3.474600 
3.476600 
3.477100 
3.477600 
3.478100 
3.480000 
3.480000 
3.480800 
3.481200 
3.481800 
3.482200 
3.482200 
3.483000 
3.484400 
3.485700 
3.486500 
3.486600 
3.488700 
3.489300 
3.491300 
3.492000 
3.492800 
3.493700 
3.494100 
3.495400 
3.496100 
3.496400 
3.497400 
3.498600 
3.498900 
3.499600 
3.502400 
3.506900 
3.509300 
3.509700 
3.510000 
3.512600 
3.515300 
3.515700 
3.516000 
3.516700 
3.517800 
3.518800 
3.519600 
3.521000 
3.521400 
3.522300 
3.523500 
3.524400 
3.524500 
3.524800 
3.525900 
3.527200 
3.527800 
3.529100 
3.530400 
3.530600 
3.531100 
3.531700 
3.535400 
3.535900 
3.537600 
3.538900 
3.541200 
3.542000 
3.543100 
3.543900 
3.545500 
3.545700 
3.546100 
3.546300 
3.546700 
3.547000 
3.547800 
3.548000 
3.548600 
3.551200 
3.551800 
3.551900 
3.553100 
3.553500 
3.554500 
3.554500 
3.555700 
3.556700 
3.556700 
3.557800 
3.558500 
3.558800 
3.559100 
3.559400 
3.563000 
3.564000 
3.565400 
3.569100 
3.569200 
3.569400 
3.570500 
3.570900 
3.571500 
3.571600 
3.572600 
3.572700 
3.573100 
3.573700 
3.573800 
3.574600 
3.577800 
3.578000 
3.579100 
3.579500 
3.580400 
3.581700 
3.581900 
3.585500 
3.585600 
3.586200 
3.586400 
3.586500 
3.589500 
3.589600 
3.589700 
3.592600 
3.593200 
3.594800 
3.595800 
3.596700 
3.596700 
3.597300 
3.598700 
3.600700 
3.601100 
3.601200 
3.602100 
3.603800 
3.603900 
3.604000 
3.604500 
3.606000 
3.607700 
3.607700 
3.608500 
3.609700 
3.609800 
3.611200 
3.611900 
3.612200 
3.612500 
3.614300 
3.614400 
3.614600 
3.614900 
3.615000 
3.615100 
3.616100 
3.617300 
3.619600 
3.620300 
3.620600 
3.622600 
3.623400 
3.624800 
3.624800 
3.625100 
3.625400 
3.626000 
3.626400 
3.626500 
3.626500 
3.626800 
3.628300 
3.630100 
3.631700 
3.632300 
3.632300 
3.633300 
3.634800 
3.635200 
3.635300 
3.636200 
3.636300 
3.638300 
3.638300 
3.638900 
3.641200 
3.642800 
3.644100 
3.644400 
3.644500 
3.645300 
3.647000 
3.647600 
3.648700 
3.648800 
3.649400 
3.650200 
3.652000 
3.653000 
3.654100 
3.654900 
3.655000 
3.655200 
3.656000 
3.656400 
3.657700 
3.657800 
3.658200 
3.659300 
3.659700 
3.660800 
3.660800 
3.661000 
3.661100 
3.662900 
3.663100 
3.664200 
3.664300 
3.667700 
3.668600 
3.668900 
3.669400 
3.669500 
3.670500 
3.672100 
3.672800 
3.673600 
3.673700 
3.675500 
3.676700 
3.676900 
3.678800 
3.680000 
3.680400 
3.682200 
3.684400 
3.685600 
3.685600 
3.687200 
3.687800 
3.690000 
3.691800 
3.694000 
3.695500 
3.696700 
3.697000 
3.697500 
3.697700 
3.700600 
3.700900 
3.701200 
3.702600 
3.704900 
3.706500 
3.709800 
3.711000 
3.711200 
3.711900 
3.713200 
3.713900 
3.714200 
3.716700 
3.718200 
3.719500 
3.720100 
3.721200 
3.722600 
3.722600 
3.722900 
3.723300 
3.724300 
3.724400 
3.725800 
3.727500 
3.727800 
3.729200 
3.730100 
3.730200 
3.730500 
3.731200 
3.731300 
3.732300 
3.732400 
3.733500 
3.733900 
3.735800 
3.736200 
3.736400 
3.736800 
3.737600 
3.738800 
3.738800 
3.739200 
3.739300 
3.739800 
3.740600 
3.741200 
3.743900 
3.744800 
3.745000 
3.745100 
3.745600 
3.747300 
3.747900 
3.748500 
3.748800 
3.749400 
3.750500 
3.750800 
3.751400 
3.751600 
3.751700 
3.753500 
3.755700 
3.756600 
3.756800 
3.758400 
3.758700 
3.759400 
3.761500 
3.763900 
3.765400 
3.765600 
3.766000 
3.766700 
3.767000 
3.768000 
3.769500 
3.771800 
3.774800 
3.775300 
3.775400 
3.777600 
3.777900 
3.777900 
3.778200 
3.778300 
3.779100 
3.779500 
3.781000 
3.781900 
3.782800 
3.785200 
3.785700 
3.785900 
3.789400 
3.789800 
3.790600 
3.791800 
3.792000 
3.792400 
3.792600 
3.792700 
3.792800 
3.794400 
3.794500 
3.795500 
3.795900 
3.796800 
3.797800 
3.799700 
3.799900 
3.801700 
3.801800 
3.803100 
3.804800 
3.807400 
3.808200 
3.808400 
3.808800 
3.810100 
3.810200 
3.810800 
3.813800 
3.815600 
3.817300 
3.818100 
3.818400 
3.818900 
3.819300 
3.823500 
3.823900 
3.824000 
3.824100 
3.824200 
3.827200 
3.827600 
3.829300 
3.830400 
3.830900 
3.831100 
3.831300 
3.832200 
3.832300 
3.832500 
3.839900 
3.840500 
3.840800 
3.842600 
3.843000 
3.843400 
3.844600 
3.845100 
3.845400 
3.846400 
3.846700 
3.848700 
3.849200 
3.849400 
3.851100 
3.851700 
3.851900 
3.852400 
3.852400 
3.852700 
3.853800 
3.854300 
3.855400 
3.855800 
3.857600 
3.857900 
3.860700 
3.860900 
3.861800 
3.862500 
3.863400 
3.864700 
3.865300 
3.865700 
3.868400 
3.869000 
3.869700 
3.871100 
3.872300 
3.874600 
3.874900 
3.875400 
3.875700 
3.877600 
3.877900 
3.878300 
3.879600 
3.880800 
3.884300 
3.884300 
3.884600 
3.885400 
3.886000 
3.886900 
3.888700 
3.889400 
3.889500 
3.889900 
3.891900 
3.892800 
3.896400 
3.897400 
3.897500 
3.897500 
3.899900 
3.901600 
3.901900 
3.901900 
3.904500 
3.905400 
3.906200 
3.906500 
3.906500 
3.908200 
3.910200 
3.911000 
3.911600 
3.912600 
3.913800 
3.914300 
3.915200 
3.917000 
3.917000 
3.917300 
3.919900 
3.920600 
3.921000 
3.921200 
3.922500 
3.922700 
3.924200 
3.924900 
3.925000 
3.925700 
3.928000 
3.929800 
3.930300 
3.931500 
3.932000 
3.932100 
3.932700 
3.933200 
3.933300 
3.933400 
3.934200 
3.941000 
3.943300 
3.947900 
3.948000 
3.948800 
3.950200 
3.951000 
3.951600 
3.951700 
3.955900 
3.956200 
3.956300 
3.957100 
3.959000 
3.960100 
3.961600 
3.961800 
3.962000 
3.962400 
3.962900 
3.963000 
3.964000 
3.965300 
3.966900 
3.968400 
3.968600 
3.969600 
3.969800 
3.970300 
3.971000 
3.971100 
3.972500 
3.974000 
3.976000 
3.976500 
3.978900 
3.979400 
3.979500 
3.983800 
3.983800 
3.984000 
3.984500 
3.990700 
3.991100 
3.991500 
3.991500 
3.991900 
3.992100 
3.992600 
3.992800 
3.993300 
3.993500 
3.993800 
3.995300 
3.997600 
3.997600 
3.998000 
