160 
170 
72 
47 
157 
109 
139 
162 
52 
21 
73 
87 
50 
91 
152 
13 
36 
18 
138 
140 
118 
82 
25 
74 
101 
138 
162 
11 
161 
40 
160 
168 
145 
143 
84 
132 
44 
35 
179 
170 
162 
40 
140 
60 
24 
166 
4 
109 
132 
36 
75 
79 
162 
92 
173 
167 
117 
86 
25 
67 
74 
66 
70 
114 
29 
93 
178 
33 
175 
94 
72 
153 
27 
171 
131 
142 
137 
48 
12 
77 
2 
59 
169 
13 
138 
61 
137 
94 
70 
76 
80 
87 
36 
114 
32 
86 
163 
26 
27 
5 
77 
160 
101 
76 
163 
62 
105 
52 
157 
42 
164 
57 
130 
44 
11 
38 
181 
18 
128 
89 
131 
180 
169 
27 
97 
55 
126 
172 
178 
32 
122 
4 
168 
78 
124 
73 
88 
56 
36 
169 
173 
12 
103 
155 
115 
45 
53 
131 
25 
38 
183 
148 
51 
121 
179 
122 
42 
86 
6 
30 
135 
31 
77 
143 
121 
70 
98 
181 
182 
86 
173 
156 
74 
41 
138 
37 
101 
82 
107 
84 
44 
155 
162 
78 
181 
45 
122 
149 
92 
155 
114 
127 
158 
145 
70 
51 
124 
89 
67 
29 
113 
175 
80 
95 
28 
187 
184 
87 
94 
9 
53 
171 
131 
42 
153 
66 
63 
117 
157 
155 
8 
140 
92 
40 
12 
100 
63 
34 
67 
154 
161 
35 
66 
36 
122 
144 
119 
166 
48 
176 
9 
159 
87 
55 
146 
119 
133 
136 
8 
101 
92 
180 
93 
149 
158 
25 
56 
1 
37 
121 
3 
151 
17 
38 
104 
162 
85 
132 
97 
120 
58 
160 
88 
36 
9 
66 
133 
153 
67 
40 
161 
76 
44 
176 
141 
48 
39 
180 
41 
187 
84 
38 
17 
60 
163 
108 
89 
162 
185 
129 
5 
136 
120 
45 
121 
77 
39 
61 
28 
7 
35 
133 
144 
118 
148 
149 
171 
65 
105 
2 
134 
122 
28 
68 
21 
95 
79 
29 
9 
85 
135 
130 
141 
111 
102 
29 
105 
166 
115 
48 
117 
92 
171 
57 
139 
187 
61 
19 
58 
120 
84 
59 
166 
175 
6 
39 
86 
80 
49 
144 
29 
2 
127 
67 
27 
3 
131 
171 
167 
117 
11 
78 
136 
169 
155 
110 
96 
123 
184 
158 
30 
0 
151 
118 
172 
168 
52 
98 
24 
25 
86 
171 
150 
113 
8 
48 
185 
141 
69 
102 
147 
137 
163 
78 
155 
30 
111 
20 
177 
185 
156 
134 
133 
26 
6 
24 
139 
166 
51 
130 
29 
116 
85 
123 
46 
21 
54 
20 
64 
101 
107 
173 
6 
114 
152 
158 
9 
170 
134 
96 
14 
84 
118 
28 
4 
76 
77 
34 
0 
107 
95 
48 
151 
106 
40 
73 
53 
124 
140 
133 
7 
10 
144 
175 
95 
138 
10 
148 
94 
144 
136 
60 
31 
161 
139 
13 
53 
42 
100 
57 
107 
186 
115 
56 
97 
121 
131 
95 
90 
9 
103 
167 
15 
169 
12 
9 
116 
107 
68 
170 
134 
144 
100 
98 
163 
156 
136 
91 
107 
88 
64 
137 
71 
155 
145 
38 
57 
47 
37 
97 
27 
40 
85 
84 
74 
161 
79 
176 
134 
116 
180 
30 
90 
33 
179 
27 
64 
174 
110 
37 
184 
28 
26 
176 
93 
9 
25 
83 
182 
47 
57 
92 
2 
137 
120 
154 
74 
34 
76 
142 
71 
143 
75 
95 
13 
166 
37 
15 
40 
59 
61 
131 
115 
146 
55 
92 
82 
38 
60 
1 
173 
116 
135 
67 
80 
9 
10 
139 
17 
14 
64 
113 
85 
161 
30 
180 
1 
3 
37 
83 
2 
112 
138 
50 
122 
75 
102 
57 
117 
185 
41 
71 
105 
142 
147 
167 
69 
169 
162 
83 
60 
44 
34 
104 
150 
54 
77 
119 
16 
18 
144 
94 
72 
181 
141 
103 
149 
62 
59 
179 
99 
19 
154 
41 
1 
161 
109 
38 
78 
173 
124 
9 
155 
28 
170 
118 
50 
138 
174 
95 
21 
40 
3 
92 
152 
54 
158 
151 
80 
73 
145 
34 
160 
139 
33 
179 
157 
37 
134 
182 
77 
150 
25 
135 
178 
48 
124 
113 
93 
1 
154 
163 
17 
79 
110 
162 
67 
161 
115 
97 
176 
50 
123 
76 
160 
3 
25 
34 
71 
8 
16 
38 
55 
29 
167 
182 
147 
99 
37 
127 
5 
54 
31 
66 
8 
21 
23 
0 
50 
60 
105 
57 
142 
173 
133 
145 
91 
101 
113 
178 
9 
104 
10 
172 
166 
44 
179 
50 
6 
17 
62 
153 
25 
45 
185 
79 
131 
141 
75 
56 
105 
61 
98 
16 
46 
137 
66 
90 
60 
125 
99 
35 
97 
143 
5 
22 
157 
94 
132 
44 
26 
11 
45 
174 
12 
126 
140 
41 
186 
120 
104 
71 
160 
150 
123 
42 
187 
83 
63 
165 
48 
154 
121 
152 
181 
158 
33 
15 
106 
31 
56 
113 
161 
23 
96 
88 
114 
138 
16 
185 
92 
14 
58 
160 
9 
153 
156 
139 
141 
147 
27 
45 
128 
100 
71 
182 
187 
26 
166 
98 
75 
63 
118 
162 
39 
172 
44 
85 
173 
165 
17 
119 
66 
155 
55 
103 
144 
125 
184 
181 
114 
24 
68 
64 
50 
126 
82 
156 
135 
120 
48 
90 
163 
167 
73 
8 
9 
148 
116 
152 
38 
133 
75 
62 
29 
169 
108 
59 
12 
6 
170 
7 
151 
56 
33 
137 
161 
89 
0 
51 
162 
131 
48 
101 
132 
4 
168 
20 
113 
118 
115 
150 
180 
65 
76 
160 
69 
175 
141 
50 
19 
92 
3 
110 
31 
90 
28 
137 
80 
29 
163 
59 
166 
37 
182 
83 
176 
125 
24 
75 
160 
1 
107 
25 
151 
89 
186 
121 
156 
173 
171 
100 
61 
116 
175 
143 
120 
67 
56 
141 
132 
43 
150 
26 
73 
98 
60 
47 
88 
23 
105 
16 
2 
113 
72 
32 
81 
33 
3 
106 
71 
176 
38 
22 
90 
34 
100 
164 
183 
6 
155 
1 
122 
123 
27 
167 
114 
140 
94 
48 
84 
60 
154 
3 
56 
158 
149 
156 
107 
152 
137 
62 
46 
40 
68 
47 
144 
88 
27 
42 
93 
157 
151 
67 
17 
119 
139 
87 
51 
9 
104 
75 
36 
65 
140 
169 
95 
97 
171 
116 
120 
182 
22 
167 
1 
130 
15 
135 
156 
53 
54 
48 
73 
37 
17 
71 
146 
11 
7 
96 
30 
49 
84 
178 
168 
3 
105 
65 
182 
161 
51 
183 
90 
45 
172 
79 
12 
41 
171 
131 
111 
139 
140 
154 
175 
160 
49 
63 
176 
46 
156 
113 
124 
76 
15 
20 
162 
84 
90 
138 
117 
39 
56 
187 
92 
63 
11 
152 
122 
27 
172 
57 
31 
19 
78 
42 
157 
18 
97 
181 
88 
96 
118 
21 
3 
135 
112 
141 
66 
147 
77 
38 
55 
22 
6 
102 
91 
2 
106 
134 
108 
105 
40 
159 
130 
133 
151 
23 
144 
128 
99 
118 
97 
183 
71 
143 
152 
109 
121 
26 
19 
156 
124 
87 
127 
46 
180 
104 
83 
154 
182 
53 
82 
102 
22 
141 
161 
99 
60 
116 
1 
126 
165 
176 
179 
57 
121 
170 
14 
86 
33 
98 
92 
106 
112 
152 
10 
67 
115 
38 
78 
29 
94 
172 
21 
17 
76 
132 
157 
99 
175 
9 
68 
134 
105 
149 
182 
12 
162 
109 
120 
71 
113 
7 
5 
117 
133 
184 
101 
1 
166 
80 
75 
48 
63 
149 
94 
49 
143 
9 
90 
131 
42 
22 
154 
40 
159 
97 
135 
19 
67 
88 
175 
60 
128 
31 
79 
16 
18 
148 
3 
11 
157 
6 
59 
94 
12 
138 
176 
167 
50 
139 
89 
164 
60 
44 
130 
177 
129 
156 
24 
23 
91 
180 
15 
79 
69 
42 
5 
54 
170 
126 
10 
187 
62 
80 
137 
22 
67 
63 
75 
8 
34 
150 
68 
183 
169 
163 
9 
46 
17 
134 
157 
102 
35 
114 
127 
93 
77 
70 
104 
78 
119 
177 
61 
165 
69 
73 
51 
65 
31 
152 
154 
16 
57 
47 
162 
35 
88 
50 
6 
33 
39 
96 
158 
138 
83 
98 
99 
119 
133 
118 
84 
42 
142 
89 
165 
107 
166 
82 
58 
69 
2 
28 
9 
5 
22 
48 
87 
44 
49 
129 
175 
27 
105 
14 
52 
185 
102 
15 
138 
176 
60 
116 
142 
18 
147 
161 
7 
33 
182 
164 
168 
35 
25 
71 
109 
13 
160 
80 
106 
82 
119 
168 
68 
174 
44 
118 
9 
22 
78 
187 
27 
64 
131 
139 
28 
86 
30 
141 
148 
20 
26 
54 
151 
53 
41 
85 
152 
56 
38 
125 
163 
111 
57 
114 
167 
51 
3 
88 
37 
126 
52 
81 
5 
178 
150 
76 
139 
11 
119 
75 
168 
74 
138 
28 
9 
8 
96 
127 
24 
69 
50 
154 
108 
23 
109 
160 
97 
25 
20 
103 
86 
38 
163 
183 
85 
26 
180 
67 
151 
176 
167 
43 
113 
21 
141 
110 
95 
140 
133 
57 
115 
99 
121 
8 
184 
62 
58 
7 
44 
164 
107 
135 
123 
94 
19 
46 
108 
5 
131 
37 
78 
50 
92 
55 
12 
63 
27 
0 
8 
106 
122 
180 
163 
13 
79 
175 
28 
164 
69 
87 
18 
101 
83 
57 
20 
81 
71 
17 
105 
184 
148 
30 
133 
95 
141 
84 
115 
142 
183 
70 
167 
182 
98 
78 
104 
174 
5 
22 
75 
131 
76 
15 
95 
146 
55 
28 
171 
85 
101 
87 
70 
50 
150 
57 
12 
154 
134 
67 
172 
80 
107 
138 
160 
19 
122 
38 
125 
143 
137 
115 
110 
131 
81 
176 
130 
44 
27 
120 
175 
5 
88 
93 
39 
64 
43 
124 
48 
165 
157 
74 
155 
139 
28 
53 
61 
45 
66 
23 
25 
19 
91 
112 
29 
49 
119 
127 
178 
65 
140 
11 
73 
115 
106 
97 
160 
1 
38 
52 
183 
121 
155 
139 
47 
54 
151 
138 
33 
60 
147 
30 
104 
29 
87 
31 
180 
66 
98 
79 
120 
103 
21 
175 
14 
44 
52 
134 
156 
60 
105 
34 
48 
106 
15 
108 
71 
53 
35 
24 
132 
57 
139 
56 
185 
76 
111 
83 
138 
69 
28 
174 
92 
91 
181 
122 
124 
178 
131 
86 
49 
164 
30 
105 
166 
11 
10 
165 
154 
15 
177 
142 
80 
151 
159 
125 
99 
24 
33 
160 
13 
61 
26 
71 
79 
37 
96 
139 
8 
158 
129 
169 
7 
134 
17 
176 
1 
80 
57 
6 
43 
45 
126 
52 
19 
0 
109 
18 
73 
65 
62 
106 
162 
124 
69 
158 
142 
173 
114 
153 
87 
149 
161 
55 
88 
46 
140 
156 
12 
86 
41 
2 
136 
65 
104 
182 
115 
107 
108 
67 
29 
80 
53 
90 
6 
142 
178 
95 
3 
171 
92 
16 
132 
76 
63 
68 
18 
32 
175 
152 
28 
41 
172 
8 
131 
99 
135 
37 
86 
76 
140 
26 
123 
182 
89 
115 
93 
90 
147 
4 
42 
187 
162 
32 
139 
84 
79 
7 
63 
110 
120 
33 
164 
39 
78 
29 
46 
169 
27 
143 
49 
177 
152 
174 
16 
126 
75 
64 
28 
8 
124 
7 
89 
139 
146 
70 
160 
127 
3 
68 
22 
182 
0 
43 
52 
185 
54 
138 
105 
131 
183 
44 
154 
161 
67 
12 
94 
37 
14 
128 
132 
56 
6 
20 
77 
100 
156 
174 
71 
70 
74 
158 
184 
36 
169 
66 
24 
168 
109 
60 
51 
22 
150 
84 
1 
52 
134 
167 
145 
10 
59 
163 
82 
5 
104 
124 
155 
90 
183 
83 
181 
89 
80 
158 
123 
130 
33 
137 
78 
21 
120 
53 
128 
40 
159 
149 
55 
30 
182 
122 
48 
37 
16 
127 
160 
92 
54 
98 
186 
56 
65 
110 
69 
15 
142 
108 
175 
71 
119 
174 
29 
73 
63 
168 
66 
126 
153 
134 
72 
43 
74 
81 
75 
27 
25 
116 
92 
160 
166 
9 
8 
3 
22 
51 
6 
99 
147 
136 
118 
58 
181 
187 
52 
138 
7 
174 
67 
41 
88 
182 
163 
126 
179 
111 
42 
11 
152 
93 
28 
176 
131 
137 
135 
27 
95 
150 
36 
79 
96 
3 
52 
24 
99 
75 
39 
86 
121 
158 
114 
166 
1 
123 
0 
173 
115 
58 
106 
25 
172 
5 
142 
64 
184 
53 
113 
156 
118 
99 
140 
22 
13 
147 
52 
28 
177 
142 
124 
167 
90 
170 
70 
97 
87 
174 
180 
68 
120 
109 
29 
1 
6 
133 
126 
163 
111 
78 
37 
166 
67 
45 
74 
17 
185 
99 
130 
179 
70 
103 
164 
142 
87 
182 
158 
153 
1 
132 
51 
43 
4 
26 
88 
28 
65 
124 
56 
67 
127 
55 
148 
89 
27 
110 
31 
41 
171 
50 
137 
16 
160 
138 
24 
174 
157 
141 
143 
124 
6 
93 
144 
62 
8 
74 
140 
44 
135 
112 
85 
13 
61 
118 
137 
153 
103 
60 
179 
58 
108 
156 
77 
16 
91 
76 
22 
47 
4 
159 
79 
150 
148 
28 
19 
123 
53 
26 
63 
135 
139 
183 
147 
180 
5 
174 
176 
96 
94 
35 
157 
86 
95 
92 
88 
97 
114 
10 
187 
151 
13 
68 
17 
116 
173 
74 
132 
93 
164 
149 
169 
63 
96 
21 
184 
168 
156 
131 
141 
2 
39 
55 
70 
30 
7 
8 
112 
66 
118 
150 
101 
82 
68 
184 
1 
115 
159 
87 
178 
182 
3 
127 
81 
125 
18 
72 
154 
167 
52 
40 
65 
22 
76 
93 
174 
148 
41 
183 
131 
103 
95 
117 
145 
54 
97 
46 
5 
91 
154 
104 
162 
56 
169 
161 
29 
113 
19 
36 
118 
122 
15 
25 
136 
187 
67 
72 
107 
150 
86 
69 
22 
171 
115 
80 
50 
46 
168 
176 
71 
31 
100 
87 
131 
62 
68 
21 
3 
120 
65 
13 
54 
175 
145 
57 
49 
48 
35 
144 
151 
161 
77 
42 
24 
142 
90 
2 
114 
81 
5 
147 
78 
59 
99 
71 
83 
75 
58 
112 
119 
53 
167 
116 
108 
15 
162 
7 
128 
47 
40 
182 
79 
27 
29 
169 
159 
68 
177 
160 
181 
65 
117 
176 
74 
168 
49 
180 
25 
89 
71 
164 
140 
38 
143 
151 
56 
84 
27 
42 
37 
39 
13 
130 
54 
165 
31 
110 
63 
76 
123 
1 
101 
159 
155 
134 
185 
102 
150 
93 
118 
18 
79 
41 
142 
114 
57 
119 
73 
108 
48 
117 
147 
140 
169 
105 
172 
88 
39 
121 
71 
163 
96 
133 
30 
78 
7 
120 
165 
174 
73 
145 
156 
50 
177 
179 
110 
76 
93 
2 
111 
168 
48 
33 
27 
81 
54 
95 
60 
92 
107 
178 
148 
166 
59 
62 
11 
171 
49 
23 
157 
56 
5 
63 
68 
134 
138 
8 
163 
43 
164 
75 
168 
155 
108 
55 
153 
182 
46 
56 
104 
25 
143 
129 
180 
29 
50 
35 
128 
175 
87 
0 
174 
15 
89 
127 
38 
90 
84 
157 
14 
150 
183 
138 
149 
115 
66 
82 
41 
174 
25 
101 
177 
71 
69 
161 
60 
73 
43 
144 
4 
164 
162 
124 
75 
143 
155 
102 
138 
72 
145 
118 
140 
11 
23 
186 
181 
136 
139 
93 
175 
1 
100 
182 
153 
80 
150 
5 
155 
60 
160 
21 
97 
58 
54 
140 
108 
141 
177 
130 
41 
56 
76 
138 
187 
180 
67 
107 
103 
106 
0 
27 
99 
87 
126 
151 
101 
80 
39 
70 
34 
57 
14 
49 
147 
182 
136 
118 
128 
109 
84 
73 
152 
160 
162 
35 
111 
158 
144 
176 
146 
6 
18 
155 
107 
31 
0 
172 
164 
175 
69 
28 
103 
36 
15 
139 
173 
180 
135 
186 
153 
170 
179 
89 
44 
14 
161 
21 
23 
12 
8 
82 
137 
75 
129 
176 
83 
3 
65 
0 
181 
134 
180 
165 
183 
46 
58 
64 
123 
122 
44 
98 
104 
62 
156 
164 
172 
136 
160 
69 
4 
90 
39 
60 
103 
162 
18 
119 
139 
99 
40 
26 
9 
140 
65 
168 
32 
165 
181 
109 
170 
155 
7 
111 
8 
167 
80 
115 
54 
81 
91 
82 
34 
117 
47 
162 
37 
73 
156 
85 
142 
112 
187 
64 
184 
53 
2 
108 
137 
77 
107 
134 
20 
41 
109 
163 
118 
84 
88 
178 
39 
50 
147 
114 
104 
186 
38 
87 
119 
68 
159 
117 
34 
126 
35 
99 
153 
102 
71 
78 
24 
173 
31 
85 
95 
75 
160 
63 
76 
174 
8 
55 
107 
164 
112 
110 
92 
15 
9 
52 
94 
183 
88 
103 
106 
84 
120 
47 
38 
46 
185 
0 
181 
50 
76 
90 
19 
132 
136 
180 
141 
40 
59 
80 
166 
143 
4 
74 
116 
68 
161 
137 
150 
144 
29 
99 
127 
15 
61 
160 
134 
184 
114 
88 
165 
35 
152 
1 
149 
12 
22 
105 
54 
80 
126 
5 
169 
91 
53 
173 
42 
65 
153 
82 
176 
120 
14 
116 
44 
106 
150 
55 
85 
170 
130 
159 
13 
174 
162 
81 
94 
11 
105 
182 
116 
12 
64 
128 
36 
166 
112 
122 
156 
169 
43 
85 
181 
129 
161 
175 
183 
79 
152 
127 
54 
178 
119 
76 
87 
88 
109 
49 
30 
105 
65 
94 
41 
31 
130 
135 
18 
34 
75 
160 
142 
62 
147 
141 
19 
46 
163 
52 
176 
22 
101 
86 
153 
78 
66 
85 
29 
20 
57 
67 
89 
131 
28 
110 
178 
164 
175 
97 
81 
122 
141 
152 
176 
56 
144 
103 
76 
162 
15 
96 
12 
187 
87 
33 
181 
135 
62 
114 
48 
38 
51 
23 
163 
8 
77 
74 
150 
118 
110 
70 
165 
4 
147 
177 
28 
78 
133 
171 
174 
156 
153 
93 
32 
180 
154 
162 
31 
140 
142 
82 
89 
126 
134 
91 
47 
49 
41 
84 
64 
20 
139 
61 
125 
158 
12 
13 
29 
114 
116 
177 
88 
182 
26 
97 
147 
109 
143 
90 
128 
117 
42 
15 
135 
72 
146 
127 
148 
169 
93 
33 
105 
183 
57 
27 
53 
123 
113 
114 
28 
16 
69 
8 
153 
115 
170 
42 
180 
58 
10 
143 
130 
9 
162 
30 
77 
7 
18 
70 
62 
186 
43 
165 
138 
83 
47 
51 
167 
182 
65 
39 
35 
111 
154 
152 
90 
67 
185 
174 
97 
34 
150 
117 
79 
5 
50 
52 
4 
102 
131 
145 
123 
155 
179 
112 
82 
54 
80 
119 
147 
106 
116 
41 
107 
29 
63 
39 
96 
7 
163 
175 
19 
51 
162 
94 
44 
180 
70 
103 
81 
161 
115 
61 
166 
90 
150 
132 
47 
134 
156 
53 
135 
136 
113 
63 
104 
42 
107 
163 
183 
78 
118 
120 
13 
122 
66 
32 
1 
20 
149 
126 
176 
67 
55 
111 
41 
186 
8 
10 
169 
129 
85 
181 
144 
172 
37 
131 
33 
70 
147 
69 
87 
110 
97 
75 
132 
94 
47 
116 
96 
100 
101 
50 
156 
30 
91 
142 
51 
31 
69 
19 
6 
80 
60 
58 
22 
38 
70 
154 
115 
77 
5 
63 
160 
118 
26 
108 
123 
68 
134 
91 
105 
182 
174 
40 
110 
186 
156 
34 
10 
72 
114 
74 
169 
71 
18 
60 
15 
61 
62 
76 
25 
44 
47 
136 
38 
52 
93 
104 
88 
143 
102 
171 
176 
72 
126 
112 
94 
101 
140 
160 
41 
8 
141 
144 
87 
32 
29 
11 
77 
147 
174 
7 
4 
183 
62 
33 
181 
20 
165 
149 
125 
54 
184 
120 
131 
3 
167 
170 
122 
98 
35 
56 
160 
23 
123 
25 
140 
5 
47 
152 
42 
148 
50 
99 
48 
129 
93 
64 
143 
157 
51 
1 
40 
76 
102 
49 
115 
35 
2 
164 
106 
107 
70 
14 
114 
178 
185 
65 
101 
12 
183 
120 
175 
61 
41 
119 
45 
50 
145 
158 
34 
180 
169 
134 
36 
186 
96 
124 
56 
115 
7 
157 
2 
123 
17 
149 
104 
25 
76 
179 
41 
35 
136 
111 
69 
62 
64 
88 
4 
131 
112 
146 
16 
169 
177 
74 
178 
180 
68 
129 
2 
167 
25 
156 
173 
152 
170 
132 
155 
157 
79 
80 
134 
98 
63 
186 
103 
137 
48 
54 
41 
81 
29 
57 
121 
19 
27 
64 
51 
90 
158 
26 
127 
114 
139 
74 
118 
130 
116 
100 
126 
148 
169 
44 
24 
2 
181 
28 
15 
174 
3 
141 
53 
139 
103 
156 
92 
124 
68 
170 
113 
0 
34 
133 
98 
56 
84 
46 
79 
153 
49 
162 
109 
13 
29 
186 
163 
137 
174 
141 
82 
67 
60 
62 
135 
138 
96 
87 
71 
160 
44 
176 
58 
164 
79 
90 
91 
64 
61 
48 
86 
21 
185 
159 
115 
123 
41 
130 
82 
112 
154 
117 
142 
68 
36 
127 
165 
88 
74 
95 
187 
162 
157 
143 
27 
63 
129 
174 
75 
161 
114 
178 
149 
69 
121 
56 
76 
10 
182 
168 
165 
140 
135 
45 
134 
32 
107 
49 
151 
33 
137 
8 
139 
116 
42 
153 
16 
172 
96 
36 
175 
58 
38 
179 
65 
47 
12 
111 
88 
18 
138 
91 
34 
22 
108 
92 
39 
66 
0 
14 
23 
150 
123 
160 
67 
73 
179 
60 
27 
133 
87 
15 
96 
42 
4 
141 
169 
156 
48 
174 
84 
95 
51 
134 
12 
35 
127 
50 
143 
162 
117 
83 
69 
16 
76 
171 
181 
77 
180 
73 
124 
115 
6 
120 
45 
132 
97 
151 
113 
92 
70 
59 
67 
111 
116 
170 
28 
69 
112 
57 
16 
140 
19 
85 
141 
98 
126 
96 
179 
135 
25 
99 
146 
128 
87 
32 
58 
23 
38 
56 
65 
49 
139 
95 
51 
172 
177 
159 
37 
181 
175 
6 
132 
153 
178 
14 
83 
27 
11 
80 
154 
22 
111 
47 
35 
57 
113 
155 
82 
138 
97 
120 
158 
103 
110 
109 
41 
180 
66 
112 
122 
48 
102 
154 
127 
49 
61 
90 
42 
162 
179 
85 
165 
29 
64 
99 
14 
186 
71 
17 
36 
121 
67 
167 
76 
8 
1 
110 
174 
109 
4 
48 
129 
173 
94 
130 
98 
146 
44 
141 
185 
122 
124 
5 
132 
107 
49 
70 
59 
147 
123 
54 
131 
165 
90 
162 
69 
96 
63 
16 
29 
46 
169 
99 
158 
76 
81 
129 
127 
93 
179 
17 
171 
33 
67 
23 
0 
142 
168 
121 
82 
95 
89 
22 
36 
65 
116 
182 
27 
136 
45 
98 
29 
97 
120 
175 
164 
153 
7 
133 
67 
129 
132 
105 
37 
151 
176 
51 
19 
81 
18 
181 
127 
150 
5 
77 
187 
106 
173 
76 
13 
121 
42 
157 
183 
138 
26 
86 
64 
167 
103 
180 
34 
15 
66 
3 
28 
97 
17 
112 
10 
40 
179 
58 
144 
183 
99 
169 
81 
22 
177 
33 
156 
100 
172 
93 
44 
145 
162 
153 
165 
159 
127 
112 
108 
175 
181 
163 
115 
92 
83 
86 
185 
106 
6 
19 
36 
177 
53 
151 
5 
18 
110 
20 
128 
134 
79 
137 
123 
81 
95 
11 
107 
163 
174 
147 
166 
4 
153 
61 
99 
161 
60 
178 
14 
25 
0 
183 
109 
32 
46 
61 
89 
21 
80 
181 
82 
98 
53 
124 
70 
153 
4 
58 
10 
103 
24 
90 
29 
136 
112 
167 
172 
33 
59 
165 
114 
115 
142 
109 
1 
5 
43 
175 
168 
20 
67 
30 
121 
80 
131 
9 
36 
38 
160 
177 
156 
155 
108 
129 
76 
117 
94 
18 
176 
52 
22 
69 
163 
123 
61 
37 
169 
132 
109 
21 
0 
72 
152 
27 
15 
181 
51 
102 
26 
162 
127 
160 
158 
112 
172 
95 
29 
128 
144 
122 
19 
180 
98 
90 
78 
68 
178 
5 
185 
48 
33 
38 
8 
182 
156 
110 
125 
69 
170 
62 
63 
139 
147 
179 
86 
129 
82 
181 
124 
2 
0 
127 
10 
25 
46 
132 
87 
11 
86 
69 
3 
147 
75 
1 
56 
53 
8 
23 
67 
88 
163 
176 
171 
70 
17 
31 
118 
97 
83 
113 
2 
81 
60 
125 
87 
161 
8 
182 
156 
120 
134 
64 
145 
121 
28 
22 
51 
139 
102 
105 
116 
4 
40 
178 
76 
131 
184 
87 
34 
5 
183 
16 
110 
53 
135 
75 
93 
41 
132 
185 
0 
161 
29 
143 
106 
138 
123 
61 
80 
60 
157 
160 
78 
165 
98 
39 
74 
141 
179 
57 
75 
28 
2 
37 
50 
64 
158 
72 
148 
187 
0 
156 
71 
90 
172 
44 
107 
12 
17 
185 
9 
63 
128 
88 
182 
151 
102 
73 
16 
110 
114 
18 
1 
106 
58 
135 
105 
95 
131 
5 
173 
47 
62 
42 
70 
66 
87 
103 
130 
88 
180 
137 
104 
81 
115 
155 
169 
156 
34 
75 
65 
8 
78 
97 
143 
71 
151 
38 
54 
101 
11 
10 
52 
105 
124 
55 
15 
131 
178 
96 
99 
18 
156 
2 
90 
137 
49 
41 
186 
183 
111 
50 
75 
16 
6 
27 
53 
85 
144 
116 
17 
103 
171 
176 
65 
161 
102 
178 
46 
139 
34 
127 
28 
66 
138 
10 
39 
159 
21 
123 
32 
153 
44 
58 
126 
162 
6 
72 
14 
140 
158 
116 
125 
52 
66 
131 
137 
122 
54 
106 
141 
154 
135 
103 
70 
132 
43 
35 
152 
48 
79 
142 
133 
90 
41 
38 
134 
182 
181 
93 
94 
116 
84 
2 
25 
157 
23 
37 
70 
1 
47 
111 
72 
145 
121 
175 
76 
63 
86 
43 
133 
165 
179 
33 
160 
181 
50 
98 
64 
156 
41 
126 
17 
184 
129 
67 
39 
8 
9 
62 
113 
127 
49 
78 
35 
170 
85 
21 
90 
152 
162 
166 
29 
105 
30 
150 
82 
59 
53 
76 
87 
185 
51 
57 
172 
38 
13 
97 
70 
169 
129 
45 
85 
66 
102 
28 
88 
139 
122 
174 
1 
131 
4 
111 
124 
153 
151 
168 
162 
47 
149 
2 
59 
110 
105 
129 
56 
0 
25 
17 
101 
125 
63 
89 
22 
115 
75 
182 
146 
91 
95 
140 
83 
160 
9 
156 
53 
184 
37 
68 
126 
186 
118 
137 
179 
105 
168 
131 
161 
52 
32 
166 
65 
19 
60 
102 
0 
40 
127 
119 
130 
104 
113 
139 
99 
165 
30 
21 
42 
135 
143 
24 
187 
22 
31 
129 
177 
111 
84 
28 
18 
98 
73 
27 
7 
132 
182 
48 
50 
142 
133 
89 
97 
183 
65 
112 
12 
52 
118 
57 
94 
103 
19 
130 
99 
105 
141 
54 
78 
14 
29 
92 
162 
21 
17 
36 
153 
121 
51 
70 
151 
30 
185 
25 
149 
10 
103 
80 
34 
27 
63 
93 
173 
98 
86 
2 
61 
171 
178 
8 
23 
55 
5 
114 
169 
21 
183 
72 
76 
50 
107 
49 
163 
64 
53 
145 
184 
167 
122 
187 
171 
73 
11 
177 
176 
166 
113 
111 
80 
109 
152 
112 
79 
90 
174 
183 
128 
76 
138 
44 
52 
99 
161 
159 
136 
27 
162 
37 
34 
149 
74 
114 
78 
120 
142 
167 
123 
16 
25 
55 
119 
146 
40 
42 
94 
111 
6 
118 
8 
106 
83 
20 
139 
153 
121 
114 
166 
156 
182 
140 
41 
110 
1 
170 
48 
135 
176 
26 
51 
65 
180 
37 
119 
44 
77 
132 
151 
116 
73 
94 
41 
63 
186 
149 
9 
168 
74 
129 
32 
6 
35 
10 
83 
114 
75 
70 
30 
104 
133 
92 
146 
116 
39 
142 
163 
90 
51 
93 
121 
171 
14 
115 
151 
166 
80 
103 
3 
159 
108 
150 
154 
50 
125 
114 
117 
42 
173 
58 
174 
44 
113 
55 
157 
115 
135 
18 
1 
140 
90 
59 
41 
53 
81 
15 
37 
101 
19 
156 
102 
20 
96 
165 
98 
150 
17 
183 
27 
118 
76 
131 
33 
135 
83 
167 
9 
185 
97 
44 
10 
122 
172 
161 
155 
168 
109 
111 
169 
178 
63 
36 
42 
3 
153 
93 
123 
23 
116 
48 
139 
174 
181 
118 
19 
45 
157 
59 
80 
151 
67 
15 
131 
88 
38 
62 
75 
108 
91 
20 
182 
115 
134 
172 
104 
114 
1 
40 
87 
113 
50 
187 
123 
178 
100 
28 
138 
169 
90 
72 
154 
88 
130 
95 
39 
94 
5 
174 
106 
70 
33 
77 
35 
111 
80 
79 
142 
29 
10 
125 
83 
17 
117 
62 
41 
178 
6 
113 
183 
82 
135 
172 
3 
81 
12 
21 
92 
147 
146 
38 
173 
73 
115 
93 
51 
61 
171 
1 
122 
95 
156 
160 
32 
50 
67 
56 
42 
0 
154 
138 
63 
3 
28 
143 
133 
55 
34 
69 
110 
81 
37 
178 
12 
36 
150 
21 
137 
65 
113 
153 
49 
158 
165 
16 
94 
156 
58 
67 
47 
184 
77 
85 
172 
106 
6 
111 
0 
95 
12 
28 
135 
174 
107 
13 
157 
21 
134 
110 
122 
130 
182 
19 
166 
84 
24 
42 
49 
183 
102 
61 
67 
91 
176 
106 
114 
159 
186 
162 
26 
174 
81 
64 
54 
112 
138 
3 
95 
6 
165 
80 
96 
133 
46 
147 
176 
105 
131 
171 
124 
185 
158 
141 
24 
127 
152 
128 
108 
159 
87 
42 
101 
146 
129 
27 
84 
56 
12 
52 
106 
137 
38 
156 
76 
14 
59 
51 
54 
161 
112 
96 
85 
133 
117 
53 
66 
80 
11 
22 
174 
166 
90 
137 
147 
36 
41 
114 
88 
68 
94 
0 
103 
24 
75 
128 
64 
118 
77 
17 
72 
26 
104 
89 
31 
124 
13 
84 
49 
145 
160 
66 
96 
2 
28 
39 
76 
171 
183 
79 
179 
48 
98 
3 
32 
135 
4 
5 
140 
68 
0 
87 
59 
187 
55 
109 
141 
159 
96 
129 
60 
168 
113 
83 
92 
8 
114 
58 
173 
70 
38 
144 
65 
186 
78 
76 
30 
172 
119 
132 
110 
25 
64 
60 
5 
26 
4 
106 
108 
116 
147 
94 
121 
11 
127 
36 
91 
141 
83 
8 
75 
85 
149 
100 
57 
138 
146 
162 
168 
74 
130 
88 
82 
107 
14 
9 
161 
89 
62 
46 
156 
38 
186 
52 
140 
87 
142 
180 
75 
143 
19 
24 
76 
77 
45 
144 
131 
57 
157 
70 
93 
130 
38 
166 
12 
9 
127 
69 
98 
152 
145 
108 
15 
28 
90 
165 
123 
182 
95 
118 
72 
86 
175 
133 
50 
139 
18 
141 
168 
30 
4 
97 
6 
12 
66 
131 
55 
140 
79 
82 
59 
127 
107 
34 
61 
167 
70 
21 
52 
122 
31 
114 
71 
53 
147 
137 
36 
77 
37 
130 
121 
176 
179 
8 
28 
172 
51 
9 
21 
165 
75 
178 
2 
160 
132 
146 
143 
4 
156 
39 
133 
162 
11 
13 
177 
60 
34 
129 
150 
184 
48 
24 
76 
66 
135 
119 
37 
114 
64 
181 
174 
9 
78 
155 
47 
79 
180 
61 
36 
110 
98 
27 
8 
173 
118 
128 
154 
146 
38 
108 
16 
106 
175 
59 
121 
130 
93 
183 
39 
105 
48 
20 
32 
178 
14 
158 
47 
53 
9 
168 
76 
84 
140 
51 
3 
143 
78 
15 
62 
49 
69 
161 
164 
98 
119 
142 
184 
118 
33 
21 
107 
87 
82 
38 
2 
137 
117 
51 
68 
162 
95 
66 
152 
133 
161 
178 
81 
138 
56 
12 
39 
154 
170 
16 
74 
8 
30 
25 
163 
15 
122 
117 
99 
135 
160 
120 
136 
88 
1 
92 
13 
108 
183 
33 
90 
168 
174 
126 
85 
123 
107 
74 
94 
151 
185 
72 
125 
186 
111 
120 
45 
77 
109 
15 
138 
22 
66 
0 
64 
133 
140 
173 
86 
130 
134 
6 
156 
144 
44 
17 
176 
50 
47 
142 
98 
59 
169 
137 
26 
24 
159 
182 
136 
14 
135 
114 
39 
160 
25 
2 
151 
81 
63 
56 
52 
105 
1 
181 
3 
174 
27 
99 
38 
111 
68 
131 
54 
184 
118 
8 
2 
21 
53 
178 
176 
185 
187 
73 
31 
116 
147 
17 
143 
127 
5 
12 
51 
61 
24 
121 
77 
22 
78 
16 
67 
117 
58 
75 
104 
26 
115 
155 
123 
57 
48 
159 
63 
170 
20 
40 
168 
0 
187 
27 
171 
175 
42 
72 
95 
62 
143 
83 
69 
109 
140 
21 
123 
100 
30 
61 
67 
90 
76 
169 
137 
32 
119 
39 
116 
6 
186 
99 
130 
49 
181 
133 
97 
149 
57 
180 
25 
110 
114 
34 
54 
69 
51 
126 
46 
177 
0 
28 
66 
171 
53 
155 
184 
93 
41 
113 
168 
79 
152 
187 
35 
102 
45 
104 
108 
105 
40 
151 
12 
24 
48 
135 
14 
180 
21 
130 
10 
17 
73 
129 
184 
134 
106 
127 
35 
32 
150 
2 
15 
80 
95 
36 
105 
185 
109 
111 
53 
90 
44 
22 
42 
130 
135 
172 
166 
115 
56 
96 
9 
145 
157 
51 
84 
179 
59 
148 
46 
147 
114 
127 
27 
141 
60 
57 
65 
151 
142 
62 
106 
70 
54 
28 
135 
144 
154 
164 
42 
174 
91 
173 
74 
111 
140 
180 
97 
117 
105 
40 
52 
102 
25 
13 
181 
66 
148 
167 
5 
67 
38 
168 
99 
6 
51 
65 
48 
104 
45 
132 
156 
76 
30 
121 
80 
115 
137 
107 
7 
36 
96 
184 
72 
135 
61 
62 
4 
139 
21 
171 
108 
149 
116 
11 
60 
173 
43 
63 
93 
100 
3 
157 
174 
126 
87 
101 
55 
90 
159 
162 
111 
183 
140 
53 
34 
33 
129 
38 
27 
182 
146 
117 
136 
26 
70 
156 
51 
6 
12 
92 
111 
137 
181 
56 
134 
125 
157 
175 
23 
130 
105 
167 
178 
69 
150 
21 
145 
172 
71 
46 
138 
174 
0 
42 
30 
155 
109 
31 
85 
32 
114 
82 
152 
24 
58 
184 
94 
96 
164 
102 
136 
78 
176 
150 
144 
168 
147 
178 
140 
90 
156 
139 
7 
14 
121 
69 
165 
123 
75 
127 
86 
149 
104 
108 
163 
112 
36 
77 
91 
152 
42 
110 
182 
130 
180 
131 
80 
145 
83 
81 
8 
26 
170 
60 
89 
106 
166 
13 
63 
44 
69 
171 
41 
85 
93 
97 
174 
17 
86 
33 
94 
155 
55 
129 
151 
42 
46 
145 
173 
45 
73 
116 
172 
67 
68 
23 
64 
35 
36 
109 
82 
185 
111 
26 
76 
37 
187 
24 
128 
168 
9 
127 
117 
176 
62 
0 
95 
22 
152 
97 
107 
99 
177 
69 
37 
166 
13 
15 
147 
24 
53 
39 
8 
114 
77 
34 
185 
32 
109 
46 
58 
20 
179 
181 
127 
2 
121 
126 
36 
11 
9 
66 
40 
158 
59 
14 
92 
38 
51 
86 
79 
176 
93 
125 
122 
44 
100 
112 
37 
35 
126 
134 
108 
173 
139 
128 
89 
19 
176 
160 
4 
92 
33 
69 
25 
49 
44 
58 
93 
68 
167 
156 
182 
46 
63 
87 
130 
169 
170 
70 
127 
180 
13 
31 
42 
118 
32 
97 
50 
105 
126 
37 
143 
102 
18 
3 
116 
12 
178 
28 
46 
66 
22 
41 
45 
1 
6 
43 
55 
128 
20 
131 
169 
67 
47 
141 
118 
21 
91 
66 
58 
174 
51 
115 
11 
40 
103 
78 
95 
166 
124 
72 
13 
181 
161 
76 
77 
18 
113 
35 
70 
150 
41 
24 
68 
131 
110 
142 
155 
47 
174 
175 
16 
45 
54 
149 
135 
109 
159 
129 
128 
157 
120 
150 
158 
161 
186 
51 
119 
68 
183 
11 
43 
12 
187 
63 
127 
38 
80 
20 
136 
58 
108 
0 
180 
158 
169 
116 
113 
24 
148 
1 
28 
114 
166 
40 
13 
93 
61 
185 
4 
177 
26 
157 
130 
36 
120 
59 
107 
17 
81 
73 
144 
33 
121 
6 
106 
178 
186 
2 
182 
163 
38 
131 
115 
168 
118 
113 
160 
25 
87 
75 
53 
85 
99 
69 
16 
128 
47 
92 
139 
114 
167 
68 
174 
151 
105 
96 
70 
109 
119 
12 
27 
158 
156 
67 
45 
98 
3 
103 
130 
44 
71 
51 
25 
35 
38 
157 
11 
165 
112 
161 
16 
92 
169 
26 
172 
163 
58 
93 
184 
180 
164 
46 
97 
114 
69 
124 
139 
187 
185 
171 
50 
131 
51 
92 
110 
53 
78 
128 
134 
183 
69 
18 
6 
57 
81 
145 
144 
13 
38 
58 
91 
20 
118 
168 
116 
127 
55 
142 
182 
8 
170 
135 
178 
114 
30 
111 
166 
37 
120 
149 
45 
104 
5 
176 
129 
12 
113 
140 
7 
97 
151 
122 
13 
146 
121 
125 
171 
119 
96 
100 
120 
30 
148 
161 
184 
168 
164 
48 
77 
92 
178 
35 
46 
105 
155 
175 
138 
0 
117 
43 
167 
81 
80 
109 
123 
19 
57 
85 
30 
96 
33 
69 
93 
163 
108 
162 
12 
154 
26 
15 
53 
75 
145 
112 
58 
70 
63 
74 
102 
59 
125 
103 
94 
185 
21 
7 
115 
66 
9 
105 
116 
13 
147 
84 
122 
101 
45 
76 
79 
80 
146 
174 
166 
117 
169 
155 
138 
28 
93 
51 
153 
6 
19 
85 
24 
69 
2 
59 
40 
36 
67 
70 
99 
68 
172 
177 
4 
118 
132 
174 
92 
94 
167 
0 
16 
62 
164 
124 
137 
36 
12 
15 
57 
134 
169 
49 
162 
71 
32 
47 
1 
135 
84 
186 
146 
149 
54 
122 
70 
100 
31 
45 
121 
151 
166 
97 
182 
17 
52 
46 
137 
48 
112 
118 
8 
67 
104 
36 
53 
59 
132 
29 
73 
68 
61 
141 
158 
99 
10 
98 
40 
145 
175 
162 
126 
26 
85 
42 
153 
181 
184 
121 
4 
22 
174 
96 
56 
127 
172 
150 
148 
41 
152 
102 
114 
159 
7 
45 
163 
166 
117 
0 
92 
32 
153 
95 
58 
93 
76 
125 
73 
121 
103 
115 
27 
111 
79 
59 
140 
18 
38 
14 
62 
25 
16 
23 
47 
30 
28 
120 
167 
50 
41 
74 
180 
64 
126 
172 
4 
94 
117 
99 
118 
183 
129 
105 
171 
67 
186 
36 
169 
165 
181 
161 
109 
168 
74 
178 
39 
11 
59 
117 
156 
131 
145 
97 
127 
114 
35 
168 
89 
108 
16 
78 
45 
2 
71 
29 
187 
163 
113 
153 
182 
41 
42 
140 
121 
67 
118 
139 
159 
123 
59 
114 
69 
177 
80 
152 
105 
8 
86 
158 
88 
176 
34 
18 
124 
52 
62 
46 
26 
61 
165 
65 
0 
38 
93 
157 
84 
31 
53 
23 
80 
166 
176 
36 
87 
20 
22 
135 
50 
67 
114 
187 
115 
155 
17 
129 
125 
14 
39 
150 
126 
172 
88 
124 
186 
90 
20 
49 
12 
111 
1 
103 
139 
183 
54 
104 
175 
53 
116 
98 
63 
113 
102 
24 
80 
35 
147 
100 
84 
153 
72 
73 
68 
60 
22 
152 
140 
2 
131 
155 
156 
115 
174 
8 
118 
101 
65 
36 
53 
32 
127 
160 
81 
33 
169 
62 
34 
100 
132 
67 
25 
42 
144 
139 
57 
19 
30 
163 
44 
14 
6 
18 
70 
39 
101 
27 
50 
69 
158 
58 
83 
146 
119 
67 
172 
183 
159 
66 
10 
87 
111 
53 
110 
36 
124 
52 
135 
73 
103 
160 
76 
51 
100 
96 
131 
79 
62 
74 
3 
149 
58 
32 
183 
145 
171 
121 
29 
50 
178 
8 
185 
54 
102 
129 
26 
2 
45 
81 
134 
175 
144 
89 
16 
137 
61 
153 
148 
53 
31 
57 
24 
112 
87 
142 
120 
12 
168 
1 
165 
175 
33 
20 
66 
99 
0 
145 
113 
178 
74 
70 
73 
95 
169 
185 
97 
63 
139 
41 
43 
27 
101 
115 
38 
182 
79 
174 
49 
25 
173 
107 
127 
162 
75 
6 
55 
186 
103 
48 
128 
10 
34 
148 
91 
177 
19 
98 
180 
154 
12 
72 
113 
114 
88 
20 
117 
15 
109 
41 
63 
105 
29 
186 
30 
104 
89 
116 
28 
93 
78 
21 
58 
129 
135 
156 
168 
81 
91 
82 
