0.012700 
0.017600 
0.018900 
0.022300 
0.022800 
0.025100 
0.025100 
0.031000 
0.037500 
0.040000 
0.041600 
0.043300 
0.043700 
0.044800 
0.055300 
0.056500 
0.060000 
0.060800 
0.061000 
0.068300 
0.075900 
0.078500 
0.080700 
0.086400 
0.086600 
0.087600 
0.091100 
0.093100 
0.093400 
0.094800 
0.097100 
0.098200 
0.099300 
0.101100 
0.102700 
0.103300 
0.104400 
0.108800 
0.109300 
0.110200 
0.110900 
0.111600 
0.112600 
0.112700 
0.113500 
0.113600 
0.115500 
0.115700 
0.117900 
0.120000 
0.126500 
0.131500 
0.131700 
0.132300 
0.133900 
0.136300 
0.137900 
0.140400 
0.142400 
0.144900 
0.146200 
0.146300 
0.146800 
0.149800 
0.150200 
0.153100 
0.154800 
0.156600 
0.156600 
0.159600 
0.160200 
0.161100 
0.163200 
0.164700 
0.166700 
0.167400 
0.168000 
0.172000 
0.173900 
0.174600 
0.177900 
0.178200 
0.178800 
0.179000 
0.179500 
0.181200 
0.181900 
0.182400 
0.183500 
0.185700 
0.187400 
0.188000 
0.188800 
0.189100 
0.192400 
0.195700 
0.197700 
0.202600 
0.204400 
0.207000 
0.210900 
0.213700 
0.215600 
0.215800 
0.218400 
0.219400 
0.223700 
0.225800 
0.227200 
0.230100 
0.233700 
0.234300 
0.234900 
0.239100 
0.240000 
0.240100 
0.241400 
0.247600 
0.248100 
0.249000 
0.250400 
0.252100 
0.252700 
0.254200 
0.255700 
0.256800 
0.256800 
0.257600 
0.262900 
0.263400 
0.264200 
0.264800 
0.268800 
0.269000 
0.270700 
0.271400 
0.271400 
0.280400 
0.282500 
0.283100 
0.284700 
0.285800 
0.286500 
0.288400 
0.289000 
0.291000 
0.293100 
0.293600 
0.294400 
0.296800 
0.299100 
0.300100 
0.301200 
0.301300 
0.302600 
0.303700 
0.304000 
0.320900 
0.323400 
0.324100 
0.324100 
0.328400 
0.338500 
0.342300 
0.342500 
0.343300 
0.345400 
0.346000 
0.347300 
0.348100 
0.348500 
0.351300 
0.353000 
0.355100 
0.357300 
0.359900 
0.361700 
0.362600 
0.362800 
0.364100 
0.367400 
0.368500 
0.369700 
0.370100 
0.370800 
0.371900 
0.375200 
0.375800 
0.376600 
0.377200 
0.384500 
0.384800 
0.385000 
0.386200 
0.388000 
0.389400 
0.394500 
0.394900 
0.399300 
0.401000 
0.401100 
0.401500 
0.402200 
0.403600 
0.404600 
0.404800 
0.406600 
0.406800 
0.412100 
0.415300 
0.416900 
0.417200 
0.419400 
0.420300 
0.421800 
0.422400 
0.424600 
0.424600 
0.426100 
0.430800 
0.432500 
0.433100 
0.437300 
0.439400 
0.440100 
0.440500 
0.443600 
0.446400 
0.448400 
0.449300 
0.449800 
0.451500 
0.452600 
0.456600 
0.457100 
0.458200 
0.460100 
0.463000 
0.464800 
0.468100 
0.469000 
0.471100 
0.475000 
0.475500 
0.476200 
0.477000 
0.477000 
0.480800 
0.482200 
0.482900 
0.487100 
0.487100 
0.490000 
0.490100 
0.493100 
0.493400 
0.494400 
0.496200 
0.496400 
0.498800 
0.500700 
0.501000 
0.502000 
0.506400 
0.506500 
0.506600 
0.508400 
0.512200 
0.515700 
0.516900 
0.518000 
0.520600 
0.521300 
0.522800 
0.525400 
0.526700 
0.527600 
0.527700 
0.531300 
0.532000 
0.540900 
0.543700 
0.543900 
0.545400 
0.547900 
0.549200 
0.549300 
0.550400 
0.551500 
0.553000 
0.553800 
0.556400 
0.557800 
0.565300 
0.567300 
0.568100 
0.568400 
0.568600 
0.569800 
0.573900 
0.574100 
0.580800 
0.581100 
0.583600 
0.584300 
0.589000 
0.589700 
0.593400 
0.594600 
0.595600 
0.596500 
0.601100 
0.602300 
0.602600 
0.604400 
0.611500 
0.612600 
0.614000 
0.616300 
0.617100 
0.618000 
0.619900 
0.620400 
0.623600 
0.624900 
0.629400 
0.632100 
0.634400 
0.634500 
0.639700 
0.641300 
0.645100 
0.646400 
0.647200 
0.650400 
0.656900 
0.657200 
0.657600 
0.658000 
0.660700 
0.661200 
0.664400 
0.667500 
0.667600 
0.667800 
0.670900 
0.674900 
0.675100 
0.675600 
0.676700 
0.677800 
0.677900 
0.679800 
0.679800 
0.683800 
0.689300 
0.690600 
0.692300 
0.698500 
0.703700 
0.706500 
0.706600 
0.707500 
0.707800 
0.708400 
0.709400 
0.711500 
0.712000 
0.712700 
0.714300 
0.714500 
0.717100 
0.717400 
0.718600 
0.720600 
0.723500 
0.727000 
0.729300 
0.729800 
0.730700 
0.732500 
0.738000 
0.739800 
0.740300 
0.740500 
0.743300 
0.748600 
0.750600 
0.750800 
0.751000 
0.752600 
0.759800 
0.760500 
0.764500 
0.766500 
0.772000 
0.772600 
0.772800 
0.773000 
0.773600 
0.774700 
0.775800 
0.777000 
0.777700 
0.777900 
0.778200 
0.779600 
0.780300 
0.783600 
0.784100 
0.791100 
0.791400 
0.794600 
0.794900 
0.796100 
0.798600 
0.802600 
0.804700 
0.804800 
0.805700 
0.809400 
0.810000 
0.810200 
0.812100 
0.812300 
0.812600 
0.813100 
0.813500 
0.813500 
0.822700 
0.826800 
0.828800 
0.829500 
0.830000 
0.832400 
0.835600 
0.838900 
0.840000 
0.841700 
0.842900 
0.845200 
0.850600 
0.851800 
0.857900 
0.858600 
0.859200 
0.859400 
0.861300 
0.861500 
0.863300 
0.865000 
0.866700 
0.867300 
0.868700 
0.870900 
0.871600 
0.872300 
0.873000 
0.878500 
0.879300 
0.880200 
0.882800 
0.883900 
0.889900 
0.901100 
0.905900 
0.910300 
0.910500 
0.911500 
0.911600 
0.913200 
0.913500 
0.913700 
0.914900 
0.917400 
0.917500 
0.917800 
0.917900 
0.919600 
0.919900 
0.920200 
0.925000 
0.926200 
0.927600 
0.931700 
0.934500 
0.936500 
0.936600 
0.936900 
0.939000 
0.941500 
0.945000 
0.946100 
0.947500 
0.948800 
0.949600 
0.950900 
0.951800 
0.953600 
0.953800 
0.956000 
0.956600 
0.959800 
0.962100 
0.963100 
0.965700 
0.966500 
0.968700 
0.968800 
0.970900 
0.976000 
0.984500 
0.984600 
0.984600 
0.989800 
0.990500 
0.991700 
0.993800 
0.995200 
0.995400 
0.996500 
0.998100 
0.999000 
1.000900 
1.001100 
1.001400 
1.002300 
1.003600 
1.004100 
1.006300 
1.011100 
1.011400 
1.012200 
1.013000 
1.013000 
1.013900 
1.014600 
1.016200 
1.016600 
1.017200 
1.017900 
1.019400 
1.019800 
1.020600 
1.020800 
1.022500 
1.022800 
1.023000 
1.024500 
1.027500 
1.027700 
1.028600 
1.028800 
1.029500 
1.029600 
1.029800 
1.029900 
1.030200 
1.030400 
1.030500 
1.031500 
1.031600 
1.032800 
1.032800 
1.033400 
1.033400 
1.034700 
1.035600 
1.035700 
1.035900 
1.036600 
1.037300 
1.038400 
1.038900 
1.039500 
1.041100 
1.041300 
1.041500 
1.041600 
1.042100 
1.042100 
1.042300 
1.042600 
1.044000 
1.044500 
1.046200 
1.046200 
1.046800 
1.047100 
1.047900 
1.048100 
1.049400 
1.050500 
1.051000 
1.051800 
1.052600 
1.053600 
1.054200 
1.054400 
1.054700 
1.056300 
1.057200 
1.058100 
1.058700 
1.059100 
1.060600 
1.061000 
1.061100 
1.061100 
1.063400 
1.064400 
1.065000 
1.065100 
1.066100 
1.066200 
1.066400 
1.066900 
1.069400 
1.070500 
1.071200 
1.071800 
1.072600 
1.073200 
1.073500 
1.073700 
1.073900 
1.074100 
1.074100 
1.074300 
1.074600 
1.075000 
1.075200 
1.075300 
1.076000 
1.076500 
1.076600 
1.077700 
1.078200 
1.079200 
1.079300 
1.079400 
1.079900 
1.081000 
1.081100 
1.081300 
1.081700 
1.082100 
1.082800 
1.082800 
1.083300 
1.083500 
1.083700 
1.084700 
1.085100 
1.085500 
1.086900 
1.087300 
1.087600 
1.089100 
1.089200 
1.089900 
1.090100 
1.090200 
1.090200 
1.090500 
1.090900 
1.091000 
1.091600 
1.092400 
1.092700 
1.093400 
1.093500 
1.093500 
1.093800 
1.094400 
1.094900 
1.096000 
1.097100 
1.097600 
1.097600 
1.098300 
1.099700 
1.100400 
1.100800 
1.101300 
1.101600 
1.101600 
1.101700 
1.102100 
1.102300 
1.102600 
1.102800 
1.103000 
1.103200 
1.104500 
1.105800 
1.105900 
1.106400 
1.106500 
1.106900 
1.107200 
1.107400 
1.107600 
1.108200 
1.108800 
1.108900 
1.111000 
1.111000 
1.111100 
1.112100 
1.113300 
1.113500 
1.114100 
1.114200 
1.114300 
1.114500 
1.114800 
1.117000 
1.118400 
1.118600 
1.118700 
1.118700 
1.119900 
1.120300 
1.120400 
1.120700 
1.120700 
1.122000 
1.122100 
1.123100 
1.123900 
1.125400 
1.126300 
1.126400 
1.126500 
1.127300 
1.127500 
1.129000 
1.129800 
1.130500 
1.130700 
1.130800 
1.130900 
1.131400 
1.131600 
1.132000 
1.132300 
1.132400 
1.134400 
1.134400 
1.134900 
1.134900 
1.135900 
1.136000 
1.136000 
1.136300 
1.136400 
1.136500 
1.137000 
1.137900 
1.138400 
1.139800 
1.141400 
1.141900 
1.143500 
1.144400 
1.145200 
1.145700 
1.146800 
1.147500 
1.147800 
1.148200 
1.148200 
1.149100 
1.149200 
1.149400 
1.150500 
1.150700 
1.151200 
1.151400 
1.151500 
1.152200 
1.152600 
1.152700 
1.153400 
1.153400 
1.153400 
1.154000 
1.154200 
1.154300 
1.154800 
1.155200 
1.155400 
1.155700 
1.156000 
1.156300 
1.157000 
1.157100 
1.158100 
1.158400 
1.158700 
1.158900 
1.159000 
1.159800 
1.159800 
1.160000 
1.161000 
1.161400 
1.161900 
1.162100 
1.163100 
1.163500 
1.163600 
1.164700 
1.165200 
1.165600 
1.165800 
1.166100 
1.166200 
1.166400 
1.167000 
1.167300 
1.167500 
1.168400 
1.168700 
1.169300 
1.170400 
1.170800 
1.170900 
1.170900 
1.172300 
1.172700 
1.173400 
1.173900 
1.174900 
1.175200 
1.175200 
1.175500 
1.176000 
1.176100 
1.176700 
1.177900 
1.180700 
1.180900 
1.182400 
1.182700 
1.183700 
1.183900 
1.184800 
1.185700 
1.186800 
1.186800 
1.187000 
1.187200 
1.187400 
1.188000 
1.188000 
1.188500 
1.188900 
1.189000 
1.190400 
1.190700 
1.191300 
1.192400 
1.192500 
1.193700 
1.194300 
1.194800 
1.195200 
1.196000 
1.196300 
1.196500 
1.196700 
1.197000 
1.197700 
1.199000 
1.199300 
1.199800 
1.200200 
1.200500 
1.200700 
1.200800 
1.200900 
1.201400 
1.201700 
1.202200 
1.202400 
1.203800 
1.204500 
1.204700 
1.204700 
1.206800 
1.206900 
1.208500 
1.211500 
1.211600 
1.212300 
1.213600 
1.215100 
1.215800 
1.215900 
1.216600 
1.216700 
1.217500 
1.217700 
1.218100 
1.218300 
1.218400 
1.218400 
1.219400 
1.219900 
1.221600 
1.222000 
1.222500 
1.222500 
1.222500 
1.223500 
1.224900 
1.226600 
1.227800 
1.227900 
1.227900 
1.228600 
1.228800 
1.229400 
1.229400 
1.229600 
1.229900 
1.230100 
1.230700 
1.231500 
1.232000 
1.232000 
1.232400 
1.233300 
1.233400 
1.234800 
1.235100 
1.235700 
1.235700 
1.236000 
1.236200 
1.237000 
1.237100 
1.237300 
1.237900 
1.238100 
1.238300 
1.238500 
1.239400 
1.240100 
1.240400 
1.240600 
1.241000 
1.241200 
1.241400 
1.241700 
1.242700 
1.243500 
1.243500 
1.243600 
1.243800 
1.244200 
1.244500 
1.244600 
1.245100 
1.245500 
1.245900 
1.246200 
1.246400 
1.246700 
1.248300 
1.248600 
1.248800 
1.249200 
1.249300 
1.249500 
1.250000 
1.250200 
1.250300 
1.250800 
1.251200 
1.251700 
1.254300 
1.254500 
1.255200 
1.255900 
1.256200 
1.257100 
1.258200 
1.258500 
1.258600 
1.258700 
1.259100 
1.260300 
1.260500 
1.260700 
1.260700 
1.261600 
1.262100 
1.263100 
1.263400 
1.264200 
1.264600 
1.266700 
1.267000 
1.267300 
1.267400 
1.267600 
1.267800 
1.268100 
1.268400 
1.268800 
1.269400 
1.269500 
1.269800 
1.270200 
1.270300 
1.271500 
1.272500 
1.272800 
1.273500 
1.273800 
1.274100 
1.274200 
1.274300 
1.274600 
1.275400 
1.275500 
1.275700 
1.275700 
1.276400 
1.276700 
1.276900 
1.276900 
1.277400 
1.279100 
1.279300 
1.279500 
1.280000 
1.280000 
1.280800 
1.280900 
1.281700 
1.281900 
1.281900 
1.282100 
1.282100 
1.282200 
1.283600 
1.283600 
1.283800 
1.284000 
1.284500 
1.284600 
1.285000 
1.285100 
1.286400 
1.286600 
1.287800 
1.288000 
1.288900 
1.289000 
1.289400 
1.290600 
1.291400 
1.291500 
1.291900 
1.292400 
1.293400 
1.294300 
1.294600 
1.295000 
1.295300 
1.295600 
1.295800 
1.296200 
1.296600 
1.298600 
1.298800 
1.299400 
1.300000 
1.301800 
1.301900 
1.302200 
1.302300 
1.302400 
1.302900 
1.304000 
1.304100 
1.304100 
1.305500 
1.306200 
1.306700 
1.307800 
1.308900 
1.309800 
1.311000 
1.311200 
1.311400 
1.311700 
1.312300 
1.312500 
1.312700 
1.314800 
1.315200 
1.315300 
1.316500 
1.317400 
1.318200 
1.318600 
1.318700 
1.318900 
1.319800 
1.320900 
1.321000 
1.321200 
1.321700 
1.322100 
1.322500 
1.322800 
1.322800 
1.323200 
1.323600 
1.324400 
1.324600 
1.324800 
1.325100 
1.325300 
1.325800 
1.326800 
1.326900 
1.326900 
1.327100 
1.327600 
1.327700 
1.328500 
1.328900 
1.329000 
1.330600 
1.330800 
1.331400 
1.332600 
1.333800 
1.334500 
1.336600 
1.336800 
1.337800 
1.338200 
1.338300 
1.338500 
1.339600 
1.340300 
1.340400 
1.341200 
1.342000 
1.343200 
1.343900 
1.344100 
1.344300 
1.347200 
1.348100 
1.348700 
1.349400 
1.349400 
1.350100 
1.350100 
1.350400 
1.351000 
1.351200 
1.352000 
1.352300 
1.352600 
1.352700 
1.353500 
1.354200 
1.354200 
1.354800 
1.354900 
1.355000 
1.357400 
1.357500 
1.357600 
1.357900 
1.360000 
1.360600 
1.361100 
1.361200 
1.362300 
1.362600 
1.362800 
1.362800 
1.364100 
1.364700 
1.365300 
1.366500 
1.366700 
1.367400 
1.368000 
1.368200 
1.368500 
1.369800 
1.370600 
1.370700 
1.370900 
1.371300 
1.371900 
1.372800 
1.373200 
1.373400 
1.373400 
1.373800 
1.373900 
1.373900 
1.374200 
1.374200 
1.374800 
1.375900 
1.376200 
1.376600 
1.376600 
1.376800 
1.376900 
1.377000 
1.377800 
1.378300 
1.379000 
1.379100 
1.379400 
1.380600 
1.380700 
1.381900 
1.382100 
1.382400 
1.382400 
1.382700 
1.383300 
1.383800 
1.385100 
1.385700 
1.386900 
1.387300 
1.387800 
1.388300 
1.388500 
1.388600 
1.389000 
1.389500 
1.390500 
1.391200 
1.391400 
1.392600 
1.392800 
1.393600 
1.394300 
1.395000 
1.396600 
1.396900 
1.396900 
1.397600 
1.397900 
1.398100 
1.398300 
1.398400 
1.399200 
1.399800 
1.400200 
1.400400 
1.400900 
1.401000 
1.401500 
1.402200 
1.402700 
1.404100 
1.404700 
1.405200 
1.406400 
1.406500 
1.407100 
1.407100 
1.407600 
1.408600 
1.408900 
1.410100 
1.410600 
1.410800 
1.411200 
1.411300 
1.412800 
1.413200 
1.413300 
1.413700 
1.414700 
1.414800 
1.414900 
1.414900 
1.415100 
1.415800 
1.415800 
1.416000 
1.416100 
1.416200 
1.416900 
1.417300 
1.417500 
1.417800 
1.417900 
1.418100 
1.418700 
1.419100 
1.420200 
1.420500 
1.420700 
1.421400 
1.421500 
1.422000 
1.422800 
1.423000 
1.423900 
1.424100 
1.424400 
1.424800 
1.425600 
1.425600 
1.425700 
1.425700 
1.426400 
1.427700 
1.428000 
1.429200 
1.429700 
1.430000 
1.430800 
1.431500 
1.431500 
1.431600 
1.432100 
1.434000 
1.434600 
1.434700 
1.435000 
1.435900 
1.435900 
1.436000 
1.436300 
1.437000 
1.437400 
1.437500 
1.439500 
1.440400 
1.440700 
1.441100 
1.441200 
1.441700 
1.441700 
1.443400 
1.443700 
1.443800 
1.444600 
1.444900 
1.445000 
1.445800 
1.446200 
1.446700 
1.447100 
1.447700 
1.447900 
1.448700 
1.448700 
1.448800 
1.449300 
1.450000 
1.450300 
1.450800 
1.450900 
1.451200 
1.451400 
1.451400 
1.451600 
1.452400 
1.452600 
1.453200 
1.454700 
1.454700 
1.455500 
1.455700 
1.456000 
1.456600 
1.456700 
1.456700 
1.457200 
1.457900 
1.458500 
1.459000 
1.461700 
1.462900 
1.464400 
1.465000 
1.465300 
1.465800 
1.466000 
1.466200 
1.466500 
1.467100 
1.467400 
1.467600 
1.467700 
1.467800 
1.468100 
1.468200 
1.468600 
1.468600 
1.468800 
1.469300 
1.469300 
1.469700 
1.470100 
1.470300 
1.470600 
1.471200 
1.471300 
1.473500 
1.474200 
1.475000 
1.475000 
1.475500 
1.475700 
1.476100 
1.476300 
1.476700 
1.477100 
1.478000 
1.478300 
1.478800 
1.479800 
1.481200 
1.481900 
1.482300 
1.483000 
1.483200 
1.484200 
1.484200 
1.484800 
1.484900 
1.485800 
1.486000 
1.486400 
1.487300 
1.487800 
1.488100 
1.488800 
1.489100 
1.489100 
1.489400 
1.489800 
1.489900 
1.490900 
1.491500 
1.491500 
1.491700 
1.492000 
1.493600 
1.493700 
1.494100 
1.494500 
1.494700 
1.495600 
1.495600 
1.495800 
1.496200 
1.496700 
1.499100 
1.500400 
1.500800 
1.501600 
1.502000 
1.502300 
1.502500 
1.502600 
1.502900 
1.503800 
1.503900 
1.504200 
1.504700 
1.504700 
1.505000 
1.505000 
1.505300 
1.506400 
1.506400 
1.507300 
1.509500 
1.509600 
1.510100 
1.510600 
1.512100 
1.512200 
1.512500 
1.512600 
1.513500 
1.514100 
1.514600 
1.515500 
1.515500 
1.515800 
1.518400 
1.518700 
1.518700 
1.519200 
1.520000 
1.520300 
1.520800 
1.520900 
1.521000 
1.522500 
1.523700 
1.524200 
1.524500 
1.524700 
1.525300 
1.525500 
1.525700 
1.525900 
1.526100 
1.526700 
1.528200 
1.528200 
1.528800 
1.529200 
1.529900 
1.530400 
1.530400 
1.530700 
1.530700 
1.531600 
1.532000 
1.532500 
1.532700 
1.533400 
1.533900 
1.534300 
1.534500 
1.534600 
1.535000 
1.535000 
1.535200 
1.535300 
1.536300 
1.536400 
1.536400 
1.537100 
1.537200 
1.537400 
1.538100 
1.539500 
1.540200 
1.544100 
1.544300 
1.545800 
1.546400 
1.546500 
1.546500 
1.547600 
1.548300 
1.548400 
1.548500 
1.548800 
1.549200 
1.549600 
1.549800 
1.549800 
1.550200 
1.550300 
1.550600 
1.550600 
1.550700 
1.551900 
1.552100 
1.552700 
1.553000 
1.553000 
1.553400 
1.553700 
1.554300 
1.555200 
1.555600 
1.555700 
1.556200 
1.556500 
1.557600 
1.557700 
1.558100 
1.558400 
1.558900 
1.559500 
1.560500 
1.561000 
1.561100 
1.561200 
1.561400 
1.561800 
1.561900 
1.562800 
1.562900 
1.563700 
1.563700 
1.564300 
1.564500 
1.564800 
1.564800 
1.565000 
1.565100 
1.565600 
1.566200 
1.566600 
1.566700 
1.567300 
1.567500 
1.567900 
1.568400 
1.568500 
1.569700 
1.570000 
1.570300 
1.570600 
1.570900 
1.571100 
1.573300 
1.574900 
1.575500 
1.575500 
1.575900 
1.576400 
1.576700 
1.577900 
1.578100 
1.578400 
1.578500 
1.578800 
1.579300 
1.579300 
1.580600 
1.581400 
1.581600 
1.582000 
1.582700 
1.584000 
1.584300 
1.585000 
1.585200 
1.585300 
1.586000 
1.587400 
1.588100 
1.588800 
1.589200 
1.589300 
1.589400 
1.590000 
1.592500 
1.592900 
1.593300 
1.593500 
1.593500 
1.593700 
1.593700 
1.594200 
1.594500 
1.595100 
1.595500 
1.596000 
1.596300 
1.596400 
1.596500 
1.597400 
1.597800 
1.599800 
1.600100 
1.600200 
1.600900 
1.601700 
1.601800 
1.602900 
1.603200 
1.603200 
1.603900 
1.603900 
1.604900 
1.606100 
1.607000 
1.607200 
1.607200 
1.607700 
1.607800 
1.608300 
1.609100 
1.609100 
1.609700 
1.609900 
1.610200 
1.610300 
1.610400 
1.610900 
1.611900 
1.612400 
1.612500 
1.613200 
1.613300 
1.613400 
1.613700 
1.613700 
1.613800 
1.615300 
1.615400 
1.617200 
1.617700 
1.618100 
1.618600 
1.618600 
1.619100 
1.620200 
1.620400 
1.620800 
1.620900 
1.620900 
1.621300 
1.621300 
1.622200 
1.622500 
1.622700 
1.623100 
1.623100 
1.623600 
1.623800 
1.624800 
1.625100 
1.625200 
1.625600 
1.626900 
1.627400 
1.627700 
1.627800 
1.628100 
1.628200 
1.628700 
1.629300 
1.631600 
1.631800 
1.632700 
1.632800 
1.632900 
1.632900 
1.633300 
1.633800 
1.634200 
1.634200 
1.635300 
1.635900 
1.637500 
1.637500 
1.637700 
1.639200 
1.640000 
1.640100 
1.641800 
1.642100 
1.642200 
1.642300 
1.642900 
1.643700 
1.643800 
1.644900 
1.645800 
1.645900 
1.646200 
1.646500 
1.647400 
1.647800 
1.647800 
1.648400 
1.648900 
1.649500 
1.649600 
1.649800 
1.650000 
1.650800 
1.651000 
1.651700 
1.651800 
1.652100 
1.652400 
1.652600 
1.653300 
1.653600 
1.656100 
1.656200 
1.656800 
1.657500 
1.657700 
1.660100 
1.660700 
1.660700 
1.661800 
1.661900 
1.662400 
1.663000 
1.663500 
1.664700 
1.665800 
1.667300 
1.667300 
1.667600 
1.667900 
1.668500 
1.670400 
1.670600 
1.670800 
1.670900 
1.671300 
1.671400 
1.671800 
1.671800 
1.672200 
1.674000 
1.675400 
1.676100 
1.677000 
1.677500 
1.679000 
1.679100 
1.679100 
1.679300 
1.679900 
1.680200 
1.680200 
1.680300 
1.681800 
1.683000 
1.683800 
1.683800 
1.684600 
1.684600 
1.684900 
1.685600 
1.686800 
1.687100 
1.687400 
1.687600 
1.687900 
1.688700 
1.689300 
1.689400 
1.689500 
1.690000 
1.690000 
1.690600 
1.691800 
1.691900 
1.692300 
1.692500 
1.693500 
1.693500 
1.693600 
1.693700 
1.693700 
1.693900 
1.694000 
1.694000 
1.694100 
1.694700 
1.695300 
1.696400 
1.697000 
1.697100 
1.697500 
1.698600 
1.698800 
1.699100 
1.700200 
1.701000 
1.701100 
1.701300 
1.702000 
1.702200 
1.702700 
1.702700 
1.702900 
1.703200 
1.703500 
1.703600 
1.704400 
1.705300 
1.705300 
1.705600 
1.706000 
1.706800 
1.707400 
1.707500 
1.707900 
1.708400 
1.708700 
1.708800 
1.708800 
1.711500 
1.712600 
1.713500 
1.715000 
1.715500 
1.715700 
1.715800 
1.715900 
1.716100 
1.716300 
1.716400 
1.716400 
1.716500 
1.716900 
1.717400 
1.718000 
1.718500 
1.718600 
1.718700 
1.719800 
1.719900 
1.720100 
1.720200 
1.720400 
1.720600 
1.720700 
1.720800 
1.721000 
1.721500 
1.721700 
1.722400 
1.723200 
1.724000 
1.724200 
1.724600 
1.725900 
1.726600 
1.727000 
1.727700 
1.728200 
1.728400 
1.728600 
1.729100 
1.729300 
1.729600 
1.730300 
1.731600 
1.732300 
1.732400 
1.734600 
1.734700 
1.734700 
1.735100 
1.735700 
1.735800 
1.736500 
1.736700 
1.737500 
1.737900 
1.738000 
1.738100 
1.738600 
1.739100 
1.740000 
1.740400 
1.740800 
1.743400 
1.743400 
1.744000 
1.744100 
1.744300 
1.744400 
1.745300 
1.745400 
1.747300 
1.747400 
1.747700 
1.749000 
1.750400 
1.750500 
1.751100 
1.751900 
1.752100 
1.752300 
1.753100 
1.753500 
1.754000 
1.754600 
1.754900 
1.755000 
1.755000 
1.755700 
1.756000 
1.756700 
1.756900 
1.757000 
1.757100 
1.757600 
1.757800 
1.758400 
1.758500 
1.759000 
1.759900 
1.760100 
1.760400 
1.760500 
1.760500 
1.760600 
1.760900 
1.761300 
1.761400 
1.762100 
1.762900 
1.763200 
1.763500 
1.764000 
1.765700 
1.765800 
1.766400 
1.766400 
1.766800 
1.766900 
1.767700 
1.767900 
1.768100 
1.768700 
1.770100 
1.770400 
1.770700 
1.771400 
1.771500 
1.771900 
1.773500 
1.773800 
1.774000 
1.774100 
1.774900 
1.775200 
1.775800 
1.777700 
1.778500 
1.778500 
1.778500 
1.780200 
1.781100 
1.781500 
1.781600 
1.782300 
1.782400 
1.782600 
1.783000 
1.783700 
1.784300 
1.784400 
1.784600 
1.784700 
1.786400 
1.786500 
1.786900 
1.787800 
1.787900 
1.788600 
1.788800 
1.789700 
1.791100 
1.791400 
1.791500 
1.792200 
1.792400 
1.792600 
1.792700 
1.793400 
1.793600 
1.793800 
1.794000 
1.794500 
1.795000 
1.795900 
1.796800 
1.796900 
1.797500 
1.797700 
1.797800 
1.798100 
1.799000 
1.799900 
1.800900 
1.802000 
1.802300 
1.802400 
1.802900 
1.803200 
1.803700 
1.803900 
1.804200 
1.804400 
1.805700 
1.805700 
1.805800 
1.805900 
1.806400 
1.806500 
1.807200 
1.807200 
1.808400 
1.808400 
1.808500 
1.809300 
1.809800 
1.810000 
1.811300 
1.813400 
1.813900 
1.813900 
1.815100 
1.816000 
1.816100 
1.817300 
1.817900 
1.818500 
1.818700 
1.819500 
1.819800 
1.820000 
1.820100 
1.820300 
1.820400 
1.821200 
1.821600 
1.822900 
1.823700 
1.823800 
1.824400 
1.824600 
1.824900 
1.825000 
1.825300 
1.825300 
1.825900 
1.826700 
1.827200 
1.827700 
1.828400 
1.829000 
1.829300 
1.829400 
1.829500 
1.830600 
1.830700 
1.832000 
1.832100 
1.832600 
1.833000 
1.834400 
1.834900 
1.835000 
1.835700 
1.836600 
1.837100 
1.837500 
1.837800 
1.838200 
1.838700 
1.838700 
1.839300 
1.839800 
1.839800 
1.840500 
1.840800 
1.841000 
1.841900 
1.842500 
1.842600 
1.842700 
1.843400 
1.843700 
1.843900 
1.845400 
1.845800 
1.846200 
1.846800 
1.847200 
1.847900 
1.848200 
1.848300 
1.848700 
1.849200 
1.849200 
1.850100 
1.850100 
1.850400 
1.850400 
1.851500 
1.852600 
1.853100 
1.853300 
1.853400 
1.853700 
1.854900 
1.855000 
1.855200 
1.855600 
1.855900 
1.855900 
1.856800 
1.856900 
1.858100 
1.859100 
1.859300 
1.859400 
1.860000 
1.860200 
1.860500 
1.860900 
1.863900 
1.864600 
1.865100 
1.865200 
1.865500 
1.865500 
1.865600 
1.866300 
1.866800 
1.867100 
1.867100 
1.867200 
1.867600 
1.868400 
1.869000 
1.870200 
1.871300 
1.871400 
1.871700 
1.871800 
1.872100 
1.872300 
1.872300 
1.872400 
1.872800 
1.874400 
1.875300 
1.875900 
1.876000 
1.876100 
1.879600 
1.879800 
1.880000 
1.880900 
1.881600 
1.881900 
1.882200 
1.882200 
1.883100 
1.883300 
1.883900 
1.884700 
1.885200 
1.885500 
1.887300 
1.887700 
1.887800 
1.887900 
1.888400 
1.888700 
1.888700 
1.888900 
1.889500 
1.890000 
1.890300 
1.890900 
1.891800 
1.892000 
1.892900 
1.893000 
1.893500 
1.893700 
1.893800 
1.895600 
1.895900 
1.896600 
1.896700 
1.896800 
1.896900 
1.898600 
1.898700 
1.898800 
1.898900 
1.899100 
1.899700 
1.900100 
1.900200 
1.901600 
1.901900 
1.903900 
1.904700 
1.905000 
1.905300 
1.905500 
1.905600 
1.905900 
1.906400 
1.906500 
1.906600 
1.906800 
1.907200 
1.907900 
1.907900 
1.908300 
1.908700 
1.908700 
1.909300 
1.910300 
1.910300 
1.910400 
1.911100 
1.911400 
1.911800 
1.912300 
1.912900 
1.913400 
1.914000 
1.914100 
1.914200 
1.914300 
1.914500 
1.914600 
1.915200 
1.915300 
1.916100 
1.916200 
1.916400 
1.916700 
1.917000 
1.917900 
1.919000 
1.919100 
1.919100 
1.919200 
1.920700 
1.921000 
1.922000 
1.922900 
1.923100 
1.923200 
1.924300 
1.924900 
1.924900 
1.927500 
1.927500 
1.928200 
1.928300 
1.929100 
1.929600 
1.930300 
1.931200 
1.931400 
1.931800 
1.932100 
1.932100 
1.932200 
1.932600 
1.932700 
1.934400 
1.934600 
1.934900 
1.935100 
1.935100 
1.935500 
1.935500 
1.935900 
1.936100 
1.936500 
1.937400 
1.937800 
1.937900 
1.938200 
1.938300 
1.938900 
1.939300 
1.940000 
1.940200 
1.941500 
1.941900 
1.942300 
1.942900 
1.942900 
1.943800 
1.945400 
1.945800 
1.945900 
1.946600 
1.946800 
1.947700 
1.948000 
1.948600 
1.949400 
1.950000 
1.950200 
1.951000 
1.951400 
1.952200 
1.952800 
1.953000 
1.953300 
1.954100 
1.954400 
1.954700 
1.955500 
1.956200 
1.956300 
1.956600 
1.957500 
1.957800 
1.958300 
1.958600 
1.958600 
1.958600 
1.958700 
1.960500 
1.960700 
1.961500 
1.961600 
1.961600 
1.961700 
1.962200 
1.962700 
1.962700 
1.962800 
1.964400 
1.965400 
1.966100 
1.966700 
1.967400 
1.967700 
1.967900 
1.968300 
1.969700 
1.969900 
1.970300 
1.970400 
1.970800 
1.971000 
1.972200 
1.972400 
1.974500 
1.974500 
1.974600 
1.974600 
1.974800 
1.974900 
1.976200 
1.976500 
1.977000 
1.977100 
1.977600 
1.978500 
1.979600 
1.979900 
1.979900 
1.980300 
1.981100 
1.981500 
1.981800 
1.982200 
1.983300 
1.984300 
1.985400 
1.985900 
1.986300 
1.986600 
1.986700 
1.986800 
1.988500 
1.989100 
1.990200 
1.992000 
1.992500 
1.993000 
1.993000 
1.993600 
1.993900 
1.994100 
1.994300 
1.994300 
1.995000 
1.995000 
1.995400 
1.995500 
1.996500 
1.997000 
1.997000 
1.997700 
1.998000 
1.998100 
1.999400 
2.000300 
2.000300 
2.000500 
2.000900 
2.001200 
2.001200 
2.001700 
2.001700 
2.001800 
2.001900 
2.002800 
2.002800 
2.004400 
2.004700 
2.005000 
2.005200 
2.005500 
2.006100 
2.006100 
2.006200 
2.006200 
2.006200 
2.006400 
2.006600 
2.006800 
2.007400 
2.008100 
2.008400 
2.009200 
2.010300 
2.011000 
2.011800 
2.014100 
2.014200 
2.014700 
2.015500 
2.015600 
2.017000 
2.018000 
2.018600 
2.018700 
2.020600 
2.021000 
2.021300 
2.022700 
2.022900 
2.023000 
2.024100 
2.024700 
2.025300 
2.025400 
2.025600 
2.026000 
2.027200 
2.027800 
2.028200 
2.028600 
2.029900 
2.030400 
2.031300 
2.031400 
2.031400 
2.031700 
2.032900 
2.033500 
2.033800 
2.033900 
2.033900 
2.034600 
2.034700 
2.034700 
2.035300 
2.035800 
2.036000 
2.036200 
2.036300 
2.036800 
2.037300 
2.037700 
2.039200 
2.040000 
2.040800 
2.041000 
2.041100 
2.041400 
2.041500 
2.041800 
2.042100 
2.042700 
2.042800 
2.042900 
2.043300 
2.043600 
2.044700 
2.045000 
2.045200 
2.045500 
2.045700 
2.046300 
2.048400 
2.048600 
2.049200 
2.051100 
2.051100 
2.051500 
2.052200 
2.052800 
2.052800 
2.052800 
2.052900 
2.053000 
2.053600 
2.054600 
2.055900 
2.056100 
2.056200 
2.056800 
2.057900 
2.058900 
2.059400 
2.059700 
2.059700 
2.060100 
2.060300 
2.060800 
2.061300 
2.061300 
2.062100 
2.062100 
2.063400 
2.063500 
2.063900 
2.063900 
2.064300 
2.065300 
2.065500 
2.065900 
2.067100 
2.067100 
2.067600 
2.067700 
2.068100 
2.068500 
2.068800 
2.068900 
2.069800 
2.070200 
2.070200 
2.070300 
2.070300 
2.071000 
2.071600 
2.072300 
2.072600 
2.072700 
2.073900 
2.075300 
2.075400 
2.076000 
2.076200 
2.076500 
2.076500 
2.076600 
2.076600 
2.077500 
2.077800 
2.078500 
2.078700 
2.079500 
2.080000 
2.081000 
2.081200 
2.083400 
2.085600 
2.086000 
2.087400 
2.088900 
2.089000 
2.090100 
2.090100 
2.090300 
2.090900 
2.091800 
2.091800 
2.092200 
2.092300 
2.092300 
2.092500 
2.092800 
2.093100 
2.093100 
2.093400 
2.093900 
2.094400 
2.094700 
2.095800 
2.096300 
2.096500 
2.097000 
2.097400 
2.097400 
2.097400 
2.097600 
2.098700 
2.099000 
2.099000 
2.099600 
2.101600 
2.102000 
2.102600 
2.103300 
2.103900 
2.104100 
2.105100 
2.105500 
2.105700 
2.106100 
2.106900 
2.107000 
2.107000 
2.107100 
2.108100 
2.108600 
2.109400 
2.111100 
2.111500 
2.111700 
2.111800 
2.112000 
2.112000 
2.112300 
2.112400 
2.113900 
2.116400 
2.117000 
2.117300 
2.117400 
2.117700 
2.118900 
2.119600 
2.120300 
2.121300 
2.121400 
2.121900 
2.122000 
2.122300 
2.122900 
2.123400 
2.123600 
2.124300 
2.124600 
2.125400 
2.126500 
2.127400 
2.128000 
2.128400 
2.128600 
2.128900 
2.129300 
2.130000 
2.130100 
2.130100 
2.130800 
2.132200 
2.132200 
2.132400 
2.132800 
2.133200 
2.133800 
2.133900 
2.134000 
2.134400 
2.135100 
2.135700 
2.136000 
2.136600 
2.137500 
2.142200 
2.142400 
2.142500 
2.142600 
2.143200 
2.143400 
2.143700 
2.144000 
2.144100 
2.144400 
2.144700 
2.144800 
2.145000 
2.145100 
2.146000 
2.146100 
2.146200 
2.146400 
2.147000 
2.147200 
2.148000 
2.148800 
2.150700 
2.150800 
2.151000 
2.151100 
2.151600 
2.152900 
2.153300 
2.153400 
2.155000 
2.155000 
2.155600 
2.156100 
2.156200 
2.156300 
2.156900 
2.157000 
2.157800 
2.158300 
2.158400 
2.159100 
2.159700 
2.160300 
2.160700 
2.160900 
2.160900 
2.161400 
2.161600 
2.161600 
2.162000 
2.162000 
2.162200 
2.164700 
2.165900 
2.166100 
2.166500 
2.166700 
2.166900 
2.167500 
2.167800 
2.167900 
2.168100 
2.170100 
2.170700 
2.170700 
2.171000 
2.171600 
2.171600 
2.171600 
2.172100 
2.172400 
2.173100 
2.173300 
2.173800 
2.174700 
2.175200 
2.176700 
2.178000 
2.178000 
2.179800 
2.180100 
2.180200 
2.180400 
2.180800 
2.181400 
2.182400 
2.182400 
2.182600 
2.182700 
2.183200 
2.183300 
2.183500 
2.183600 
2.184300 
2.184700 
2.184800 
2.185100 
2.185100 
2.185900 
2.186300 
2.186800 
2.188300 
2.188700 
2.188800 
2.189000 
2.189400 
2.189700 
2.190300 
2.192500 
2.193000 
2.193400 
2.193500 
2.193600 
2.193600 
2.193900 
2.194000 
2.194500 
2.194800 
2.195100 
2.196600 
2.196700 
2.198500 
2.198500 
2.198500 
2.198700 
2.198900 
2.198900 
2.199800 
2.200400 
2.200700 
2.200900 
2.201100 
2.201600 
2.202300 
2.204900 
2.205100 
2.205100 
2.205300 
2.205900 
2.206500 
2.206900 
2.207300 
2.207300 
2.207400 
2.208200 
2.209100 
2.209200 
2.209500 
2.211500 
2.212400 
2.212500 
2.213400 
2.213800 
2.214300 
2.214800 
2.215000 
2.215700 
2.215800 
2.215900 
2.216000 
2.216400 
2.216500 
2.216800 
2.217800 
2.218000 
2.218800 
2.220200 
2.220300 
2.221100 
2.221700 
2.221900 
2.222000 
2.222500 
2.223800 
2.223800 
2.224800 
2.226600 
2.226600 
2.227200 
2.227400 
2.227700 
2.227900 
2.227900 
2.228400 
2.229300 
2.229400 
2.229800 
2.229800 
2.230100 
2.230200 
2.230800 
2.233900 
2.234300 
2.234500 
2.235300 
2.236400 
2.236400 
2.236700 
2.236700 
2.236800 
2.236800 
2.237100 
2.237600 
2.238600 
2.238600 
2.239200 
2.241000 
2.241200 
2.242000 
2.242200 
2.243000 
2.243700 
2.243900 
2.244100 
2.245600 
2.245800 
2.247100 
2.247400 
2.248200 
2.248500 
2.249000 
2.250000 
2.250400 
2.251700 
2.251800 
2.252300 
2.252300 
2.252400 
2.252800 
2.252900 
2.253000 
2.253100 
2.254400 
2.254600 
2.255300 
2.255700 
2.255900 
2.256600 
2.257100 
2.257200 
2.257700 
2.259000 
2.259800 
2.260000 
2.261800 
2.262400 
2.262800 
2.262900 
2.262900 
2.263100 
2.263600 
2.263900 
2.265000 
2.266200 
2.266400 
2.267000 
2.267400 
2.268100 
2.268200 
2.268400 
2.268500 
2.268700 
2.269600 
2.269700 
2.269800 
2.270100 
2.270500 
2.271000 
2.271300 
2.271400 
2.272700 
2.273000 
2.273400 
2.273400 
2.273600 
2.274200 
2.275100 
2.275300 
2.275800 
2.275900 
2.276100 
2.276300 
2.276300 
2.276800 
2.276800 
2.277000 
2.278300 
2.278900 
2.279200 
2.280000 
2.280100 
2.280200 
2.280300 
2.280500 
2.281600 
2.282000 
2.282400 
2.282600 
2.282800 
2.283700 
2.285900 
2.285900 
2.286000 
2.286400 
2.286400 
2.286500 
2.287100 
2.287800 
2.289900 
2.290100 
2.290300 
2.290700 
2.291900 
2.291900 
2.292400 
2.293100 
2.293200 
2.293300 
2.294400 
2.294400 
2.294500 
2.294600 
2.294900 
2.295700 
2.295900 
2.295900 
2.296200 
2.296500 
2.296700 
2.296900 
2.297800 
2.298300 
2.299200 
2.299400 
2.300000 
2.300000 
2.300500 
2.300600 
2.301000 
2.301500 
2.301900 
2.302300 
2.302800 
2.302900 
2.303000 
2.303400 
2.303600 
2.304200 
2.304500 
2.304900 
2.305200 
2.305300 
2.305600 
2.305800 
2.306700 
2.307300 
2.308400 
2.309000 
2.309400 
2.309400 
2.310200 
2.310300 
2.310400 
2.310600 
2.310900 
2.312100 
2.312500 
2.312500 
2.313300 
2.315300 
2.315400 
2.315800 
2.315900 
2.316500 
2.316700 
2.317200 
2.318100 
2.318300 
2.319500 
2.319500 
2.319600 
2.321200 
2.323000 
2.323000 
2.323100 
2.323700 
2.324100 
2.325100 
2.325300 
2.325400 
2.326800 
2.327400 
2.329300 
2.330000 
2.330300 
2.330800 
2.330800 
2.332000 
2.332100 
2.332500 
2.332800 
2.332900 
2.333000 
2.333600 
2.333700 
2.334700 
2.334900 
2.334900 
2.335000 
2.335200 
2.335600 
2.335600 
2.335800 
2.337500 
2.338600 
2.339100 
2.339500 
2.340000 
2.340100 
2.340600 
2.341200 
2.341300 
2.341400 
2.341400 
2.341900 
2.342700 
2.343300 
2.344000 
2.344300 
2.344500 
2.344500 
2.344900 
2.345000 
2.345400 
2.346000 
2.346700 
2.346800 
2.348200 
2.348500 
2.349600 
2.350100 
2.350300 
2.350600 
2.350900 
2.351500 
2.351600 
2.351900 
2.352400 
2.352600 
2.353000 
2.353000 
2.353100 
2.353300 
2.355000 
2.355500 
2.356100 
2.356300 
2.356400 
2.356600 
2.357600 
2.357700 
2.358400 
2.358800 
2.359400 
2.360200 
2.361200 
2.361600 
2.361800 
2.361800 
2.361900 
2.362100 
2.362200 
2.362300 
2.363200 
2.363700 
2.363800 
2.363900 
2.364300 
2.364900 
2.366700 
2.366800 
2.367700 
2.368300 
2.369100 
2.369400 
2.369600 
2.369600 
2.370600 
2.371100 
2.371500 
2.371800 
2.372000 
2.372400 
2.372700 
2.373100 
2.375300 
2.375300 
2.376100 
2.376200 
2.377200 
2.377800 
2.377900 
2.379000 
2.379300 
2.379600 
2.380400 
2.380700 
2.381500 
2.382500 
2.383000 
2.383000 
2.383000 
2.384100 
2.384100 
2.384200 
2.384400 
2.386500 
2.387300 
2.387500 
2.387600 
2.387900 
2.387900 
2.389000 
2.389400 
2.390400 
2.392300 
2.392800 
2.393000 
2.393300 
2.393500 
2.393900 
2.394100 
2.395000 
2.395300 
2.396000 
2.396100 
2.397600 
2.398300 
2.398500 
2.398500 
2.398700 
2.399400 
2.400100 
2.400700 
2.401500 
2.402100 
2.403700 
2.404400 
2.404800 
2.405000 
2.405100 
2.405400 
2.405600 
2.405900 
2.406600 
2.406900 
2.406900 
2.407100 
2.407100 
2.407200 
2.407900 
2.408600 
2.408800 
2.409200 
2.409700 
2.409900 
2.410100 
2.410100 
2.410300 
2.410300 
2.411200 
2.411300 
2.411700 
2.411800 
2.411900 
2.412000 
2.414800 
2.415000 
2.415300 
2.415500 
2.415800 
2.415900 
2.416300 
2.417700 
2.417900 
2.418000 
2.418000 
2.418100 
2.419100 
2.420100 
2.420200 
2.420600 
2.421100 
2.421300 
2.421300 
2.421800 
2.422300 
2.422900 
2.423800 
2.424000 
2.424300 
2.424300 
2.425200 
2.425800 
2.426000 
2.426300 
2.426400 
2.427600 
2.428000 
2.428800 
2.430100 
2.430400 
2.432700 
2.433400 
2.435000 
2.435500 
2.435700 
2.435800 
2.436100 
2.436300 
2.436500 
2.436700 
2.436800 
2.437200 
2.438900 
2.439000 
2.439000 
2.439000 
2.439500 
2.439900 
2.440100 
2.440900 
2.441200 
2.441300 
2.441600 
2.441800 
2.442200 
2.442400 
2.443300 
2.443500 
2.443900 
2.444400 
2.444700 
2.444800 
2.445900 
2.446600 
2.448000 
2.448400 
2.448900 
2.449500 
2.449800 
2.450400 
2.450900 
2.451200 
2.452200 
2.452800 
2.452900 
2.453000 
2.453300 
2.453500 
2.454100 
2.454400 
2.454900 
2.455000 
2.455100 
2.455300 
2.455900 
2.456800 
2.456900 
2.457100 
2.457900 
2.458300 
2.458700 
2.458800 
2.458900 
2.459100 
2.459600 
2.459700 
2.459800 
2.461600 
2.462300 
2.462300 
2.462700 
2.463100 
2.463200 
2.463500 
2.464200 
2.464500 
2.465000 
2.465700 
2.466000 
2.467700 
2.467800 
2.468600 
2.468700 
2.469300 
2.469400 
2.469600 
2.470100 
2.470300 
2.470500 
2.471800 
2.472200 
2.472700 
2.473300 
2.473600 
2.473900 
2.474100 
2.475100 
2.475100 
2.475300 
2.475600 
2.476100 
2.477200 
2.479400 
2.479600 
2.480900 
2.481000 
2.481300 
2.482500 
2.483000 
2.483300 
2.483800 
2.484200 
2.484600 
2.484900 
2.485500 
2.485800 
2.485900 
2.486100 
2.487200 
2.487600 
2.487900 
2.488700 
2.489000 
2.489200 
2.489400 
2.489600 
2.490200 
2.490400 
2.490600 
2.490800 
2.491100 
2.491200 
2.491300 
2.491800 
2.492500 
2.493600 
2.494300 
2.494500 
2.495000 
2.495800 
2.495900 
2.498300 
2.498700 
2.498700 
2.499100 
2.500600 
2.500900 
2.501000 
2.501300 
2.501500 
2.501800 
2.501900 
2.502300 
2.503600 
2.504400 
2.505200 
2.506100 
2.506400 
2.506400 
2.506500 
2.506800 
2.506900 
2.507700 
2.507700 
2.511400 
2.511400 
2.512600 
2.513300 
2.514300 
2.514700 
2.514900 
2.515300 
2.516300 
2.516500 
2.517000 
2.517500 
2.517700 
2.519000 
2.519800 
2.520100 
2.520200 
2.520500 
2.520600 
2.520800 
2.520800 
2.521400 
2.521900 
2.523800 
2.524000 
2.524200 
2.524300 
2.524400 
2.524400 
2.524500 
2.524700 
2.524800 
2.525500 
2.526200 
2.526500 
2.526700 
2.527000 
2.527600 
2.528100 
2.528200 
2.528900 
2.529100 
2.529700 
2.530100 
2.530200 
2.530500 
2.530600 
2.530900 
2.530900 
2.531200 
2.531700 
2.532400 
2.532700 
2.533800 
2.534500 
2.534700 
2.535000 
2.535700 
2.536200 
2.538100 
2.538300 
2.540700 
2.541400 
2.541600 
2.542500 
2.542600 
2.544100 
2.544800 
2.545300 
2.545400 
2.546000 
2.546300 
2.546400 
2.546800 
2.547100 
2.547700 
2.548000 
2.548100 
2.548100 
2.549600 
2.550000 
2.550900 
2.551600 
2.551700 
2.551900 
2.552400 
2.552600 
2.552700 
2.552900 
2.553700 
2.554500 
2.554800 
2.555500 
2.558000 
2.558500 
2.558700 
2.559300 
2.559300 
2.559400 
2.560800 
2.561500 
2.563400 
2.563600 
2.563800 
2.563800 
2.564100 
2.564600 
2.565600 
2.565800 
2.565900 
2.566200 
2.566200 
2.566300 
2.566700 
2.566800 
2.567000 
2.567000 
2.568300 
2.568700 
2.569700 
2.569800 
2.570700 
2.571500 
2.572000 
2.572200 
2.572200 
2.572800 
2.573100 
2.573200 
2.573400 
2.574000 
2.574100 
2.574800 
2.574800 
2.575500 
2.577100 
2.577700 
2.578100 
2.578200 
2.579700 
2.580400 
2.581300 
2.581400 
2.581700 
2.582300 
2.582400 
2.583500 
2.583700 
2.584400 
2.584800 
2.584900 
2.585200 
2.586200 
2.586500 
2.586600 
2.586800 
2.589200 
2.589200 
2.589800 
2.590100 
2.590300 
2.590300 
2.590700 
2.591200 
2.591400 
2.591500 
2.593100 
2.593300 
2.593500 
2.593800 
2.594300 
2.594500 
2.594600 
2.595000 
2.595300 
2.595300 
2.595400 
2.595600 
2.595600 
2.595700 
2.597200 
2.597400 
2.597500 
2.597800 
2.597900 
2.598000 
2.598100 
2.598800 
2.599100 
2.599700 
2.600300 
2.602400 
2.603200 
2.603400 
2.603700 
2.604000 
2.604100 
2.604700 
2.605100 
2.605700 
2.605700 
2.605900 
2.607400 
2.608600 
2.609700 
2.610600 
2.610900 
2.611200 
2.611400 
2.612300 
2.612900 
2.613400 
2.613600 
2.613900 
2.614100 
2.614100 
2.614400 
2.614400 
2.614700 
2.614900 
2.614900 
2.615000 
2.615600 
2.616200 
2.616300 
2.616800 
2.617200 
2.617500 
2.617700 
2.617800 
2.618600 
2.619400 
2.619500 
2.620800 
2.620900 
2.621800 
2.623000 
2.624300 
2.624400 
2.624700 
2.625100 
2.626100 
2.626600 
2.627300 
2.627600 
2.628100 
2.628200 
2.628400 
2.628400 
2.628800 
2.629000 
2.629100 
2.629200 
2.629200 
2.629400 
2.629400 
2.629700 
2.630300 
2.630500 
2.630600 
2.630600 
2.630600 
2.631300 
2.631400 
2.632200 
2.632700 
2.632700 
2.633000 
2.633900 
2.634100 
2.634500 
2.634900 
2.634900 
2.635100 
2.637100 
2.637900 
2.638500 
2.640800 
2.640900 
2.642000 
2.642900 
2.644200 
2.646200 
2.646400 
2.646600 
2.647100 
2.648500 
2.648600 
2.648600 
2.649300 
2.649300 
2.650300 
2.650700 
2.651400 
2.651600 
2.651700 
2.652900 
2.654200 
2.654500 
2.655200 
2.655700 
2.655700 
2.657300 
2.657700 
2.658600 
2.658700 
2.658800 
2.659500 
2.659500 
2.660200 
2.661800 
2.661800 
2.662700 
2.663000 
2.663400 
2.664000 
2.665100 
2.665100 
2.666000 
2.666000 
2.666200 
2.666300 
2.666700 
2.667300 
2.667300 
2.667400 
2.667400 
2.668200 
2.668200 
2.668200 
2.668700 
2.668900 
2.669100 
2.670200 
2.670300 
2.671500 
2.671600 
2.671600 
2.672100 
2.672600 
2.673000 
2.673300 
2.674400 
2.674400 
2.674400 
2.674700 
2.675500 
2.675600 
2.676700 
2.677000 
2.677500 
2.678600 
2.678900 
2.680200 
2.680500 
2.680600 
2.683200 
2.683700 
2.683800 
2.684000 
2.684500 
2.685800 
2.686800 
2.687200 
2.687400 
2.687600 
2.687800 
2.688100 
2.688400 
2.689100 
2.689500 
2.691300 
2.692500 
2.692700 
2.692900 
2.693300 
2.693500 
2.693600 
2.693700 
2.694000 
2.694400 
2.694700 
2.695200 
2.695500 
2.695600 
2.696400 
2.696500 
2.696800 
2.697000 
2.697400 
2.697900 
2.698200 
2.699200 
2.699700 
2.700800 
2.700800 
2.701600 
2.701800 
2.702500 
2.703000 
2.704400 
2.704800 
2.706200 
2.706500 
2.707100 
2.708500 
2.708500 
2.708700 
2.709100 
2.710700 
2.710700 
2.711800 
2.712000 
2.713100 
2.713200 
2.713300 
2.713700 
2.714700 
2.714900 
2.715100 
2.715100 
2.715200 
2.716600 
2.716800 
2.717200 
2.717700 
2.718800 
2.719400 
2.719600 
2.720300 
2.720800 
2.722400 
2.722500 
2.722900 
2.723900 
2.723900 
2.724100 
2.725000 
2.725700 
2.726100 
2.726300 
2.726700 
2.726700 
2.726900 
2.726900 
2.727300 
2.727700 
2.728000 
2.728300 
2.728500 
2.729400 
2.729700 
2.730000 
2.730700 
2.731400 
2.731400 
2.733100 
2.734300 
2.734300 
2.735000 
2.735400 
2.736400 
2.736500 
2.736600 
2.736900 
2.737000 
2.737100 
2.737300 
2.738200 
2.739000 
2.739200 
2.740100 
2.740200 
2.740200 
2.740300 
2.740400 
2.741000 
2.741100 
2.741600 
2.742300 
2.744400 
2.744500 
2.744700 
2.744800 
2.745300 
2.745300 
2.745700 
2.745800 
2.746300 
2.748800 
2.749100 
2.749500 
2.749900 
2.751200 
2.751700 
2.751700 
2.753500 
2.753800 
2.753900 
2.754400 
2.754400 
2.754600 
2.754700 
2.754800 
2.755600 
2.755900 
2.756400 
2.757500 
2.757600 
2.757800 
2.757900 
2.758000 
2.758100 
2.758300 
2.758500 
2.758800 
2.758800 
2.759400 
2.760600 
2.761000 
2.761500 
2.761900 
2.762000 
2.762500 
2.764100 
2.764300 
2.764800 
2.765100 
2.765400 
2.765700 
2.766100 
2.766200 
2.766500 
2.767200 
2.767300 
2.767500 
2.767500 
2.767700 
2.767900 
2.768100 
2.768900 
2.770800 
2.770800 
2.770900 
2.771100 
2.771300 
2.771700 
2.771900 
2.772000 
2.772400 
2.772600 
2.772800 
2.773000 
2.774400 
2.774500 
2.774900 
2.775700 
2.777400 
2.778100 
2.778300 
2.779100 
2.779400 
2.780200 
2.780500 
2.781400 
2.782200 
2.784200 
2.784600 
2.785300 
2.785300 
2.785400 
2.785900 
2.785900 
2.786400 
2.787700 
2.788200 
2.788600 
2.788600 
2.789100 
2.789200 
2.789300 
2.789500 
2.790000 
2.790200 
2.790200 
2.790400 
2.790600 
2.791100 
2.791600 
2.792600 
2.793700 
2.794100 
2.794400 
2.795300 
2.795900 
2.796000 
2.796300 
2.796400 
2.796600 
2.796600 
2.796700 
2.796900 
2.797100 
2.797500 
2.797600 
2.797900 
2.798600 
2.798900 
2.799800 
2.800700 
2.800900 
2.801100 
2.801200 
2.801800 
2.802000 
2.802400 
2.802500 
2.804100 
2.805100 
2.805100 
2.805500 
2.805600 
2.805600 
2.806600 
2.807200 
2.807700 
2.807800 
2.808000 
2.808000 
2.808600 
2.808800 
2.809300 
2.809900 
2.811000 
2.811600 
2.811800 
2.812300 
2.812700 
2.812800 
2.813000 
2.813400 
2.814100 
2.814400 
2.814600 
2.814800 
2.815300 
2.815700 
2.815900 
2.816500 
2.816500 
2.816700 
2.819200 
2.820400 
2.821500 
2.822000 
2.822500 
2.822700 
2.823000 
2.823700 
2.824500 
2.824600 
2.824800 
2.825000 
2.825800 
2.826200 
2.826300 
2.826500 
2.826500 
2.826700 
2.827000 
2.827600 
2.827900 
2.828100 
2.829200 
2.829200 
2.830600 
2.831000 
2.831400 
2.831800 
2.832100 
2.832800 
2.832800 
2.833300 
2.833300 
2.834000 
2.834500 
2.834800 
2.836200 
2.836900 
2.837000 
2.837100 
2.837900 
2.837900 
2.838000 
2.838700 
2.838800 
2.839900 
2.840100 
2.841100 
2.841400 
2.841900 
2.842500 
2.842500 
2.843300 
2.845700 
2.845700 
2.846500 
2.846600 
2.847600 
2.847700 
2.849900 
2.850800 
2.851900 
2.851900 
2.852300 
2.852300 
2.853400 
2.853500 
2.854800 
2.854800 
2.855600 
2.857200 
2.858100 
2.858500 
2.859200 
2.860400 
2.860800 
2.861000 
2.861500 
2.862300 
2.863300 
2.863300 
2.864400 
2.864400 
2.864900 
2.864900 
2.865800 
2.866600 
2.866800 
2.866900 
2.867200 
2.867900 
2.868500 
2.868600 
2.869000 
2.869300 
2.871300 
2.871400 
2.871600 
2.871700 
2.871800 
2.872200 
2.872300 
2.873200 
2.873700 
2.873700 
2.874400 
2.875600 
2.875800 
2.876400 
2.876900 
2.877800 
2.877900 
2.878100 
2.878400 
2.878400 
2.878600 
2.878700 
2.878900 
2.880100 
2.880400 
2.880400 
2.880400 
2.881900 
2.884000 
2.884200 
2.884400 
2.885000 
2.885200 
2.885700 
2.886400 
2.886800 
2.887200 
2.887200 
2.887500 
2.887700 
2.887900 
2.888100 
2.888200 
2.888900 
2.891200 
2.891400 
2.891500 
2.891800 
2.891800 
2.892000 
2.892200 
2.892700 
2.893600 
2.893900 
2.894100 
2.894400 
2.894600 
2.894700 
2.895300 
2.895600 
2.896400 
2.896400 
2.896700 
2.897200 
2.897300 
2.899900 
2.900000 
2.900200 
2.900300 
2.900400 
2.901100 
2.901200 
2.901200 
2.901300 
2.902100 
2.903300 
2.904600 
2.904900 
2.905200 
2.905300 
2.905500 
2.906000 
2.906200 
2.906300 
2.906500 
2.906600 
2.907100 
2.907100 
2.907900 
2.908000 
2.908500 
2.909500 
2.909900 
2.910900 
2.911900 
2.913000 
2.914100 
2.914400 
2.914800 
2.915500 
2.916100 
2.916200 
2.916200 
2.916700 
2.917000 
2.917300 
2.917400 
2.917500 
2.917700 
2.917800 
2.918000 
2.918900 
2.919300 
2.920200 
2.920300 
2.920500 
2.921600 
2.921800 
2.921900 
2.922200 
2.922300 
2.922700 
2.922900 
2.922900 
2.923800 
2.923900 
2.925000 
2.925500 
2.926100 
2.928000 
2.928100 
2.928500 
2.928500 
2.929000 
2.929300 
2.929500 
2.929800 
2.930400 
2.931000 
2.931100 
2.931200 
2.931600 
2.931700 
2.932600 
2.932700 
2.932700 
2.932900 
2.934400 
2.934800 
2.935200 
2.935600 
2.936300 
2.937100 
2.937400 
2.938500 
2.938500 
2.938500 
2.938700 
2.940000 
2.940200 
2.940400 
2.941400 
2.941600 
2.941700 
2.941700 
2.942400 
2.942600 
2.942700 
2.942700 
2.943600 
2.943900 
2.944000 
2.944400 
2.944600 
2.945500 
2.945800 
2.946100 
2.947000 
2.947700 
2.948600 
2.949600 
2.949800 
2.950600 
2.950900 
2.951100 
2.952200 
2.952500 
2.953200 
2.954300 
2.954800 
2.955500 
2.956100 
2.956500 
2.957100 
2.957200 
2.958100 
2.958300 
2.958500 
2.959900 
2.960400 
2.962100 
2.962200 
2.963200 
2.964800 
2.964900 
2.965000 
2.966600 
2.966700 
2.967300 
2.967300 
2.967700 
2.968700 
2.969500 
2.970500 
2.970700 
2.970800 
2.971900 
2.972600 
2.972800 
2.973900 
2.974700 
2.974900 
2.975200 
2.976800 
2.976900 
2.977200 
2.977300 
2.978300 
2.979600 
2.980900 
2.981100 
2.981200 
2.981400 
2.981500 
2.982000 
2.982200 
2.983100 
2.983300 
2.983400 
2.983600 
2.983700 
2.985900 
2.986600 
2.986700 
2.987100 
2.987300 
2.987500 
2.988000 
2.988500 
2.988600 
2.988600 
2.988800 
2.989000 
2.989600 
2.990300 
2.991700 
2.992100 
2.992400 
2.993000 
2.993400 
2.994200 
2.994300 
2.994600 
2.995400 
2.995600 
2.996300 
2.996600 
2.996700 
2.997700 
2.998600 
2.999100 
2.999300 
2.999500 
2.999600 
3.000300 
3.000900 
3.001800 
3.001900 
3.002100 
3.002400 
3.002900 
3.003300 
3.003600 
3.004900 
3.005900 
3.006300 
3.006600 
3.006700 
3.007100 
3.007500 
3.008100 
3.008500 
3.008800 
3.008800 
3.009600 
3.009900 
3.010900 
3.010900 
3.011100 
3.012000 
3.012300 
3.013800 
3.014100 
3.014300 
3.015000 
3.016400 
3.016600 
3.017300 
3.017800 
3.018300 
3.019500 
3.019800 
3.019900 
3.020000 
3.021200 
3.021300 
3.022100 
3.022200 
3.022400 
3.022500 
3.022700 
3.022800 
3.024400 
3.024800 
3.026500 
3.028000 
3.028400 
3.028700 
3.029000 
3.029300 
3.029300 
3.029800 
3.030200 
3.030900 
3.032200 
3.032300 
3.033500 
3.033600 
3.034100 
3.034400 
3.034700 
3.035000 
3.035000 
3.035300 
3.035700 
3.035800 
3.035800 
3.036200 
3.037300 
3.038000 
3.038700 
3.039400 
3.039800 
3.040700 
3.040800 
3.041500 
3.041700 
3.041800 
3.042100 
3.042100 
3.042500 
3.042900 
3.043100 
3.043300 
3.043500 
3.044500 
3.044800 
3.044800 
3.045700 
3.046200 
3.047700 
3.048100 
3.048500 
3.050000 
3.050300 
3.050500 
3.050800 
3.051400 
3.053600 
3.053600 
3.053800 
3.053900 
3.054100 
3.054400 
3.054900 
3.055200 
3.055500 
3.056000 
3.056100 
3.057200 
3.057800 
3.057900 
3.058200 
3.058300 
3.058700 
3.059100 
3.059600 
3.060100 
3.060300 
3.060300 
3.061200 
3.061200 
3.062300 
3.062600 
3.063300 
3.063500 
3.064000 
3.064200 
3.065600 
3.066000 
3.066500 
3.066800 
3.067000 
3.067400 
3.067600 
3.068600 
3.069000 
3.069100 
3.070000 
3.070200 
3.070300 
3.070600 
3.070700 
3.071900 
3.071900 
3.072100 
3.072700 
3.072900 
3.074100 
3.075000 
3.075300 
3.075400 
3.077700 
3.078600 
3.078700 
3.079100 
3.080000 
3.080600 
3.081300 
3.081700 
3.081800 
3.082700 
3.082900 
3.083100 
3.083800 
3.083800 
3.084500 
3.084900 
3.085100 
3.085400 
3.085600 
3.085900 
3.086300 
3.086500 
3.088400 
3.088500 
3.088800 
3.088900 
3.089700 
3.090300 
3.092500 
3.093000 
3.093400 
3.096400 
3.096600 
3.096700 
3.097200 
3.097400 
3.097500 
3.098100 
3.098600 
3.099800 
3.099900 
3.100400 
3.101100 
3.101400 
3.102100 
3.103200 
3.103200 
3.103600 
3.104900 
3.105000 
3.105200 
3.105200 
3.105500 
3.106500 
3.106500 
3.106700 
3.106900 
3.107200 
3.108000 
3.108000 
3.108200 
3.108900 
3.110400 
3.111200 
3.112800 
3.114900 
3.115900 
3.116400 
3.116800 
3.117500 
3.118700 
3.118700 
3.118800 
3.119300 
3.120200 
3.120300 
3.120500 
3.120700 
3.121200 
3.121400 
3.121400 
3.121500 
3.122600 
3.122600 
3.123400 
3.125000 
3.125200 
3.125500 
3.127100 
3.127800 
3.128600 
3.128700 
3.128800 
3.129100 
3.129300 
3.129800 
3.130700 
3.131700 
3.132100 
3.132300 
3.132600 
3.132900 
3.134100 
3.134100 
3.134400 
3.134500 
3.135100 
3.135300 
3.135900 
3.135900 
3.135900 
3.135900 
3.136200 
3.136300 
3.137000 
3.137600 
3.138900 
3.139600 
3.139800 
3.140900 
3.141000 
3.141900 
3.142200 
3.142300 
3.143100 
3.143200 
3.143600 
3.143800 
3.143900 
3.144100 
3.144400 
3.144800 
3.146600 
3.147400 
3.147500 
3.148400 
3.148500 
3.148600 
3.149800 
3.149900 
3.150100 
3.150300 
3.150800 
3.150900 
3.151000 
3.151200 
3.151900 
3.152000 
3.152900 
3.154200 
3.155200 
3.155500 
3.155900 
3.156100 
3.156400 
3.157800 
3.159600 
3.161000 
3.162200 
3.162200 
3.162300 
3.162600 
3.162800 
3.163400 
3.163700 
3.163700 
3.163800 
3.163800 
3.163900 
3.164200 
3.164300 
3.164400 
3.164800 
3.165200 
3.165800 
3.165900 
3.169000 
3.169000 
3.169000 
3.169300 
3.170300 
3.171800 
3.173100 
3.173100 
3.173900 
3.174400 
3.174600 
3.174600 
3.174900 
3.175800 
3.176000 
3.176400 
3.176800 
3.177100 
3.177100 
3.177300 
3.177300 
3.177400 
3.178900 
3.180100 
3.180900 
3.181000 
3.182200 
3.182500 
3.182800 
3.182900 
3.183400 
3.184000 
3.185400 
3.186100 
3.186900 
3.188400 
3.188900 
3.189300 
3.189400 
3.190500 
3.191200 
3.191800 
3.191800 
3.191800 
3.191900 
3.192100 
3.192300 
3.192800 
3.192900 
3.193000 
3.194400 
3.195700 
3.195800 
3.196600 
3.197100 
3.197500 
3.198200 
3.198800 
3.199400 
3.199700 
3.200400 
3.201200 
3.201700 
3.203600 
3.203600 
3.203700 
3.204400 
3.204700 
3.204800 
3.205300 
3.205400 
3.205700 
3.205800 
3.207100 
3.207800 
3.208400 
3.209000 
3.209800 
3.210000 
3.210900 
3.211100 
3.213600 
3.214500 
3.214600 
3.214900 
3.217200 
3.217500 
3.217700 
3.218800 
3.219900 
3.220000 
3.220100 
3.220600 
3.220700 
3.220700 
3.221400 
3.221700 
3.222600 
3.223200 
3.223900 
3.225500 
3.225700 
3.225700 
3.226300 
3.226400 
3.226500 
3.227200 
3.227200 
3.227800 
3.228200 
3.228400 
3.228700 
3.229100 
3.230400 
3.231000 
3.231500 
3.231600 
3.233200 
3.233600 
3.235000 
3.235200 
3.235700 
3.237500 
3.238400 
3.238700 
3.239000 
3.239200 
3.239300 
3.239300 
3.239300 
3.239900 
3.240400 
3.241600 
3.242300 
3.242900 
3.243000 
3.244300 
3.244400 
3.244600 
3.244600 
3.245000 
3.245300 
3.245500 
3.245500 
3.245600 
3.245700 
3.245900 
3.246000 
3.246200 
3.246600 
3.247900 
3.248200 
3.250300 
3.250800 
3.251400 
3.251500 
3.251500 
3.253100 
3.255200 
3.257000 
3.257100 
3.257600 
3.257600 
3.258100 
3.258300 
3.258900 
3.259000 
3.259200 
3.259300 
3.260500 
3.260600 
3.260700 
3.260800 
3.261500 
3.261500 
3.262000 
3.262800 
3.262900 
3.263200 
3.263600 
3.263700 
3.263700 
3.264600 
3.264800 
3.265000 
3.267200 
3.268000 
3.268800 
3.269100 
3.269200 
3.269500 
3.270100 
3.270300 
3.271000 
3.272200 
3.273200 
3.273300 
3.273400 
3.273700 
3.275000 
3.275100 
3.275600 
3.275900 
3.275900 
3.276500 
3.278200 
3.278600 
3.278700 
3.280000 
3.280500 
3.280700 
3.281700 
3.281900 
3.282000 
3.282300 
3.282500 
3.282500 
3.282600 
3.285300 
3.285400 
3.285500 
3.285500 
3.285600 
3.285700 
3.286600 
3.286900 
3.287200 
3.287900 
3.288100 
3.288300 
3.288500 
3.288800 
3.289300 
3.289500 
3.289600 
3.289800 
3.289900 
3.290100 
3.290300 
3.290300 
3.292000 
3.293800 
3.293800 
3.295000 
3.295000 
3.295200 
3.296100 
3.297100 
3.297100 
3.297200 
3.297300 
3.298000 
3.298600 
3.298700 
3.299100 
3.299200 
3.299900 
3.300000 
3.300700 
3.304000 
3.304100 
3.304700 
3.306900 
3.306900 
3.308400 
3.309300 
3.309900 
3.310100 
3.310900 
3.311500 
3.311700 
3.312000 
3.312300 
3.313700 
3.313800 
3.314500 
3.314600 
3.315500 
3.315500 
3.315800 
3.316600 
3.318500 
3.318500 
3.319500 
3.319500 
3.320500 
3.320900 
3.321000 
3.321000 
3.321700 
3.323000 
3.323100 
3.323600 
3.324200 
3.324700 
3.324900 
3.325400 
3.325600 
3.326100 
3.326100 
3.326300 
3.326600 
3.326900 
3.327400 
3.328300 
3.328400 
3.328900 
3.329700 
3.329700 
3.330000 
3.330000 
3.330400 
3.331000 
3.331100 
3.331400 
3.331500 
3.332000 
3.332100 
3.332500 
3.332700 
3.333600 
3.333800 
3.334000 
3.334300 
3.334900 
3.335100 
3.335300 
3.336100 
3.337500 
3.338100 
3.338400 
3.339300 
3.339600 
3.340000 
3.340100 
3.340200 
3.340300 
3.340400 
3.340700 
3.341700 
3.341700 
3.342000 
3.343200 
3.344200 
3.344200 
3.344500 
3.345400 
3.345700 
3.346600 
3.346800 
3.348000 
3.348100 
3.348400 
3.348600 
3.349000 
3.349200 
3.349400 
3.349700 
3.351100 
3.351100 
3.351900 
3.351900 
3.352100 
3.352300 
3.352700 
3.353100 
3.354200 
3.354500 
3.354700 
3.356000 
3.356600 
3.357000 
3.357200 
3.357300 
3.358500 
3.358700 
3.359500 
3.359700 
3.360300 
3.360400 
3.361000 
3.361600 
3.361800 
3.362000 
3.362100 
3.362300 
3.362300 
3.362600 
3.363700 
3.363800 
3.363900 
3.364400 
3.365000 
3.365100 
3.365700 
3.366000 
3.366600 
3.366700 
3.366700 
3.367000 
3.367800 
3.368100 
3.368300 
3.368400 
3.368500 
3.368600 
3.369700 
3.370000 
3.370500 
3.370500 
3.370600 
3.371200 
3.371600 
3.371800 
3.371900 
3.372000 
3.372100 
3.373400 
3.374500 
3.374600 
3.374900 
3.375100 
3.375200 
3.375900 
3.376100 
3.376300 
3.376800 
3.377700 
3.378100 
3.378400 
3.379000 
3.379400 
3.380000 
3.382700 
3.382900 
3.383000 
3.383400 
3.383400 
3.383700 
3.383800 
3.384100 
3.385000 
3.386700 
3.387200 
3.388900 
3.389300 
3.389400 
3.389600 
3.390100 
3.390800 
3.391000 
3.391300 
3.391800 
3.392000 
3.392500 
3.393200 
3.394100 
3.394500 
3.394700 
3.394800 
3.395000 
3.395500 
3.395800 
3.395800 
3.396200 
3.396500 
3.396500 
3.396600 
3.397100 
3.397200 
3.397400 
3.397500 
3.397700 
3.398300 
3.399200 
3.399700 
3.399700 
3.399700 
3.400000 
3.400700 
3.401100 
3.401100 
3.401100 
3.401200 
3.402700 
3.402800 
3.402900 
3.403100 
3.403900 
3.403900 
3.405300 
3.405600 
3.406100 
3.406700 
3.407100 
3.407400 
3.407400 
3.407700 
3.408300 
3.408400 
3.408900 
3.409100 
3.409300 
3.410100 
3.410100 
3.410200 
3.411500 
3.411600 
3.411600 
3.412000 
3.412000 
3.412400 
3.413300 
3.413900 
3.414200 
3.414300 
3.414800 
3.415200 
3.416500 
3.418700 
3.419000 
3.419200 
3.420000 
3.420100 
3.421500 
3.421900 
3.422000 
3.422200 
3.422500 
3.422900 
3.423000 
3.423700 
3.424200 
3.424300 
3.425300 
3.425300 
3.425600 
3.425900 
3.426300 
3.426400 
3.427100 
3.427600 
3.427700 
3.428200 
3.428300 
3.430000 
3.430000 
3.430300 
3.431200 
3.432100 
3.433100 
3.433400 
3.433700 
3.433700 
3.435000 
3.435500 
3.435900 
3.436300 
3.437500 
3.437900 
3.437900 
3.438000 
3.438900 
3.438900 
3.439700 
3.440200 
3.440300 
3.440400 
3.440500 
3.441200 
3.441400 
3.441700 
3.444200 
3.444400 
3.444800 
3.445500 
3.445800 
3.446300 
3.446900 
3.447900 
3.448300 
3.448400 
3.448800 
3.449000 
3.449200 
3.449600 
3.450100 
3.450700 
3.451200 
3.451300 
3.451400 
3.451400 
3.451600 
3.452000 
3.452100 
3.452600 
3.453000 
3.453800 
3.454100 
3.454300 
3.454700 
3.455000 
3.455800 
3.456400 
3.457100 
3.457200 
3.458000 
3.458200 
3.458300 
3.458800 
3.459000 
3.459100 
3.460000 
3.460400 
3.461200 
3.461400 
3.461600 
3.462500 
3.462600 
3.462800 
3.463400 
3.464400 
3.467200 
3.467200 
3.467200 
3.467500 
3.467600 
3.467600 
3.467700 
3.469200 
3.469400 
3.469600 
3.471000 
3.471200 
3.471600 
3.471700 
3.472300 
3.472500 
3.472500 
3.473300 
3.473800 
3.474100 
3.474600 
3.474900 
3.475100 
3.475800 
3.476100 
3.476100 
3.476500 
3.476600 
3.477000 
3.477100 
3.477100 
3.477200 
3.477600 
3.478300 
3.479900 
3.481900 
3.482600 
3.483000 
3.483000 
3.483600 
3.485300 
3.486800 
3.487100 
3.487600 
3.487700 
3.488000 
3.488400 
3.488400 
3.488900 
3.489000 
3.489600 
3.489800 
3.489800 
3.490700 
3.490900 
3.491200 
3.492100 
3.492700 
3.492700 
3.493900 
3.494400 
3.494500 
3.495000 
3.495600 
3.495800 
3.496100 
3.496500 
3.496700 
3.497100 
3.497400 
3.499300 
3.500200 
3.500400 
3.500700 
3.500900 
3.501000 
3.501700 
3.501900 
3.501900 
3.502000 
3.502400 
3.503500 
3.503600 
3.503800 
3.503900 
3.504400 
3.504700 
3.505100 
3.505200 
3.505300 
3.505400 
3.506400 
3.506800 
3.507800 
3.509800 
3.510000 
3.510200 
3.511000 
3.511200 
3.511300 
3.511500 
3.511500 
3.511900 
3.512600 
3.512700 
3.512900 
3.513100 
3.514600 
3.514600 
3.514900 
3.515000 
3.515400 
3.516300 
3.516400 
3.516800 
3.516800 
3.517100 
3.517100 
3.518100 
3.518200 
3.520200 
3.520900 
3.520900 
3.521700 
3.525000 
3.525200 
3.525800 
3.526000 
3.527000 
3.527100 
3.527100 
3.527500 
3.527800 
3.528300 
3.528300 
3.528300 
3.529000 
3.529100 
3.530100 
3.531300 
3.532500 
3.532800 
3.533800 
3.533900 
3.535100 
3.536000 
3.536100 
3.537000 
3.537500 
3.537900 
3.538200 
3.539000 
3.539800 
3.540900 
3.541200 
3.541700 
3.543200 
3.543600 
3.545000 
3.545600 
3.546300 
3.546700 
3.547300 
3.547700 
3.549300 
3.549700 
3.550500 
3.552100 
3.553200 
3.554300 
3.554800 
3.554800 
3.554800 
3.555000 
3.555200 
3.555600 
3.556100 
3.556500 
3.556700 
3.556800 
3.556800 
3.557400 
3.557800 
3.558100 
3.558100 
3.558800 
3.559000 
3.559400 
3.560000 
3.561600 
3.562600 
3.562800 
3.562900 
3.564600 
3.564800 
3.565000 
3.565500 
3.565600 
3.565900 
3.566000 
3.566000 
3.566700 
3.567800 
3.568100 
3.568500 
3.569100 
3.570000 
3.570900 
3.571200 
3.572600 
3.572900 
3.573600 
3.574900 
3.576300 
3.577000 
3.577000 
3.577900 
3.578100 
3.579300 
3.580000 
3.580400 
3.581700 
3.581700 
3.581900 
3.582300 
3.582900 
3.584400 
3.584700 
3.585200 
3.587000 
3.587700 
3.588400 
3.588900 
3.589000 
3.589600 
3.590700 
3.590700 
3.590900 
3.591100 
3.591200 
3.591200 
3.591800 
3.592600 
3.592700 
3.593200 
3.593200 
3.593800 
3.594800 
3.594900 
3.595300 
3.595700 
3.595700 
3.595900 
3.596200 
3.596400 
3.596600 
3.596800 
3.597700 
3.597800 
3.598200 
3.598400 
3.599500 
3.599700 
3.600400 
3.601200 
3.601900 
3.602000 
3.602300 
3.602600 
3.602700 
3.602700 
3.604300 
3.604400 
3.605300 
3.607500 
3.607500 
3.607600 
3.608300 
3.608700 
3.609800 
3.610100 
3.610400 
3.611000 
3.612300 
3.612400 
3.613900 
3.614100 
3.614400 
3.615500 
3.615900 
3.616400 
3.616700 
3.617000 
3.617300 
3.617500 
3.618700 
3.618900 
3.619200 
3.619500 
3.619900 
3.620400 
3.620500 
3.620800 
3.621600 
3.622300 
3.622300 
3.622700 
3.623000 
3.623200 
3.623400 
3.625000 
3.625100 
3.625700 
3.626900 
3.627300 
3.627500 
3.627800 
3.628200 
3.628300 
3.628700 
3.628900 
3.629400 
3.629500 
3.632000 
3.632300 
3.632400 
3.632900 
3.633700 
3.634500 
3.634700 
3.636200 
3.637300 
3.637900 
3.639400 
3.639400 
3.639600 
3.640800 
3.641700 
3.642100 
3.642200 
3.642600 
3.642800 
3.643500 
3.643600 
3.644300 
3.644400 
3.645800 
3.647300 
3.648800 
3.649200 
3.649300 
3.650200 
3.650900 
3.651100 
3.651800 
3.651900 
3.652300 
3.652700 
3.653100 
3.653600 
3.654400 
3.655600 
3.655800 
3.655800 
3.656100 
3.656200 
3.656300 
3.656700 
3.656800 
3.657200 
3.657700 
3.658000 
3.658200 
3.658800 
3.658800 
3.659000 
3.659200 
3.660600 
3.660600 
3.660700 
3.660700 
3.660900 
3.661200 
3.661500 
3.662400 
3.663400 
3.664100 
3.664100 
3.664500 
3.664900 
3.665100 
3.666100 
3.666300 
3.666700 
3.667000 
3.667500 
3.667700 
3.668400 
3.668900 
3.669400 
3.669500 
3.669500 
3.669600 
3.670300 
3.670600 
3.671100 
3.671300 
3.672200 
3.672600 
3.673700 
3.674200 
3.674300 
3.675300 
3.675400 
3.675400 
3.675600 
3.675800 
3.676000 
3.676100 
3.676400 
3.676500 
3.676700 
3.677800 
3.678400 
3.679300 
3.680200 
3.680700 
3.681200 
3.681400 
3.681700 
3.682200 
3.682700 
3.683100 
3.684000 
3.684100 
3.684300 
3.685100 
3.685400 
3.686200 
3.687000 
3.687100 
3.687200 
3.689500 
3.690100 
3.690500 
3.691800 
3.692100 
3.692300 
3.692900 
3.693300 
3.694000 
3.694700 
3.695800 
3.698000 
3.698600 
3.699000 
3.699100 
3.700400 
3.700700 
3.700900 
3.701000 
3.701200 
3.701500 
3.701900 
3.702000 
3.702700 
3.703800 
3.704800 
3.705900 
3.705900 
3.705900 
3.706400 
3.706700 
3.707300 
3.707600 
3.707900 
3.708200 
3.708400 
3.708600 
3.709300 
3.710000 
3.710200 
3.710300 
3.710400 
3.710400 
3.710500 
3.710500 
3.711000 
3.711700 
3.713000 
3.714100 
3.714100 
3.715900 
3.716700 
3.717000 
3.719300 
3.720500 
3.720600 
3.720800 
3.720900 
3.721000 
3.721100 
3.721100 
3.722200 
3.722900 
3.723200 
3.723200 
3.724500 
3.725600 
3.725700 
3.726000 
3.726100 
3.726200 
3.726500 
3.726600 
3.726700 
3.727700 
3.728000 
3.728100 
3.728200 
3.729100 
3.729800 
3.730300 
3.730400 
3.732100 
3.732400 
3.732400 
3.732600 
3.733000 
3.733600 
3.734200 
3.734500 
3.734600 
3.734800 
3.734900 
3.735200 
3.735200 
3.735700 
3.735800 
3.736100 
3.736900 
3.737900 
3.737900 
3.739300 
3.739600 
3.739600 
3.740500 
3.740500 
3.741600 
3.742100 
3.742800 
3.743100 
3.743600 
3.744100 
3.744200 
3.744500 
3.745300 
3.745400 
3.745400 
3.745500 
3.746100 
3.748200 
3.748500 
3.749100 
3.749100 
3.749200 
3.750400 
3.750700 
3.750900 
3.751200 
3.751500 
3.751800 
3.752200 
3.752500 
3.753100 
3.753500 
3.754700 
3.755100 
3.755200 
3.757000 
3.757600 
3.758100 
3.758200 
3.758500 
3.758500 
3.758700 
3.758800 
3.759000 
3.759700 
3.760300 
3.761000 
3.761200 
3.761500 
3.762900 
3.763000 
3.764700 
3.765900 
3.766200 
3.767100 
3.767200 
3.768200 
3.768200 
3.768500 
3.768700 
3.770100 
3.770300 
3.770500 
3.771200 
3.771800 
3.772100 
3.772400 
3.772800 
3.773000 
3.774100 
3.774800 
3.774900 
3.775000 
3.775000 
3.775100 
3.775300 
3.775400 
3.776700 
3.776800 
3.777000 
3.777200 
3.778300 
3.778900 
3.779200 
3.779200 
3.780100 
3.780500 
3.781000 
3.781200 
3.781300 
3.782600 
3.783700 
3.784000 
3.784300 
3.785400 
3.786300 
3.788300 
3.788600 
3.788800 
3.789700 
3.790400 
3.791700 
3.792200 
3.792700 
3.792800 
3.792800 
3.792800 
3.793200 
3.793300 
3.793800 
3.794000 
3.794200 
3.794200 
3.794800 
3.794900 
3.795000 
3.795400 
3.795600 
3.795600 
3.797900 
3.798100 
3.798200 
3.798300 
3.799500 
3.800300 
3.800500 
3.800900 
3.801700 
3.802000 
3.802100 
3.803000 
3.803400 
3.804300 
3.804400 
3.804900 
3.805200 
3.805300 
3.806300 
3.806400 
3.806900 
3.806900 
3.807200 
3.807300 
3.807500 
3.808000 
3.809900 
3.809900 
3.810000 
3.810600 
3.810800 
3.810800 
3.811000 
3.811100 
3.811300 
3.811500 
3.813100 
3.813400 
3.813400 
3.813700 
3.814700 
3.814800 
3.814900 
3.815000 
3.815100 
3.815700 
3.815800 
3.816000 
3.816300 
3.818200 
3.818400 
3.818500 
3.818900 
3.819700 
3.819800 
3.820400 
3.820500 
3.821200 
3.822500 
3.822800 
3.823100 
3.824000 
3.825000 
3.825100 
3.825700 
3.826200 
3.826500 
3.827200 
3.827400 
3.827500 
3.828000 
3.828300 
3.828700 
3.828800 
3.829500 
3.829800 
3.830100 
3.831000 
3.832000 
3.832700 
3.834100 
3.834500 
3.835100 
3.835100 
3.835800 
3.836400 
3.836800 
3.836900 
3.837900 
3.838700 
3.839100 
3.839600 
3.840600 
3.842000 
3.843200 
3.843300 
3.843400 
3.843600 
3.843700 
3.843900 
3.846400 
3.846700 
3.847700 
3.848000 
3.848500 
3.851000 
3.851300 
3.851300 
3.851800 
3.852700 
3.853800 
3.854100 
3.854300 
3.854700 
3.854700 
3.854800 
3.855000 
3.855500 
3.856300 
3.856400 
3.857000 
3.857000 
3.857400 
3.857800 
3.857800 
3.858700 
3.858800 
3.858800 
3.859200 
3.859400 
3.860500 
3.860700 
3.860900 
3.861700 
3.862500 
3.863100 
3.863800 
3.864000 
3.864200 
3.864400 
3.864500 
3.864800 
3.865200 
3.865300 
3.866500 
3.867200 
3.867600 
3.868300 
3.868400 
3.868700 
3.868800 
3.868900 
3.870000 
3.871400 
3.872500 
3.872900 
3.873500 
3.873700 
3.873700 
3.874300 
3.874700 
3.875100 
3.875500 
3.875900 
3.876200 
3.879200 
3.880200 
3.881800 
3.882200 
3.882300 
3.882600 
3.883100 
3.883600 
3.883700 
3.883800 
3.883800 
3.884300 
3.884600 
3.884900 
3.885300 
3.885500 
3.885600 
3.885800 
3.887500 
3.888300 
3.888400 
3.889000 
3.889900 
3.890900 
3.892200 
3.893200 
3.893400 
3.893400 
3.893900 
3.894200 
3.894300 
3.894800 
3.895400 
3.895600 
3.895800 
3.895900 
3.897700 
3.898100 
3.898700 
3.899000 
3.899400 
3.899400 
3.899500 
3.899800 
3.900600 
3.901000 
3.901000 
3.901200 
3.901600 
3.901600 
3.902400 
3.902800 
3.902900 
3.903900 
3.905500 
3.905900 
3.906000 
3.906800 
3.907100 
3.907400 
3.907800 
3.908100 
3.908100 
3.908400 
3.908400 
3.909400 
3.909700 
3.910000 
3.910500 
3.911800 
3.912300 
3.912600 
3.912800 
3.913500 
3.914100 
3.914300 
3.914400 
3.914500 
3.914600 
3.914700 
3.915000 
3.916000 
3.916700 
3.916900 
3.917500 
3.918600 
3.920400 
3.920400 
3.920800 
3.922500 
3.923400 
3.923800 
3.924900 
3.925400 
3.926100 
3.926300 
3.926300 
3.926900 
3.926900 
3.927300 
3.928000 
3.928400 
3.929300 
3.929400 
3.929400 
3.929700 
3.930900 
3.931200 
3.931300 
3.931500 
3.931600 
3.931800 
3.932400 
3.934900 
3.935700 
3.936100 
3.936100 
3.936400 
3.937400 
3.937700 
3.937800 
3.938100 
3.938100 
3.938500 
3.939000 
3.939600 
3.940300 
3.940300 
3.940500 
3.942300 
3.942400 
3.943000 
3.943000 
3.943100 
3.943100 
3.943200 
3.943400 
3.943400 
3.943700 
3.944300 
3.944300 
3.944700 
3.944700 
3.944900 
3.945500 
3.945800 
3.946700 
3.946700 
3.947200 
3.947300 
3.947700 
3.948200 
3.948600 
3.948700 
3.949100 
3.949600 
3.950700 
3.950800 
3.950900 
3.950900 
3.952100 
3.952200 
3.953500 
3.954600 
3.955400 
3.956100 
3.956200 
3.956600 
3.957000 
3.957000 
3.957800 
3.959000 
3.959900 
3.961100 
3.961900 
3.962000 
3.962300 
3.962400 
3.962700 
3.962800 
3.962900 
3.963100 
3.963700 
3.965200 
3.966200 
3.966600 
3.966600 
3.967400 
3.967500 
3.967700 
3.967800 
3.968100 
3.968700 
3.969300 
3.970000 
3.970000 
3.970200 
3.970700 
3.970900 
3.971400 
3.971400 
3.971700 
3.972000 
3.972200 
3.972700 
3.973700 
3.973800 
3.974500 
3.975100 
3.975600 
3.975700 
3.976700 
3.977300 
3.978100 
3.979900 
3.982200 
3.983000 
3.983300 
3.983600 
3.983600 
3.983700 
3.984200 
3.984800 
3.985000 
3.985000 
3.985100 
3.985500 
3.986500 
3.987300 
3.987400 
3.987500 
3.987800 
3.988600 
3.988800 
3.989800 
3.991800 
3.993200 
3.993200 
3.993600 
3.994100 
3.994100 
3.994300 
3.995000 
3.995100 
3.995700 
3.997200 
3.997200 
3.999600 
