59 
138 
104 
67 
135 
39 
74 
103 
80 
93 
127 
132 
129 
134 
7 
122 
182 
114 
119 
39 
116 
88 
15 
124 
66 
169 
177 
105 
132 
70 
19 
160 
122 
84 
146 
170 
141 
145 
171 
20 
51 
24 
18 
159 
122 
150 
29 
95 
64 
5 
114 
69 
78 
52 
140 
139 
150 
25 
93 
108 
39 
62 
42 
119 
106 
50 
133 
43 
156 
77 
31 
73 
113 
175 
98 
14 
99 
5 
27 
107 
128 
101 
77 
181 
23 
24 
52 
139 
103 
60 
94 
92 
20 
84 
50 
141 
64 
98 
59 
74 
77 
12 
13 
162 
156 
98 
74 
87 
149 
3 
160 
121 
32 
55 
8 
44 
177 
38 
75 
128 
79 
67 
156 
138 
105 
9 
48 
180 
30 
93 
27 
50 
133 
70 
79 
13 
106 
105 
145 
55 
148 
186 
30 
32 
94 
50 
146 
158 
41 
116 
117 
129 
18 
95 
91 
68 
29 
154 
65 
183 
47 
85 
84 
135 
95 
74 
56 
169 
7 
82 
2 
150 
94 
106 
50 
137 
144 
146 
122 
55 
49 
70 
134 
179 
113 
73 
37 
127 
183 
187 
157 
169 
103 
112 
19 
107 
173 
50 
133 
55 
98 
140 
104 
95 
15 
13 
145 
84 
173 
96 
135 
55 
144 
72 
158 
54 
151 
119 
78 
80 
99 
75 
41 
144 
152 
61 
88 
104 
150 
182 
66 
90 
112 
172 
111 
161 
24 
73 
52 
130 
68 
81 
101 
58 
56 
106 
92 
0 
170 
44 
184 
146 
186 
75 
181 
187 
34 
174 
165 
113 
102 
166 
122 
63 
145 
18 
74 
34 
156 
115 
25 
40 
88 
96 
167 
95 
184 
145 
146 
33 
161 
55 
38 
178 
84 
154 
109 
1 
144 
60 
119 
90 
83 
10 
85 
15 
75 
31 
76 
118 
107 
169 
51 
77 
23 
114 
161 
59 
79 
43 
4 
103 
165 
68 
61 
13 
176 
173 
12 
134 
168 
149 
58 
64 
170 
48 
161 
171 
160 
110 
46 
85 
146 
101 
47 
121 
19 
63 
115 
95 
186 
50 
84 
126 
48 
77 
156 
17 
106 
103 
117 
20 
122 
89 
104 
46 
139 
105 
96 
93 
19 
145 
3 
85 
98 
47 
0 
122 
98 
53 
163 
35 
16 
171 
129 
114 
75 
9 
176 
118 
43 
86 
26 
13 
70 
126 
49 
111 
48 
180 
171 
30 
157 
53 
142 
148 
21 
132 
101 
115 
15 
84 
169 
69 
65 
122 
113 
153 
52 
55 
9 
163 
156 
110 
187 
67 
36 
161 
55 
11 
60 
59 
57 
150 
37 
84 
152 
103 
184 
39 
142 
22 
116 
93 
149 
186 
53 
21 
14 
27 
101 
133 
105 
30 
2 
74 
82 
131 
18 
60 
167 
123 
42 
60 
134 
55 
37 
40 
177 
183 
106 
21 
38 
49 
18 
163 
83 
48 
28 
62 
33 
147 
98 
99 
41 
106 
42 
0 
20 
34 
134 
155 
1 
35 
113 
144 
72 
110 
90 
89 
92 
17 
50 
166 
157 
98 
171 
28 
65 
35 
166 
37 
129 
32 
38 
168 
123 
180 
145 
89 
17 
44 
28 
47 
186 
68 
50 
85 
132 
17 
104 
144 
119 
180 
35 
166 
12 
128 
122 
146 
184 
25 
16 
113 
110 
53 
78 
150 
120 
118 
62 
73 
52 
104 
33 
176 
101 
187 
75 
97 
78 
132 
16 
135 
155 
157 
53 
37 
177 
5 
186 
72 
42 
126 
90 
60 
182 
80 
135 
152 
12 
137 
33 
162 
73 
123 
165 
148 
30 
102 
150 
48 
166 
37 
164 
10 
159 
130 
119 
14 
152 
171 
44 
63 
129 
124 
4 
54 
25 
92 
132 
125 
162 
12 
23 
54 
71 
19 
169 
104 
42 
53 
28 
45 
136 
4 
167 
163 
43 
159 
85 
66 
111 
100 
79 
22 
142 
94 
168 
178 
172 
49 
182 
127 
50 
146 
152 
158 
99 
6 
168 
42 
51 
115 
0 
19 
116 
5 
105 
151 
162 
33 
132 
121 
161 
20 
24 
21 
137 
96 
109 
132 
114 
81 
7 
140 
32 
65 
164 
63 
102 
108 
95 
120 
186 
175 
171 
77 
163 
86 
185 
171 
80 
49 
121 
64 
67 
125 
68 
56 
44 
1 
134 
108 
69 
63 
170 
141 
173 
58 
157 
1 
185 
186 
49 
172 
27 
43 
144 
58 
92 
159 
44 
135 
160 
122 
100 
156 
37 
106 
20 
23 
162 
105 
66 
30 
113 
64 
136 
49 
141 
16 
47 
185 
5 
163 
148 
63 
109 
96 
146 
181 
152 
58 
135 
160 
90 
94 
83 
40 
158 
74 
39 
42 
68 
111 
35 
6 
32 
139 
172 
145 
159 
143 
121 
100 
46 
56 
122 
10 
180 
114 
168 
151 
33 
39 
34 
24 
132 
138 
105 
59 
72 
9 
130 
182 
86 
183 
180 
13 
184 
171 
38 
89 
58 
122 
12 
51 
184 
52 
186 
117 
156 
88 
30 
47 
163 
157 
31 
109 
23 
127 
170 
161 
165 
142 
9 
156 
144 
36 
138 
159 
106 
168 
90 
67 
131 
2 
172 
116 
42 
113 
115 
4 
105 
121 
187 
119 
71 
85 
22 
171 
28 
31 
100 
133 
76 
146 
78 
165 
181 
50 
56 
107 
63 
57 
83 
29 
79 
180 
84 
37 
137 
69 
119 
44 
94 
140 
136 
43 
148 
133 
101 
178 
59 
86 
55 
119 
63 
120 
7 
27 
136 
168 
140 
178 
158 
113 
167 
46 
82 
51 
99 
18 
127 
87 
117 
19 
16 
47 
12 
125 
113 
94 
34 
60 
153 
59 
112 
181 
4 
49 
71 
12 
2 
108 
96 
58 
166 
153 
26 
13 
74 
174 
76 
185 
100 
50 
78 
109 
162 
182 
172 
49 
54 
171 
4 
175 
139 
142 
184 
48 
138 
153 
163 
10 
181 
58 
70 
36 
89 
110 
125 
105 
69 
94 
114 
97 
129 
175 
171 
66 
132 
36 
32 
146 
57 
11 
182 
42 
151 
138 
86 
67 
72 
63 
108 
157 
173 
140 
48 
25 
91 
176 
31 
47 
186 
4 
168 
37 
148 
174 
180 
172 
69 
157 
110 
173 
133 
12 
141 
147 
148 
71 
56 
40 
63 
129 
126 
58 
158 
34 
155 
22 
125 
59 
14 
157 
165 
45 
170 
137 
47 
105 
80 
77 
48 
30 
61 
35 
149 
109 
154 
47 
24 
114 
157 
38 
175 
19 
18 
167 
15 
30 
89 
184 
13 
88 
99 
187 
136 
16 
141 
153 
51 
97 
53 
63 
31 
96 
179 
5 
80 
119 
144 
11 
2 
10 
151 
106 
109 
55 
17 
39 
73 
77 
65 
180 
125 
8 
59 
52 
66 
3 
92 
157 
130 
110 
89 
117 
34 
41 
62 
102 
63 
144 
154 
72 
39 
80 
29 
79 
119 
178 
65 
112 
89 
104 
11 
155 
59 
156 
150 
72 
41 
10 
14 
52 
69 
49 
153 
13 
21 
178 
84 
119 
118 
61 
179 
17 
62 
126 
63 
10 
59 
70 
22 
76 
43 
1 
125 
77 
172 
171 
164 
142 
55 
144 
179 
147 
160 
90 
137 
53 
154 
30 
31 
39 
146 
128 
16 
133 
18 
183 
3 
151 
65 
185 
59 
23 
155 
122 
114 
178 
35 
24 
51 
9 
160 
7 
119 
103 
33 
156 
128 
32 
115 
78 
173 
160 
79 
73 
44 
162 
77 
136 
151 
30 
124 
114 
3 
95 
2 
46 
170 
128 
6 
182 
84 
156 
149 
117 
107 
108 
131 
31 
51 
151 
74 
81 
86 
54 
173 
69 
139 
171 
167 
73 
3 
144 
168 
78 
147 
17 
156 
155 
21 
72 
86 
164 
140 
157 
183 
88 
9 
66 
180 
181 
18 
82 
168 
16 
28 
123 
124 
57 
113 
136 
20 
155 
173 
89 
114 
59 
142 
85 
81 
148 
123 
24 
131 
43 
89 
156 
187 
20 
47 
6 
58 
5 
53 
32 
134 
130 
178 
85 
97 
155 
52 
15 
82 
24 
169 
184 
48 
70 
62 
23 
91 
112 
36 
96 
69 
180 
136 
86 
20 
78 
16 
14 
27 
52 
174 
46 
125 
4 
117 
168 
120 
139 
178 
25 
78 
46 
50 
21 
148 
48 
177 
92 
106 
2 
95 
77 
130 
181 
182 
65 
68 
46 
89 
138 
144 
133 
150 
36 
28 
111 
26 
57 
14 
180 
173 
80 
182 
39 
52 
95 
76 
53 
161 
147 
18 
183 
11 
98 
104 
20 
117 
91 
166 
179 
134 
120 
84 
130 
151 
44 
36 
168 
94 
121 
32 
59 
1 
87 
23 
42 
118 
108 
104 
123 
171 
154 
2 
166 
66 
126 
4 
118 
40 
162 
70 
187 
104 
175 
124 
181 
16 
135 
17 
94 
156 
76 
2 
58 
14 
136 
95 
159 
167 
152 
120 
150 
75 
65 
98 
82 
63 
124 
78 
133 
125 
80 
22 
86 
132 
33 
149 
72 
34 
140 
174 
11 
3 
94 
127 
92 
41 
74 
81 
43 
164 
114 
111 
125 
77 
117 
48 
30 
32 
153 
57 
122 
17 
129 
110 
76 
101 
168 
102 
135 
5 
72 
87 
25 
1 
147 
96 
123 
119 
65 
121 
12 
72 
143 
86 
102 
112 
27 
5 
117 
19 
175 
156 
168 
100 
130 
170 
177 
23 
89 
180 
69 
131 
52 
10 
28 
141 
4 
18 
35 
21 
64 
47 
170 
13 
61 
164 
60 
182 
143 
65 
133 
81 
163 
1 
23 
70 
69 
100 
80 
51 
80 
111 
103 
171 
66 
146 
172 
70 
118 
87 
55 
173 
149 
13 
7 
166 
187 
43 
106 
58 
6 
5 
116 
166 
59 
37 
53 
141 
51 
40 
137 
105 
109 
26 
112 
123 
182 
95 
33 
128 
42 
125 
181 
43 
141 
143 
1 
68 
44 
172 
100 
28 
156 
84 
149 
62 
66 
122 
180 
19 
100 
36 
106 
132 
71 
27 
29 
118 
143 
91 
167 
112 
144 
156 
72 
119 
48 
66 
3 
15 
86 
91 
145 
155 
163 
64 
104 
88 
158 
80 
125 
17 
70 
75 
140 
180 
110 
9 
65 
72 
156 
184 
116 
11 
40 
108 
131 
124 
12 
122 
184 
130 
186 
141 
177 
90 
173 
151 
91 
129 
136 
0 
163 
3 
111 
63 
53 
115 
125 
123 
13 
48 
42 
36 
102 
70 
30 
27 
34 
44 
63 
39 
111 
138 
54 
49 
97 
103 
150 
76 
85 
95 
21 
55 
69 
169 
34 
39 
27 
123 
58 
143 
76 
104 
170 
95 
126 
69 
103 
91 
140 
172 
169 
61 
91 
33 
66 
148 
102 
115 
17 
148 
165 
149 
151 
10 
97 
143 
116 
169 
4 
19 
60 
154 
142 
167 
163 
113 
143 
173 
49 
69 
180 
138 
158 
117 
179 
7 
80 
66 
104 
68 
79 
186 
19 
129 
90 
47 
93 
28 
184 
35 
6 
0 
40 
91 
64 
95 
145 
67 
185 
180 
175 
15 
37 
124 
16 
56 
130 
55 
63 
62 
151 
44 
26 
97 
27 
147 
76 
46 
84 
132 
142 
116 
126 
122 
81 
90 
185 
178 
80 
174 
22 
29 
103 
120 
71 
181 
133 
152 
11 
101 
102 
126 
152 
155 
151 
163 
62 
124 
164 
157 
117 
47 
115 
24 
135 
4 
35 
29 
100 
6 
172 
58 
26 
151 
10 
91 
124 
50 
96 
57 
177 
108 
8 
160 
174 
66 
132 
87 
71 
105 
149 
111 
99 
78 
166 
101 
114 
82 
95 
44 
50 
119 
151 
72 
14 
66 
120 
82 
103 
22 
146 
4 
109 
46 
168 
186 
134 
144 
108 
24 
63 
150 
137 
38 
80 
72 
163 
103 
68 
25 
21 
36 
71 
33 
28 
142 
151 
2 
150 
83 
77 
46 
93 
177 
187 
88 
3 
144 
181 
131 
35 
174 
49 
170 
90 
160 
66 
11 
164 
20 
65 
51 
104 
147 
100 
78 
17 
141 
148 
72 
10 
49 
127 
52 
183 
130 
70 
153 
143 
129 
176 
69 
133 
24 
187 
168 
90 
174 
5 
132 
144 
137 
112 
40 
170 
77 
72 
109 
15 
51 
126 
138 
161 
178 
124 
94 
25 
173 
128 
97 
122 
153 
123 
56 
117 
159 
86 
14 
123 
144 
64 
116 
8 
130 
46 
178 
135 
177 
119 
3 
46 
109 
45 
130 
104 
124 
65 
120 
81 
100 
70 
168 
179 
110 
101 
85 
171 
16 
27 
79 
107 
177 
155 
78 
132 
172 
94 
50 
64 
52 
127 
178 
120 
60 
173 
20 
94 
123 
172 
28 
31 
6 
56 
24 
144 
175 
118 
132 
72 
125 
55 
112 
91 
85 
60 
108 
131 
88 
168 
39 
140 
153 
87 
7 
123 
68 
158 
161 
63 
45 
168 
101 
27 
31 
104 
73 
66 
11 
178 
141 
184 
72 
100 
161 
127 
20 
135 
110 
97 
152 
35 
50 
72 
148 
59 
55 
14 
71 
72 
79 
156 
44 
42 
132 
143 
26 
153 
27 
164 
89 
49 
144 
140 
14 
44 
13 
28 
11 
3 
107 
85 
55 
72 
53 
130 
48 
181 
93 
12 
81 
89 
88 
153 
80 
174 
124 
18 
16 
105 
127 
23 
180 
162 
47 
62 
118 
70 
133 
96 
21 
45 
36 
65 
13 
156 
79 
39 
91 
147 
48 
31 
168 
68 
0 
107 
97 
80 
74 
83 
184 
89 
133 
187 
128 
144 
179 
11 
154 
171 
93 
120 
8 
122 
109 
89 
110 
87 
130 
0 
173 
103 
75 
180 
179 
115 
173 
23 
113 
100 
98 
2 
129 
110 
167 
84 
155 
161 
105 
136 
27 
15 
6 
38 
45 
132 
55 
23 
174 
140 
52 
185 
124 
32 
96 
166 
144 
30 
173 
45 
53 
102 
180 
93 
85 
92 
170 
157 
18 
69 
99 
7 
109 
33 
22 
102 
13 
152 
59 
25 
170 
141 
40 
26 
186 
116 
80 
83 
122 
39 
84 
134 
128 
181 
169 
75 
52 
132 
68 
114 
143 
95 
182 
20 
94 
44 
85 
48 
115 
103 
133 
25 
111 
177 
51 
95 
125 
56 
24 
49 
185 
133 
169 
180 
62 
21 
30 
53 
57 
116 
137 
49 
152 
39 
132 
25 
146 
67 
83 
4 
147 
149 
69 
20 
135 
95 
178 
80 
