19
19
26
19
16
17
30
24
16
17
24
14
22
17
15
24
22
20
26
16
16
15
17
15
14
19
21
22
30
27
23
20
16
21
24
10
24
18
17
17
16
19
22
22
16
22
21
19
18
25
25
21
28
20
23
29
14
24
22
28
19
12
21
17
24
18
19
17
25
16
25
18
17
18
24
24
25
26
15
25
18
23
21
15
21
16
15
19
23
34
25
22
22
23
33
29
15
23
23
23
23
16
15
21
17
21
18
19
25
23
21
15
20
20
23
15
21
17
24
19
21
22
24
18
12
20
17
15
13
15
21
21
22
28
17
24
18
23
18
21
26
21
13
25
19
18
23
34
19
19
29
21
22
30
21
16
21
18
15
17
20
23
11
16
26
24
17
16
19
19
19
25
14
20
16
11
22
15
25
15
20
19
16
13
19
17
23
19
