8
9
11
12
14
11
9
9
5
8
11
12
12
15
12
10
13
12
13
12
15
12
9
13
14
12
8
15
13
7
15
11
11
12
10
12
11
11
8
16
10
6
13
11
16
7
13
15
17
17
17
13
16
15
6
19
10
8
14
17
11
6
11
19
10
15
17
8
13
17
15
9
22
9
11
10
10
14
14
11
19
9
8
8
16
15
12
8
10
16
12
13
9
10
15
19
12
10
11
8
14
12
11
15
17
15
13
8
11
13
13
11
10
13
14
11
12
13
10
17
11
8
20
14
14
15
10
10
10
12
15
8
21
17
10
13
11
10
10
7
13
13
10
11
22
10
15
10
13
11
13
16
12
12
8
12
21
14
9
8
10
12
9
14
9
7
12
10
20
12
14
18
14
18
11
9
5
12
15
9
21
14
13
8
14
9
14
12
