356 
316 
607 
646 
346 
110 
190 
25 
130 
533 
352 
98 
107 
408 
157 
24 
642 
54 
576 
379 
2 
600 
593 
385 
321 
34 
90 
241 
483 
701 
368 
651 
451 
502 
599 
12 
337 
27 
470 
32 
268 
541 
555 
300 
113 
647 
515 
92 
487 
717 
702 
250 
640 
15 
197 
42 
693 
723 
632 
449 
594 
550 
329 
567 
175 
538 
280 
192 
627 
94 
244 
78 
340 
416 
504 
528 
440 
728 
472 
156 
68 
121 
367 
713 
435 
219 
4 
129 
571 
146 
689 
319 
519 
649 
109 
543 
374 
308 
514 
173 
120 
338 
88 
604 
576 
376 
106 
380 
583 
40 
47 
243 
90 
226 
739 
654 
615 
255 
518 
5 
397 
224 
674 
594 
558 
482 
261 
479 
135 
552 
725 
608 
554 
164 
416 
128 
591 
206 
372 
559 
445 
148 
531 
499 
324 
115 
165 
453 
488 
384 
440 
78 
657 
186 
348 
538 
506 
188 
76 
639 
512 
532 
691 
681 
685 
77 
51 
317 
461 
75 
622 
17 
385 
184 
209 
15 
57 
156 
454 
697 
147 
302 
592 
61 
303 
402 
300 
350 
498 
118 
478 
617 
195 
717 
3 
52 
566 
127 
374 
314 
150 
10 
41 
62 
677 
146 
571 
527 
645 
234 
267 
73 
557 
208 
667 
690 
106 
683 
312 
92 
174 
695 
381 
457 
565 
131 
464 
343 
724 
427 
368 
99 
132 
151 
173 
269 
226 
447 
700 
112 
675 
655 
713 
27 
558 
20 
136 
719 
224 
104 
219 
342 
687 
47 
286 
278 
405 
551 
356 
96 
615 
159 
504 
273 
596 
363 
362 
578 
601 
359 
486 
599 
506 
468 
250 
443 
94 
662 
227 
336 
350 
145 
597 
659 
736 
9 
663 
10 
162 
189 
281 
365 
37 
91 
581 
729 
496 
270 
160 
154 
289 
711 
442 
164 
254 
284 
0 
491 
647 
728 
625 
87 
610 
433 
708 
677 
397 
437 
285 
402 
71 
612 
126 
165 
407 
176 
580 
731 
440 
125 
212 
660 
278 
674 
529 
703 
119 
85 
508 
264 
472 
717 
506 
699 
127 
234 
260 
736 
244 
334 
78 
474 
435 
245 
737 
363 
453 
543 
326 
337 
109 
450 
663 
270 
437 
562 
584 
110 
108 
392 
622 
376 
174 
298 
616 
262 
197 
75 
242 
403 
204 
39 
401 
658 
531 
313 
723 
277 
550 
514 
17 
331 
571 
282 
552 
566 
303 
289 
599 
116 
224 
84 
205 
665 
633 
732 
371 
157 
522 
544 
541 
735 
386 
429 
466 
356 
153 
402 
207 
58 
34 
306 
93 
176 
200 
339 
290 
237 
574 
470 
27 
430 
591 
610 
580 
488 
236 
380 
644 
378 
374 
18 
364 
464 
234 
95 
180 
182 
158 
293 
255 
617 
542 
321 
213 
737 
608 
168 
220 
6 
638 
545 
260 
727 
705 
715 
73 
200 
413 
424 
522 
368 
22 
69 
553 
480 
108 
583 
694 
309 
338 
643 
422 
219 
170 
425 
354 
89 
428 
224 
344 
626 
130 
355 
310 
415 
465 
24 
181 
605 
105 
423 
178 
304 
412 
601 
677 
514 
735 
210 
51 
560 
687 
183 
720 
57 
438 
233 
401 
418 
43 
255 
733 
150 
730 
669 
388 
396 
541 
217 
265 
10 
635 
663 
365 
19 
389 
491 
75 
348 
705 
659 
667 
256 
293 
678 
192 
704 
474 
41 
371 
402 
54 
726 
430 
587 
403 
615 
100 
481 
582 
736 
74 
189 
475 
91 
665 
472 
313 
564 
40 
419 
514 
645 
153 
157 
71 
330 
670 
573 
707 
684 
177 
429 
261 
517 
119 
235 
399 
229 
108 
325 
56 
696 
204 
15 
644 
146 
324 
604 
248 
339 
434 
206 
431 
2 
298 
361 
24 
196 
270 
228 
44 
267 
424 
48 
198 
540 
635 
13 
537 
180 
132 
142 
190 
118 
526 
709 
334 
633 
542 
689 
534 
529 
33 
264 
66 
730 
135 
352 
109 
105 
295 
441 
88 
588 
699 
134 
151 
349 
140 
437 
32 
64 
632 
348 
119 
130 
175 
467 
578 
163 
336 
536 
164 
76 
561 
615 
350 
630 
600 
427 
422 
641 
554 
468 
710 
67 
236 
133 
148 
481 
722 
645 
457 
98 
60 
28 
653 
713 
268 
703 
704 
83 
4 
356 
338 
218 
671 
456 
687 
81 
432 
558 
234 
103 
156 
110 
179 
56 
666 
524 
241 
419 
490 
674 
499 
330 
529 
544 
129 
707 
94 
11 
8 
49 
659 
387 
462 
508 
678 
608 
560 
272 
535 
447 
112 
714 
361 
371 
525 
125 
602 
202 
701 
567 
127 
688 
2 
351 
485 
172 
208 
114 
691 
166 
65 
227 
733 
252 
270 
196 
136 
201 
634 
663 
23 
675 
58 
510 
715 
645 
4 
702 
433 
244 
62 
174 
335 
239 
301 
393 
274 
296 
115 
87 
121 
277 
339 
458 
368 
145 
278 
686 
640 
680 
171 
187 
600 
387 
266 
567 
66 
283 
456 
144 
430 
167 
40 
234 
119 
74 
449 
466 
34 
295 
18 
91 
606 
127 
655 
667 
176 
228 
395 
484 
692 
39 
523 
565 
14 
480 
642 
657 
615 
168 
42 
239 
102 
597 
470 
586 
82 
380 
138 
344 
345 
522 
269 
457 
590 
10 
446 
357 
128 
340 
369 
268 
67 
668 
430 
454 
381 
448 
33 
359 
551 
560 
61 
59 
123 
469 
358 
170 
488 
694 
592 
438 
365 
392 
701 
600 
599 
678 
22 
639 
670 
379 
589 
537 
450 
675 
296 
529 
406 
274 
122 
516 
544 
715 
530 
627 
460 
124 
542 
356 
183 
42 
348 
404 
312 
489 
684 
150 
293 
710 
397 
559 
603 
220 
135 
151 
732 
635 
62 
156 
528 
461 
192 
556 
67 
166 
163 
46 
106 
422 
84 
360 
504 
340 
664 
593 
433 
456 
699 
502 
563 
736 
63 
560 
289 
36 
659 
5 
445 
527 
486 
667 
709 
12 
698 
450 
578 
37 
440 
323 
44 
358 
250 
582 
541 
684 
286 
61 
380 
683 
661 
476 
730 
448 
633 
402 
675 
409 
112 
165 
330 
447 
58 
567 
76 
342 
171 
472 
507 
313 
182 
178 
80 
233 
282 
646 
202 
531 
381 
221 
658 
93 
701 
503 
692 
15 
468 
589 
662 
656 
586 
606 
455 
363 
655 
495 
156 
604 
69 
712 
600 
453 
133 
640 
98 
108 
569 
312 
490 
365 
372 
680 
230 
321 
516 
405 
327 
613 
704 
218 
189 
485 
36 
351 
508 
570 
102 
68 
200 
376 
556 
707 
222 
666 
571 
663 
293 
265 
170 
705 
126 
434 
653 
612 
193 
150 
314 
304 
94 
57 
196 
596 
526 
550 
139 
73 
560 
374 
525 
500 
133 
182 
587 
722 
74 
143 
1 
492 
188 
309 
299 
443 
688 
726 
486 
385 
165 
399 
691 
161 
178 
491 
672 
655 
522 
628 
685 
50 
414 
544 
390 
610 
430 
563 
28 
129 
153 
55 
388 
573 
66 
715 
614 
132 
552 
720 
711 
507 
204 
238 
384 
20 
670 
98 
532 
641 
203 
110 
476 
561 
591 
508 
83 
571 
586 
440 
134 
120 
732 
381 
25 
205 
348 
562 
701 
281 
276 
257 
448 
27 
10 
79 
533 
277 
85 
51 
174 
580 
542 
470 
93 
249 
654 
462 
402 
73 
693 
540 
650 
39 
29 
209 
449 
555 
610 
16 
651 
714 
106 
291 
660 
680 
181 
186 
199 
361 
316 
418 
228 
189 
387 
373 
250 
31 
570 
221 
111 
90 
154 
160 
4 
94 
353 
695 
227 
521 
682 
69 
567 
245 
711 
229 
246 
426 
126 
307 
289 
493 
102 
515 
33 
571 
83 
299 
203 
546 
75 
436 
354 
295 
220 
415 
544 
274 
477 
690 
423 
193 
465 
213 
686 
374 
89 
239 
44 
350 
549 
259 
117 
619 
141 
121 
480 
104 
617 
470 
306 
360 
429 
419 
702 
592 
398 
1 
223 
105 
645 
530 
66 
316 
154 
447 
722 
669 
47 
380 
737 
53 
599 
209 
381 
185 
337 
7 
342 
13 
87 
180 
641 
663 
23 
547 
442 
252 
518 
581 
247 
501 
174 
719 
654 
469 
207 
106 
370 
446 
193 
54 
168 
355 
30 
215 
210 
136 
728 
11 
383 
457 
14 
27 
129 
169 
162 
166 
430 
28 
192 
566 
287 
701 
625 
678 
205 
545 
173 
713 
262 
520 
228 
604 
264 
593 
738 
160 
233 
24 
9 
270 
531 
322 
123 
564 
407 
288 
332 
712 
578 
587 
167 
436 
70 
708 
231 
511 
408 
113 
226 
250 
677 
94 
170 
63 
222 
91 
716 
31 
340 
619 
699 
283 
456 
651 
392 
585 
125 
689 
130 
33 
276 
676 
683 
404 
60 
669 
642 
637 
52 
732 
692 
41 
603 
46 
534 
720 
305 
548 
385 
98 
363 
151 
551 
607 
625 
245 
39 
466 
255 
336 
221 
266 
268 
312 
616 
384 
147 
18 
165 
327 
722 
207 
730 
667 
700 
510 
620 
563 
172 
102 
164 
219 
326 
441 
481 
236 
555 
105 
435 
34 
372 
369 
251 
274 
611 
240 
454 
28 
265 
345 
24 
675 
397 
456 
467 
134 
190 
96 
442 
543 
189 
66 
72 
660 
738 
202 
224 
259 
199 
380 
572 
638 
365 
716 
75 
439 
531 
529 
187 
542 
470 
68 
52 
724 
214 
198 
205 
374 
16 
368 
465 
215 
343 
286 
519 
222 
612 
588 
194 
686 
700 
39 
399 
363 
557 
463 
109 
155 
56 
613 
556 
320 
725 
424 
31 
165 
628 
738 
380 
477 
207 
55 
51 
45 
272 
61 
417 
23 
132 
449 
190 
638 
390 
478 
642 
15 
697 
601 
359 
692 
60 
49 
643 
110 
473 
77 
645 
484 
669 
28 
282 
431 
0 
125 
80 
648 
112 
123 
667 
480 
718 
672 
526 
580 
72 
75 
239 
624 
198 
516 
38 
250 
214 
635 
230 
469 
506 
376 
209 
634 
236 
175 
185 
337 
217 
407 
443 
291 
73 
312 
504 
508 
305 
622 
599 
339 
319 
88 
10 
141 
39 
351 
640 
397 
559 
408 
621 
225 
278 
363 
422 
734 
264 
458 
359 
150 
151 
196 
333 
674 
601 
554 
323 
301 
484 
44 
354 
218 
245 
380 
57 
713 
441 
664 
147 
592 
444 
464 
698 
726 
560 
564 
497 
429 
169 
177 
226 
255 
70 
40 
364 
561 
619 
667 
318 
349 
159 
465 
540 
475 
502 
500 
691 
478 
266 
432 
739 
41 
87 
180 
292 
403 
615 
628 
88 
555 
312 
199 
27 
60 
387 
148 
175 
400 
353 
699 
191 
636 
512 
589 
178 
110 
519 
644 
21 
243 
452 
303 
425 
538 
345 
351 
64 
684 
271 
444 
98 
620 
665 
240 
649 
58 
492 
456 
16 
332 
510 
735 
256 
520 
461 
357 
364 
447 
398 
536 
527 
677 
514 
311 
136 
679 
127 
209 
49 
188 
333 
203 
235 
418 
307 
129 
2 
537 
306 
122 
730 
515 
408 
142 
378 
524 
604 
107 
61 
614 
726 
704 
300 
394 
637 
316 
557 
470 
654 
11 
402 
274 
596 
200 
334 
288 
482 
335 
395 
53 
143 
251 
32 
693 
232 
695 
41 
526 
215 
662 
519 
90 
377 
14 
700 
146 
167 
559 
483 
639 
35 
478 
91 
456 
689 
384 
476 
230 
611 
531 
108 
473 
516 
567 
40 
706 
236 
217 
65 
199 
647 
464 
593 
649 
454 
378 
176 
18 
33 
71 
398 
688 
193 
381 
58 
88 
171 
294 
466 
609 
307 
309 
99 
299 
256 
470 
676 
226 
385 
718 
163 
426 
366 
544 
674 
489 
443 
713 
346 
73 
371 
568 
26 
153 
734 
351 
126 
203 
32 
607 
475 
737 
400 
253 
650 
660 
725 
543 
225 
137 
506 
463 
637 
379 
17 
50 
541 
535 
563 
221 
266 
198 
636 
491 
269 
712 
52 
242 
634 
335 
217 
526 
295 
550 
478 
472 
313 
503 
413 
727 
652 
432 
345 
690 
259 
69 
136 
281 
286 
573 
326 
164 
615 
672 
161 
230 
483 
393 
186 
48 
442 
577 
22 
359 
427 
311 
649 
738 
37 
422 
317 
372 
659 
644 
571 
389 
401 
654 
65 
224 
219 
705 
108 
71 
319 
382 
665 
631 
289 
424 
49 
609 
206 
398 
438 
513 
677 
117 
235 
278 
630 
263 
183 
238 
148 
293 
248 
661 
694 
632 
594 
350 
534 
32 
44 
656 
378 
233 
357 
294 
527 
692 
512 
711 
177 
555 
465 
353 
149 
284 
7 
567 
103 
473 
165 
330 
72 
681 
232 
459 
202 
569 
302 
247 
51 
406 
579 
50 
381 
89 
450 
315 
657 
557 
636 
86 
11 
335 
549 
552 
19 
482 
77 
504 
547 
76 
672 
272 
464 
101 
637 
174 
577 
387 
122 
255 
265 
158 
506 
638 
398 
88 
324 
604 
106 
447 
283 
564 
494 
669 
710 
305 
548 
159 
395 
126 
684 
129 
734 
653 
219 
453 
310 
513 
524 
624 
291 
26 
113 
682 
74 
241 
462 
299 
498 
551 
32 
311 
35 
486 
45 
639 
226 
151 
609 
73 
468 
432 
591 
8 
546 
89 
622 
108 
482 
705 
582 
197 
549 
22 
284 
726 
70 
180 
433 
42 
720 
262 
103 
426 
368 
192 
391 
716 
276 
228 
442 
628 
722 
323 
425 
273 
483 
133 
419 
668 
227 
13 
57 
507 
400 
143 
271 
194 
505 
134 
272 
570 
297 
21 
336 
458 
696 
156 
366 
130 
66 
60 
220 
413 
82 
121 
552 
74 
7 
640 
101 
618 
132 
149 
52 
431 
681 
181 
320 
75 
199 
226 
590 
23 
50 
565 
736 
295 
661 
595 
639 
258 
317 
6 
553 
563 
370 
18 
708 
403 
319 
591 
456 
381 
352 
268 
41 
108 
19 
197 
73 
503 
236 
203 
316 
529 
385 
153 
314 
139 
536 
690 
399 
174 
730 
716 
125 
288 
360 
551 
287 
726 
593 
634 
114 
182 
530 
700 
413 
257 
126 
136 
718 
363 
86 
246 
313 
84 
471 
32 
255 
330 
242 
340 
347 
21 
45 
654 
29 
411 
438 
106 
184 
204 
65 
613 
337 
129 
263 
195 
510 
237 
428 
632 
636 
111 
609 
270 
220 
664 
9 
507 
656 
159 
305 
194 
407 
408 
304 
517 
186 
456 
166 
665 
597 
570 
706 
174 
394 
603 
695 
595 
356 
421 
95 
589 
502 
671 
72 
240 
213 
259 
684 
153 
488 
735 
736 
493 
342 
728 
662 
449 
650 
532 
534 
479 
444 
117 
687 
190 
102 
462 
226 
301 
146 
89 
417 
292 
463 
541 
48 
139 
337 
401 
424 
150 
633 
9 
599 
382 
238 
716 
26 
626 
169 
432 
679 
71 
353 
111 
209 
44 
31 
331 
607 
372 
615 
419 
314 
195 
336 
305 
387 
168 
438 
572 
358 
409 
464 
568 
466 
676 
667 
270 
643 
216 
302 
694 
57 
697 
27 
307 
199 
502 
591 
485 
397 
23 
61 
182 
711 
283 
596 
688 
649 
491 
499 
87 
272 
480 
253 
69 
174 
556 
433 
362 
308 
589 
234 
213 
682 
737 
292 
492 
335 
690 
520 
191 
6 
311 
162 
34 
348 
535 
598 
262 
544 
686 
659 
421 
18 
114 
256 
530 
632 
615 
453 
340 
655 
389 
187 
218 
140 
282 
730 
56 
250 
368 
158 
327 
119 
487 
574 
422 
726 
441 
317 
333 
326 
595 
723 
303 
97 
94 
46 
717 
551 
271 
345 
91 
485 
584 
443 
58 
67 
557 
623 
150 
736 
707 
675 
155 
434 
0 
700 
68 
622 
93 
390 
54 
257 
181 
262 
538 
70 
437 
43 
107 
564 
230 
357 
84 
501 
365 
50 
72 
555 
532 
276 
458 
184 
201 
44 
537 
41 
349 
391 
81 
478 
26 
117 
163 
412 
335 
331 
454 
507 
215 
243 
663 
115 
674 
237 
461 
518 
568 
216 
292 
615 
74 
402 
677 
138 
169 
351 
29 
509 
676 
11 
312 
223 
705 
16 
395 
693 
708 
619 
315 
242 
660 
408 
569 
400 
383 
10 
274 
353 
566 
443 
701 
31 
260 
294 
409 
650 
495 
592 
254 
304 
44 
714 
282 
529 
648 
140 
76 
707 
9 
277 
372 
499 
561 
703 
43 
436 
227 
675 
385 
80 
493 
217 
515 
339 
696 
730 
149 
332 
543 
355 
510 
629 
288 
164 
681 
261 
23 
646 
536 
449 
687 
131 
132 
48 
445 
85 
585 
392 
299 
380 
520 
605 
663 
710 
212 
425 
22 
144 
717 
154 
72 
588 
518 
63 
270 
511 
551 
202 
328 
109 
433 
175 
193 
214 
176 
507 
64 
271 
158 
412 
570 
112 
386 
670 
278 
332 
238 
320 
624 
147 
210 
371 
500 
251 
10 
267 
358 
623 
93 
166 
545 
573 
564 
296 
429 
182 
275 
435 
469 
69 
688 
102 
128 
143 
244 
706 
664 
9 
448 
497 
490 
90 
381 
209 
260 
455 
475 
347 
552 
314 
343 
572 
63 
724 
687 
615 
699 
308 
437 
531 
208 
240 
561 
97 
218 
200 
269 
125 
739 
47 
672 
7 
431 
636 
574 
156 
323 
450 
67 
433 
53 
732 
207 
322 
233 
648 
191 
29 
287 
577 
348 
696 
188 
173 
456 
306 
210 
290 
300 
137 
730 
280 
403 
399 
124 
172 
708 
249 
452 
69 
167 
90 
620 
629 
479 
31 
74 
39 
129 
331 
568 
609 
714 
247 
576 
273 
292 
632 
36 
104 
119 
158 
28 
163 
105 
286 
559 
687 
630 
505 
9 
193 
376 
21 
111 
261 
429 
131 
396 
639 
502 
107 
469 
303 
8 
143 
523 
472 
89 
207 
18 
182 
401 
78 
348 
614 
11 
651 
216 
481 
23 
583 
592 
588 
604 
664 
402 
321 
176 
716 
217 
391 
732 
357 
410 
88 
351 
258 
600 
165 
670 
47 
431 
166 
528 
314 
121 
586 
236 
477 
172 
405 
470 
226 
218 
397 
328 
383 
116 
671 
257 
512 
395 
153 
288 
548 
306 
145 
729 
473 
219 
564 
229 
739 
465 
488 
91 
250 
249 
113 
371 
192 
575 
695 
540 
248 
375 
639 
79 
149 
570 
231 
358 
680 
313 
179 
185 
555 
228 
546 
558 
721 
281 
48 
726 
44 
168 
186 
88 
177 
567 
551 
643 
21 
441 
605 
568 
215 
486 
481 
442 
460 
686 
138 
288 
495 
533 
197 
693 
417 
224 
677 
394 
512 
258 
61 
332 
331 
27 
216 
372 
60 
14 
427 
585 
314 
464 
410 
76 
672 
485 
591 
472 
689 
397 
298 
671 
164 
328 
148 
273 
656 
205 
421 
653 
438 
17 
180 
65 
607 
432 
369 
135 
20 
323 
566 
519 
223 
322 
28 
681 
459 
724 
577 
529 
10 
221 
114 
392 
583 
400 
492 
289 
731 
456 
202 
100 
428 
68 
320 
441 
352 
61 
471 
623 
285 
236 
249 
508 
538 
643 
515 
309 
498 
311 
386 
632 
468 
393 
330 
93 
730 
240 
399 
698 
540 
83 
506 
495 
102 
82 
137 
437 
251 
70 
635 
117 
522 
674 
649 
196 
308 
337 
73 
198 
351 
76 
602 
455 
438 
257 
389 
561 
115 
391 
270 
484 
193 
313 
345 
633 
173 
261 
499 
192 
112 
479 
133 
503 
130 
288 
148 
584 
126 
564 
166 
604 
48 
582 
50 
242 
517 
33 
580 
154 
156 
607 
452 
356 
30 
703 
739 
243 
230 
727 
390 
680 
75 
567 
527 
89 
163 
284 
538 
726 
17 
293 
327 
439 
407 
395 
13 
131 
182 
636 
532 
445 
492 
49 
223 
171 
646 
419 
735 
80 
665 
35 
363 
203 
570 
593 
337 
22 
115 
460 
85 
515 
108 
287 
475 
700 
166 
581 
677 
346 
592 
305 
147 
518 
55 
259 
661 
277 
635 
473 
648 
264 
265 
184 
338 
433 
589 
652 
533 
507 
129 
132 
516 
555 
364 
316 
50 
517 
221 
706 
370 
470 
289 
687 
579 
362 
96 
328 
217 
299 
75 
657 
216 
711 
261 
506 
693 
708 
42 
188 
378 
192 
187 
533 
437 
199 
519 
48 
106 
230 
8 
83 
663 
467 
680 
10 
268 
585 
462 
736 
439 
6 
580 
148 
9 
701 
488 
695 
699 
729 
359 
50 
196 
639 
403 
141 
702 
293 
157 
415 
698 
672 
23 
694 
175 
15 
347 
240 
542 
478 
310 
688 
252 
11 
582 
622 
264 
505 
632 
425 
376 
498 
371 
152 
516 
60 
182 
418 
446 
696 
39 
194 
382 
247 
216 
559 
692 
426 
584 
27 
673 
316 
126 
171 
79 
443 
117 
337 
52 
719 
155 
640 
74 
59 
356 
684 
392 
720 
406 
605 
602 
534 
95 
43 
397 
483 
664 
575 
268 
284 
465 
133 
269 
173 
594 
690 
48 
388 
472 
13 
651 
257 
726 
130 
174 
339 
18 
513 
718 
330 
351 
437 
433 
2 
281 
277 
369 
111 
231 
551 
573 
22 
55 
616 
304 
608 
246 
705 
206 
141 
490 
354 
529 
647 
363 
717 
583 
577 
7 
162 
519 
260 
684 
640 
593 
568 
721 
454 
238 
694 
611 
506 
204 
360 
428 
523 
274 
10 
736 
599 
158 
429 
71 
576 
526 
306 
305 
307 
286 
542 
683 
301 
283 
332 
55 
118 
134 
139 
185 
155 
579 
443 
58 
225 
93 
154 
685 
35 
607 
739 
382 
173 
534 
344 
575 
580 
677 
181 
384 
725 
288 
210 
435 
466 
386 
535 
199 
396 
702 
148 
489 
4 
197 
560 
723 
428 
51 
590 
600 
514 
688 
327 
37 
146 
342 
698 
533 
123 
299 
351 
586 
248 
216 
576 
561 
231 
530 
214 
177 
304 
404 
486 
268 
491 
678 
726 
484 
705 
541 
504 
298 
737 
261 
364 
401 
166 
599 
416 
207 
345 
625 
134 
667 
309 
78 
226 
331 
455 
393 
670 
573 
40 
435 
499 
251 
395 
58 
555 
190 
219 
245 
187 
398 
169 
115 
732 
82 
542 
234 
517 
149 
657 
352 
714 
662 
303 
63 
79 
317 
548 
454 
372 
469 
81 
335 
117 
261 
415 
350 
193 
239 
390 
442 
126 
726 
263 
381 
293 
65 
492 
164 
244 
565 
443 
347 
173 
246 
512 
431 
661 
266 
143 
262 
230 
446 
730 
146 
339 
593 
531 
394 
278 
504 
478 
32 
163 
264 
641 
537 
498 
564 
598 
250 
527 
533 
107 
225 
727 
545 
21 
87 
184 
604 
28 
576 
259 
464 
482 
73 
602 
417 
500 
281 
728 
579 
490 
180 
355 
438 
612 
187 
570 
699 
102 
392 
623 
493 
123 
200 
40 
47 
179 
266 
649 
113 
260 
36 
341 
282 
63 
558 
92 
503 
418 
670 
393 
67 
173 
662 
449 
198 
43 
228 
376 
496 
413 
103 
510 
471 
352 
71 
371 
675 
86 
543 
218 
177 
517 
261 
97 
415 
313 
566 
714 
90 
377 
498 
515 
465 
294 
562 
315 
499 
5 
306 
267 
726 
350 
583 
414 
274 
739 
512 
703 
475 
605 
385 
477 
606 
210 
258 
522 
547 
397 
53 
463 
49 
148 
335 
467 
524 
410 
637 
311 
156 
256 
452 
462 
52 
375 
208 
219 
157 
10 
3 
353 
0 
669 
640 
223 
251 
664 
731 
708 
331 
431 
610 
234 
253 
567 
450 
495 
262 
679 
738 
209 
79 
63 
404 
85 
292 
447 
701 
487 
142 
569 
277 
660 
312 
322 
498 
307 
429 
595 
732 
33 
480 
146 
552 
62 
18 
295 
472 
119 
632 
13 
163 
500 
397 
735 
358 
35 
671 
25 
61 
605 
654 
263 
380 
317 
361 
461 
3 
727 
310 
366 
620 
95 
39 
708 
550 
585 
579 
247 
367 
521 
553 
111 
300 
136 
307 
702 
196 
373 
130 
345 
603 
49 
28 
282 
695 
349 
369 
703 
193 
145 
44 
511 
619 
610 
721 
237 
4 
51 
173 
427 
561 
490 
568 
306 
36 
112 
351 
543 
337 
559 
293 
454 
33 
131 
667 
697 
468 
717 
359 
2 
56 
60 
264 
692 
156 
699 
647 
326 
478 
613 
627 
622 
417 
713 
274 
462 
186 
587 
677 
458 
670 
302 
523 
259 
524 
48 
341 
727 
200 
604 
275 
139 
406 
678 
666 
116 
584 
345 
86 
5 
27 
220 
143 
273 
430 
596 
564 
66 
270 
133 
40 
475 
707 
351 
260 
384 
720 
148 
547 
531 
70 
340 
234 
660 
621 
434 
363 
715 
85 
98 
719 
578 
465 
582 
705 
35 
529 
388 
55 
729 
379 
392 
397 
205 
557 
526 
141 
727 
333 
301 
230 
527 
739 
247 
602 
250 
327 
11 
32 
9 
306 
267 
369 
630 
406 
402 
318 
179 
101 
605 
721 
242 
145 
10 
75 
86 
493 
479 
223 
340 
426 
77 
491 
288 
252 
21 
703 
658 
148 
345 
514 
285 
192 
23 
629 
215 
108 
516 
655 
438 
189 
206 
111 
577 
738 
394 
8 
84 
446 
249 
254 
410 
536 
590 
336 
571 
207 
158 
562 
437 
711 
93 
470 
482 
359 
115 
367 
584 
372 
641 
92 
335 
427 
429 
607 
533 
477 
248 
208 
625 
53 
415 
3 
51 
709 
265 
376 
484 
531 
558 
253 
302 
325 
202 
520 
408 
439 
381 
612 
130 
362 
165 
27 
739 
574 
61 
230 
146 
237 
530 
219 
467 
28 
171 
380 
638 
475 
617 
38 
409 
257 
68 
186 
32 
312 
423 
527 
100 
577 
77 
163 
528 
1 
609 
688 
462 
175 
578 
713 
176 
629 
71 
129 
221 
440 
655 
371 
458 
611 
662 
292 
304 
690 
108 
144 
153 
471 
604 
243 
228 
645 
647 
576 
601 
432 
627 
3 
648 
332 
135 
561 
273 
72 
676 
132 
50 
482 
456 
123 
736 
258 
588 
530 
703 
369 
76 
165 
586 
420 
54 
261 
671 
34 
435 
189 
706 
63 
283 
720 
598 
397 
384 
693 
621 
421 
101 
226 
84 
700 
280 
371 
571 
395 
628 
630 
67 
685 
58 
614 
502 
224 
272 
383 
399 
594 
477 
627 
372 
483 
18 
163 
710 
690 
127 
21 
429 
634 
211 
506 
25 
264 
367 
402 
161 
40 
276 
437 
534 
405 
22 
90 
151 
91 
613 
585 
293 
382 
89 
659 
120 
173 
415 
118 
285 
549 
503 
397 
418 
527 
661 
488 
635 
351 
392 
702 
202 
454 
649 
683 
284 
164 
99 
188 
242 
221 
168 
670 
361 
212 
170 
233 
440 
510 
86 
325 
226 
204 
419 
87 
54 
177 
648 
455 
69 
706 
113 
36 
712 
157 
571 
175 
631 
249 
151 
360 
53 
350 
639 
688 
223 
231 
14 
640 
259 
123 
682 
279 
521 
388 
210 
608 
238 
68 
367 
465 
362 
678 
372 
225 
675 
252 
501 
41 
370 
344 
583 
214 
346 
714 
442 
518 
422 
228 
399 
20 
484 
83 
503 
691 
176 
424 
107 
531 
658 
345 
538 
189 
32 
311 
226 
99 
722 
180 
373 
676 
187 
385 
140 
98 
190 
470 
463 
235 
80 
121 
313 
147 
726 
148 
582 
479 
434 
683 
288 
69 
293 
732 
406 
124 
75 
59 
444 
452 
198 
461 
93 
238 
639 
109 
376 
690 
245 
244 
561 
153 
9 
178 
421 
440 
166 
152 
317 
37 
16 
542 
239 
301 
232 
254 
448 
550 
459 
199 
290 
560 
228 
157 
28 
252 
43 
285 
337 
696 
256 
595 
497 
713 
545 
234 
257 
668 
340 
394 
490 
66 
227 
330 
27 
202 
111 
515 
123 
553 
233 
612 
404 
39 
54 
390 
30 
361 
209 
263 
491 
131 
706 
442 
356 
650 
51 
541 
130 
13 
2 
590 
547 
572 
435 
419 
421 
12 
531 
324 
204 
299 
461 
372 
729 
50 
6 
268 
316 
567 
336 
181 
205 
472 
637 
7 
249 
223 
422 
589 
15 
423 
94 
502 
219 
23 
74 
439 
457 
142 
376 
708 
294 
689 
11 
448 
197 
244 
82 
621 
127 
44 
184 
649 
92 
675 
509 
52 
301 
49 
217 
499 
63 
270 
514 
469 
354 
426 
408 
152 
536 
656 
727 
193 
545 
685 
559 
126 
310 
611 
444 
427 
76 
342 
458 
284 
107 
672 
328 
95 
377 
551 
102 
108 
471 
105 
563 
21 
291 
322 
653 
412 
136 
416 
615 
215 
337 
172 
691 
202 
305 
474 
101 
116 
622 
692 
264 
400 
443 
350 
593 
363 
312 
365 
396 
214 
491 
572 
555 
227 
290 
600 
734 
82 
133 
353 
476 
561 
626 
117 
394 
225 
191 
698 
682 
87 
173 
522 
219 
637 
605 
445 
280 
260 
232 
543 
636 
492 
373 
298 
299 
610 
125 
148 
420 
508 
404 
5 
374 
397 
13 
187 
156 
440 
719 
210 
692 
8 
301 
624 
614 
319 
401 
329 
399 
150 
567 
595 
152 
227 
257 
693 
658 
674 
255 
19 
651 
11 
30 
368 
564 
306 
460 
65 
251 
72 
184 
168 
356 
732 
515 
665 
75 
247 
594 
713 
613 
211 
140 
57 
27 
457 
739 
35 
452 
336 
653 
16 
519 
265 
489 
80 
200 
288 
172 
381 
661 
361 
178 
51 
685 
516 
203 
79 
55 
49 
192 
707 
173 
10 
735 
160 
502 
659 
682 
325 
358 
40 
112 
703 
488 
730 
366 
156 
378 
520 
409 
487 
50 
408 
442 
709 
526 
308 
208 
72 
81 
412 
507 
468 
617 
315 
21 
324 
429 
242 
555 
436 
558 
655 
574 
215 
736 
501 
4 
688 
266 
531 
732 
95 
363 
110 
537 
739 
657 
716 
162 
738 
222 
431 
595 
456 
349 
727 
170 
231 
700 
475 
268 
485 
83 
579 
292 
6 
320 
461 
642 
399 
442 
234 
113 
463 
588 
632 
299 
56 
420 
638 
573 
659 
542 
385 
411 
415 
93 
117 
213 
505 
455 
146 
635 
102 
730 
190 
492 
54 
686 
378 
392 
486 
552 
39 
330 
507 
615 
556 
684 
450 
647 
250 
606 
652 
611 
651 
662 
73 
96 
161 
63 
212 
567 
707 
396 
693 
289 
648 
285 
619 
168 
253 
333 
578 
302 
147 
601 
246 
29 
734 
493 
710 
210 
381 
300 
0 
336 
502 
130 
618 
120 
555 
327 
6 
195 
549 
3 
439 
4 
318 
251 
527 
110 
240 
463 
132 
142 
623 
602 
223 
409 
650 
603 
678 
596 
357 
465 
655 
81 
483 
519 
257 
69 
462 
194 
180 
326 
646 
56 
319 
446 
544 
359 
566 
397 
28 
613 
696 
38 
58 
490 
40 
734 
502 
407 
441 
70 
328 
26 
218 
73 
388 
225 
570 
683 
78 
470 
629 
739 
131 
64 
55 
644 
14 
241 
641 
512 
39 
728 
567 
130 
466 
256 
647 
583 
139 
323 
451 
149 
298 
148 
350 
310 
211 
430 
516 
274 
363 
580 
396 
307 
167 
271 
112 
649 
272 
481 
592 
668 
403 
191 
737 
72 
302 
196 
615 
662 
559 
327 
171 
588 
329 
382 
458 
38 
486 
132 
183 
704 
133 
467 
76 
193 
15 
156 
29 
413 
233 
384 
715 
35 
326 
141 
484 
664 
512 
264 
243 
542 
726 
447 
482 
242 
667 
636 
508 
160 
519 
660 
314 
126 
346 
236 
730 
153 
303 
300 
585 
157 
470 
727 
504 
323 
70 
462 
55 
511 
339 
238 
510 
372 
405 
702 
533 
18 
170 
725 
344 
206 
566 
395 
56 
44 
676 
214 
12 
713 
274 
6 
532 
576 
176 
123 
363 
691 
100 
491 
375 
235 
662 
166 
642 
293 
34 
217 
581 
143 
3 
202 
429 
613 
517 
311 
51 
685 
407 
343 
267 
366 
310 
26 
381 
177 
724 
457 
694 
399 
216 
681 
646 
556 
326 
269 
424 
226 
340 
476 
332 
364 
675 
95 
627 
721 
358 
126 
22 
657 
208 
17 
138 
240 
543 
134 
87 
295 
351 
220 
614 
698 
514 
460 
405 
654 
61 
517 
483 
301 
538 
578 
45 
103 
537 
716 
386 
736 
641 
334 
429 
527 
6 
529 
310 
639 
563 
223 
154 
675 
200 
686 
121 
348 
192 
40 
581 
591 
96 
700 
211 
180 
324 
498 
110 
440 
382 
173 
595 
738 
89 
9 
361 
659 
428 
289 
596 
699 
44 
388 
468 
609 
623 
255 
181 
465 
479 
376 
670 
725 
455 
111 
394 
668 
398 
393 
616 
290 
719 
127 
487 
347 
359 
680 
460 
737 
265 
166 
632 
48 
660 
446 
716 
29 
679 
678 
46 
340 
372 
88 
185 
200 
151 
491 
444 
442 
187 
507 
675 
492 
501 
10 
534 
579 
87 
281 
448 
611 
177 
729 
636 
550 
476 
65 
697 
310 
435 
526 
142 
406 
94 
118 
17 
38 
324 
304 
216 
22 
651 
242 
673 
169 
227 
51 
644 
16 
5 
419 
119 
367 
276 
303 
480 
341 
536 
425 
415 
199 
297 
124 
672 
592 
538 
404 
393 
645 
102 
556 
497 
631 
123 
730 
106 
530 
622 
91 
209 
675 
210 
43 
328 
318 
252 
20 
565 
302 
311 
721 
355 
279 
701 
617 
583 
41 
189 
543 
492 
235 
443 
375 
464 
639 
182 
489 
284 
281 
219 
201 
373 
450 
151 
366 
535 
687 
116 
135 
342 
134 
292 
417 
526 
137 
413 
297 
311 
472 
273 
321 
676 
215 
90 
513 
318 
15 
477 
711 
162 
110 
390 
141 
42 
291 
44 
283 
129 
185 
305 
487 
269 
54 
590 
338 
352 
729 
360 
580 
304 
69 
70 
455 
733 
294 
531 
515 
633 
57 
147 
16 
436 
529 
226 
366 
423 
555 
142 
434 
247 
108 
404 
312 
547 
197 
374 
156 
709 
656 
224 
174 
647 
445 
675 
297 
405 
270 
168 
570 
582 
621 
627 
91 
14 
20 
461 
457 
509 
717 
305 
696 
9 
678 
599 
679 
67 
676 
302 
117 
145 
499 
99 
488 
372 
182 
251 
153 
477 
685 
562 
125 
325 
82 
119 
69 
384 
432 
64 
698 
646 
112 
427 
711 
431 
253 
148 
232 
45 
189 
634 
18 
718 
523 
2 
659 
141 
631 
248 
204 
487 
111 
221 
307 
694 
586 
618 
390 
373 
731 
156 
308 
236 
505 
416 
610 
5 
24 
556 
280 
516 
713 
526 
449 
286 
330 
539 
473 
349 
267 
316 
403 
621 
560 
553 
43 
98 
596 
714 
86 
126 
706 
356 
210 
83 
9 
688 
606 
131 
432 
465 
188 
259 
498 
192 
686 
293 
167 
146 
270 
602 
247 
134 
545 
52 
493 
622 
33 
637 
500 
502 
289 
219 
351 
419 
371 
357 
420 
627 
127 
272 
460 
67 
589 
209 
525 
90 
324 
332 
304 
393 
662 
292 
613 
132 
694 
191 
551 
162 
41 
355 
494 
354 
630 
402 
645 
390 
359 
482 
520 
184 
672 
181 
383 
583 
315 
141 
411 
131 
655 
646 
399 
99 
39 
618 
206 
680 
619 
109 
492 
679 
285 
638 
538 
357 
546 
225 
51 
210 
49 
17 
215 
610 
438 
11 
70 
328 
693 
199 
463 
488 
204 
517 
584 
361 
647 
491 
133 
429 
544 
566 
185 
352 
10 
553 
264 
238 
322 
262 
580 
168 
193 
218 
656 
685 
219 
374 
636 
669 
527 
456 
437 
477 
507 
224 
191 
74 
188 
207 
459 
699 
335 
24 
663 
715 
478 
571 
706 
269 
508 
697 
143 
147 
430 
256 
27 
590 
21 
398 
52 
676 
488 
635 
388 
467 
329 
415 
657 
668 
9 
98 
399 
193 
343 
179 
536 
383 
572 
567 
307 
542 
42 
134 
304 
629 
427 
539 
261 
250 
714 
596 
240 
123 
65 
130 
407 
132 
161 
209 
703 
64 
104 
715 
71 
157 
628 
569 
322 
462 
461 
296 
82 
446 
602 
640 
264 
308 
644 
220 
210 
158 
428 
702 
399 
28 
641 
415 
571 
717 
732 
134 
320 
478 
38 
460 
591 
26 
217 
2 
543 
630 
292 
554 
193 
710 
653 
663 
1 
598 
703 
281 
581 
496 
595 
521 
283 
662 
624 
701 
57 
696 
649 
578 
150 
162 
116 
571 
179 
707 
199 
323 
727 
42 
333 
536 
23 
115 
146 
177 
309 
493 
255 
464 
498 
612 
101 
528 
480 
298 
484 
629 
705 
606 
163 
461 
574 
466 
175 
167 
50 
672 
621 
237 
368 
642 
32 
432 
577 
211 
274 
72 
515 
311 
469 
522 
16 
698 
222 
563 
308 
444 
172 
17 
467 
657 
286 
132 
517 
36 
199 
391 
645 
486 
244 
246 
353 
182 
215 
111 
144 
150 
171 
146 
70 
569 
669 
45 
628 
625 
109 
631 
706 
312 
351 
352 
604 
235 
427 
597 
231 
388 
206 
441 
298 
722 
118 
543 
570 
127 
124 
356 
481 
671 
320 
687 
367 
538 
143 
0 
572 
696 
197 
616 
154 
491 
269 
309 
149 
130 
413 
713 
379 
463 
445 
643 
184 
610 
138 
378 
126 
383 
596 
375 
75 
718 
321 
565 
681 
189 
123 
103 
144 
303 
727 
537 
439 
522 
55 
388 
535 
443 
582 
625 
627 
317 
668 
392 
551 
350 
441 
575 
650 
290 
216 
702 
374 
615 
506 
635 
145 
723 
475 
404 
472 
365 
131 
176 
143 
601 
416 
454 
434 
597 
600 
440 
154 
400 
512 
253 
12 
387 
486 
595 
576 
480 
136 
52 
675 
8 
133 
609 
158 
313 
156 
16 
160 
91 
258 
612 
579 
185 
580 
296 
424 
341 
437 
15 
36 
99 
552 
78 
696 
29 
668 
56 
9 
38 
444 
145 
203 
222 
574 
603 
422 
47 
354 
18 
732 
371 
182 
460 
283 
488 
190 
326 
74 
518 
573 
647 
195 
290 
538 
125 
446 
555 
480 
272 
433 
274 
46 
41 
606 
253 
721 
201 
659 
345 
223 
350 
661 
550 
584 
6 
292 
40 
220 
547 
468 
471 
269 
150 
304 
224 
144 
121 
431 
602 
515 
434 
428 
332 
623 
232 
654 
386 
563 
576 
172 
653 
328 
24 
165 
543 
162 
158 
355 
564 
441 
57 
526 
582 
166 
263 
271 
369 
633 
615 
476 
187 
555 
392 
415 
533 
200 
419 
462 
142 
286 
613 
527 
402 
16 
30 
207 
688 
597 
715 
310 
404 
702 
80 
197 
502 
704 
88 
374 
584 
91 
499 
382 
356 
39 
230 
36 
258 
100 
622 
707 
218 
7 
302 
103 
577 
655 
480 
721 
184 
312 
90 
330 
355 
436 
552 
304 
239 
51 
110 
594 
165 
15 
665 
243 
367 
435 
81 
444 
231 
512 
341 
451 
156 
716 
108 
102 
146 
710 
581 
718 
92 
10 
104 
490 
735 
267 
336 
411 
501 
595 
499 
85 
559 
52 
374 
350 
238 
679 
132 
643 
622 
96 
452 
527 
283 
345 
511 
606 
623 
340 
553 
369 
736 
74 
529 
366 
36 
186 
394 
552 
87 
671 
586 
44 
420 
739 
135 
272 
540 
14 
613 
731 
457 
507 
61 
572 
115 
100 
29 
40 
697 
91 
450 
674 
277 
526 
652 
71 
415 
310 
437 
95 
522 
472 
490 
166 
0 
704 
453 
623 
363 
250 
733 
717 
693 
409 
65 
304 
637 
547 
270 
578 
393 
440 
449 
122 
301 
624 
262 
727 
688 
465 
84 
92 
567 
207 
533 
528 
621 
499 
420 
218 
87 
634 
515 
600 
554 
268 
689 
198 
220 
340 
638 
269 
632 
644 
656 
230 
305 
459 
454 
691 
583 
527 
510 
505 
135 
130 
513 
591 
359 
482 
7 
433 
120 
619 
423 
334 
138 
408 
85 
31 
402 
647 
105 
370 
681 
310 
197 
403 
336 
255 
43 
100 
730 
603 
56 
560 
738 
697 
276 
62 
343 
176 
685 
327 
399 
711 
526 
74 
705 
417 
140 
545 
536 
106 
547 
81 
503 
617 
613 
242 
573 
372 
495 
54 
619 
220 
456 
69 
154 
707 
607 
101 
612 
390 
269 
147 
180 
181 
724 
12 
605 
644 
32 
504 
143 
581 
701 
420 
256 
439 
64 
512 
185 
426 
726 
611 
369 
516 
291 
355 
627 
125 
562 
631 
574 
196 
528 
649 
383 
311 
93 
568 
662 
449 
554 
78 
473 
103 
208 
15 
457 
136 
668 
17 
532 
548 
697 
477 
678 
9 
666 
655 
624 
341 
33 
290 
73 
598 
390 
29 
393 
494 
656 
61 
358 
41 
605 
617 
129 
321 
403 
356 
476 
594 
177 
264 
209 
121 
360 
444 
23 
455 
282 
216 
552 
150 
446 
523 
415 
384 
111 
469 
700 
526 
599 
679 
156 
564 
664 
130 
190 
570 
398 
451 
651 
51 
687 
666 
437 
671 
620 
269 
280 
463 
187 
694 
244 
708 
460 
34 
566 
183 
506 
152 
626 
161 
435 
426 
261 
290 
15 
634 
636 
585 
4 
607 
586 
287 
537 
249 
618 
674 
27 
548 
684 
660 
556 
738 
686 
382 
392 
83 
444 
353 
201 
526 
682 
173 
274 
499 
473 
43 
510 
489 
504 
658 
725 
292 
370 
500 
103 
267 
735 
106 
225 
215 
337 
647 
733 
661 
259 
447 
18 
65 
478 
96 
118 
472 
82 
718 
41 
602 
124 
511 
635 
431 
437 
231 
148 
597 
243 
191 
421 
412 
696 
558 
655 
498 
89 
642 
461 
726 
151 
683 
116 
509 
419 
395 
294 
551 
435 
464 
716 
155 
164 
686 
105 
246 
723 
470 
78 
727 
367 
496 
272 
640 
142 
61 
357 
34 
15 
720 
374 
695 
432 
390 
280 
140 
722 
710 
16 
210 
712 
402 
673 
25 
255 
634 
659 
615 
192 
92 
281 
26 
575 
693 
199 
468 
521 
539 
650 
148 
715 
354 
299 
5 
398 
411 
401 
393 
190 
544 
167 
44 
499 
671 
191 
447 
267 
260 
256 
380 
313 
657 
12 
360 
116 
391 
677 
174 
379 
449 
678 
118 
36 
704 
701 
183 
555 
472 
268 
545 
91 
38 
71 
509 
702 
236 
90 
451 
213 
181 
546 
269 
446 
572 
53 
18 
611 
574 
706 
302 
388 
483 
64 
54 
250 
196 
515 
456 
662 
295 
731 
291 
600 
405 
173 
363 
480 
14 
26 
351 
586 
409 
466 
504 
41 
314 
105 
591 
129 
220 
461 
189 
531 
325 
276 
610 
707 
147 
33 
422 
732 
34 
387 
713 
16 
457 
475 
225 
373 
481 
23 
155 
326 
583 
30 
330 
521 
222 
595 
429 
204 
309 
7 
573 
112 
185 
240 
502 
90 
272 
64 
425 
406 
697 
320 
443 
340 
262 
360 
543 
80 
675 
179 
345 
561 
311 
414 
172 
264 
333 
734 
709 
106 
251 
510 
219 
207 
579 
447 
73 
41 
325 
291 
391 
335 
576 
376 
280 
388 
24 
98 
249 
259 
31 
231 
633 
690 
315 
625 
701 
263 
84 
365 
242 
575 
14 
451 
494 
598 
515 
499 
614 
178 
420 
215 
344 
402 
506 
521 
704 
191 
66 
6 
720 
20 
507 
69 
115 
76 
156 
140 
313 
466 
206 
511 
601 
387 
80 
427 
646 
636 
462 
179 
497 
295 
728 
183 
519 
320 
5 
714 
437 
412 
130 
37 
393 
447 
475 
328 
453 
297 
666 
356 
639 
402 
270 
591 
332 
155 
731 
626 
325 
267 
458 
308 
230 
533 
363 
380 
80 
136 
658 
298 
26 
420 
202 
181 
18 
147 
559 
635 
46 
400 
63 
70 
52 
175 
331 
713 
409 
631 
378 
526 
107 
416 
691 
474 
180 
34 
90 
466 
235 
710 
94 
488 
645 
192 
265 
222 
256 
41 
210 
368 
717 
257 
388 
287 
266 
669 
274 
522 
296 
544 
206 
281 
137 
569 
47 
25 
708 
37 
310 
277 
350 
216 
59 
695 
677 
562 
23 
318 
120 
129 
35 
147 
458 
721 
684 
255 
133 
622 
3 
520 
617 
447 
352 
268 
161 
52 
418 
233 
249 
132 
246 
116 
541 
209 
533 
566 
203 
727 
231 
555 
394 
107 
627 
716 
82 
174 
597 
160 
40 
145 
329 
611 
303 
551 
466 
499 
88 
437 
166 
510 
310 
724 
50 
67 
4 
381 
327 
497 
734 
9 
621 
155 
200 
704 
12 
512 
717 
442 
158 
103 
252 
654 
220 
612 
121 
537 
161 
464 
84 
676 
592 
110 
610 
593 
350 
684 
638 
595 
190 
647 
594 
167 
474 
535 
66 
25 
422 
320 
566 
696 
14 
182 
623 
97 
737 
681 
360 
126 
207 
275 
530 
65 
701 
657 
482 
270 
534 
294 
30 
414 
11 
728 
404 
60 
91 
198 
606 
362 
480 
484 
76 
365 
79 
225 
202 
599 
687 
727 
435 
300 
203 
393 
652 
236 
361 
582 
650 
343 
143 
527 
715 
38 
663 
332 
378 
243 
714 
33 
264 
501 
186 
145 
592 
640 
605 
184 
434 
520 
417 
524 
625 
638 
275 
494 
517 
274 
648 
401 
680 
371 
107 
466 
419 
367 
440 
85 
518 
7 
429 
383 
290 
319 
321 
728 
650 
292 
305 
502 
3 
253 
693 
694 
237 
542 
266 
380 
355 
522 
591 
178 
297 
635 
295 
730 
72 
82 
329 
574 
617 
191 
21 
636 
400 
238 
541 
612 
119 
501 
281 
347 
215 
715 
335 
547 
582 
331 
192 
315 
392 
255 
675 
170 
376 
4 
382 
23 
65 
705 
41 
426 
165 
598 
269 
86 
532 
601 
52 
184 
564 
161 
713 
525 
679 
524 
436 
285 
523 
407 
152 
476 
172 
339 
122 
472 
94 
494 
610 
322 
488 
659 
729 
520 
499 
224 
12 
680 
613 
362 
32 
14 
540 
660 
53 
120 
47 
597 
178 
175 
33 
366 
386 
35 
323 
321 
425 
41 
650 
164 
318 
506 
9 
208 
82 
517 
377 
730 
314 
625 
254 
103 
394 
245 
84 
334 
378 
673 
500 
21 
738 
31 
231 
612 
226 
296 
349 
464 
711 
10 
244 
402 
638 
384 
29 
703 
623 
320 
515 
307 
286 
561 
330 
375 
52 
445 
642 
183 
125 
475 
578 
645 
96 
552 
271 
134 
246 
60 
557 
558 
568 
577 
482 
521 
115 
149 
399 
553 
452 
490 
283 
248 
258 
682 
448 
584 
692 
152 
359 
255 
309 
576 
565 
17 
512 
155 
247 
148 
551 
50 
61 
202 
265 
368 
510 
211 
305 
295 
573 
320 
269 
5 
7 
270 
281 
119 
426 
335 
215 
592 
684 
342 
570 
542 
652 
501 
144 
261 
33 
311 
393 
316 
388 
69 
599 
378 
605 
435 
9 
656 
438 
111 
537 
726 
326 
490 
177 
278 
562 
209 
463 
529 
347 
582 
541 
99 
688 
675 
54 
466 
126 
182 
600 
405 
517 
80 
417 
613 
563 
505 
180 
639 
442 
62 
271 
496 
572 
575 
387 
336 
584 
166 
422 
726 
492 
619 
403 
322 
593 
13 
638 
145 
217 
156 
423 
484 
504 
329 
95 
326 
632 
31 
644 
577 
267 
711 
138 
458 
39 
324 
264 
255 
198 
286 
399 
303 
719 
55 
433 
565 
299 
621 
396 
231 
146 
227 
380 
440 
42 
229 
91 
348 
392 
351 
497 
36 
171 
613 
656 
2 
552 
641 
185 
703 
657 
187 
181 
702 
206 
168 
88 
100 
165 
506 
418 
370 
408 
404 
358 
462 
253 
614 
215 
303 
668 
532 
57 
55 
232 
337 
126 
172 
692 
589 
386 
158 
238 
94 
463 
282 
451 
336 
362 
663 
177 
400 
587 
543 
716 
530 
551 
572 
682 
706 
460 
366 
651 
412 
75 
36 
197 
118 
277 
518 
162 
329 
533 
180 
204 
302 
498 
333 
179 
262 
470 
549 
107 
176 
134 
103 
541 
356 
360 
600 
472 
219 
657 
152 
332 
636 
65 
515 
76 
13 
55 
87 
413 
608 
613 
677 
617 
687 
407 
284 
720 
473 
136 
642 
281 
4 
100 
35 
722 
590 
629 
529 
203 
249 
199 
605 
112 
198 
475 
667 
53 
559 
222 
641 
259 
440 
269 
379 
439 
630 
352 
86 
113 
214 
612 
693 
688 
686 
230 
344 
20 
154 
490 
149 
436 
391 
9 
210 
205 
651 
732 
90 
457 
522 
11 
24 
482 
551 
237 
489 
235 
585 
32 
632 
83 
432 
625 
286 
628 
718 
98 
367 
619 
180 
387 
18 
118 
634 
77 
251 
268 
371 
631 
167 
340 
377 
542 
519 
608 
249 
223 
509 
128 
373 
475 
217 
313 
246 
462 
528 
727 
359 
240 
412 
146 
702 
255 
491 
278 
453 
266 
22 
36 
479 
642 
232 
88 
199 
473 
148 
468 
383 
69 
737 
481 
396 
483 
304 
398 
55 
242 
283 
166 
291 
233 
652 
330 
460 
216 
141 
682 
66 
577 
177 
461 
719 
99 
228 
504 
595 
4 
247 
583 
124 
503 
169 
314 
621 
152 
695 
131 
597 
60 
660 
688 
42 
107 
381 
401 
362 
337 
527 
90 
63 
354 
433 
677 
427 
205 
115 
33 
486 
361 
671 
195 
385 
27 
591 
31 
89 
452 
672 
606 
348 
691 
599 
413 
328 
253 
649 
158 
596 
196 
62 
702 
551 
211 
64 
715 
505 
404 
147 
739 
119 
736 
154 
272 
75 
111 
347 
101 
223 
405 
429 
70 
721 
619 
299 
312 
126 
512 
555 
603 
185 
187 
379 
434 
127 
275 
380 
573 
190 
97 
375 
499 
663 
397 
134 
287 
209 
473 
495 
145 
607 
567 
374 
513 
681 
183 
48 
38 
674 
630 
372 
0 
341 
421 
605 
461 
641 
733 
689 
301 
236 
721 
435 
586 
340 
71 
328 
724 
181 
680 
373 
514 
369 
498 
540 
656 
169 
584 
699 
18 
5 
334 
333 
64 
466 
329 
52 
248 
492 
54 
338 
210 
244 
702 
15 
75 
659 
84 
452 
421 
707 
255 
587 
521 
716 
484 
232 
168 
21 
463 
308 
720 
70 
336 
562 
282 
418 
383 
567 
10 
650 
714 
351 
357 
133 
149 
621 
242 
366 
257 
388 
82 
79 
555 
127 
617 
201 
379 
86 
631 
419 
578 
736 
482 
234 
134 
42 
730 
59 
35 
344 
630 
697 
413 
356 
491 
654 
45 
322 
22 
110 
66 
264 
465 
160 
586 
51 
472 
474 
338 
321 
404 
132 
373 
529 
155 
651 
215 
328 
439 
284 
96 
251 
10 
637 
280 
267 
217 
199 
481 
453 
69 
239 
407 
285 
489 
88 
502 
688 
137 
204 
343 
723 
512 
461 
62 
666 
501 
518 
525 
203 
131 
618 
3 
21 
672 
289 
57 
172 
245 
617 
611 
451 
335 
678 
634 
632 
228 
286 
111 
464 
735 
406 
249 
182 
523 
36 
252 
61 
551 
601 
430 
714 
549 
267 
218 
585 
32 
533 
151 
35 
194 
731 
377 
133 
546 
150 
652 
662 
663 
576 
187 
463 
230 
688 
305 
317 
442 
589 
622 
294 
143 
190 
163 
64 
279 
527 
250 
387 
680 
625 
655 
468 
459 
18 
140 
199 
82 
107 
476 
692 
368 
705 
647 
291 
19 
16 
636 
565 
269 
477 
324 
98 
184 
739 
37 
51 
28 
444 
108 
473 
549 
452 
642 
703 
391 
677 
389 
252 
76 
226 
617 
501 
618 
716 
738 
6 
581 
71 
421 
435 
38 
13 
91 
576 
142 
41 
151 
544 
206 
127 
238 
182 
395 
93 
146 
714 
569 
115 
527 
486 
635 
124 
359 
625 
105 
484 
128 
171 
203 
530 
728 
59 
445 
534 
306 
86 
143 
32 
382 
79 
135 
169 
176 
318 
24 
15 
179 
343 
242 
476 
684 
675 
141 
410 
577 
364 
665 
43 
122 
140 
298 
160 
390 
172 
631 
227 
186 
641 
287 
502 
46 
57 
178 
381 
235 
159 
399 
308 
219 
558 
197 
520 
372 
669 
204 
239 
94 
429 
587 
223 
27 
38 
137 
661 
310 
633 
714 
200 
87 
303 
206 
110 
407 
233 
414 
676 
446 
437 
323 
733 
545 
588 
286 
328 
335 
380 
637 
567 
609 
474 
193 
476 
384 
211 
272 
452 
47 
739 
265 
705 
302 
730 
346 
307 
89 
398 
648 
433 
556 
270 
107 
406 
242 
663 
16 
324 
288 
512 
389 
638 
607 
62 
438 
551 
175 
155 
424 
606 
734 
342 
599 
701 
260 
583 
312 
547 
733 
653 
227 
495 
340 
651 
122 
622 
247 
518 
305 
401 
558 
636 
704 
608 
431 
581 
471 
371 
203 
708 
659 
425 
237 
632 
522 
580 
694 
230 
464 
586 
6 
473 
392 
470 
687 
136 
715 
236 
13 
193 
595 
289 
52 
234 
405 
445 
29 
706 
496 
710 
372 
645 
87 
562 
346 
649 
51 
463 
696 
681 
95 
85 
584 
126 
165 
421 
134 
183 
512 
251 
718 
641 
195 
422 
671 
494 
280 
276 
309 
59 
476 
293 
257 
568 
248 
378 
186 
47 
64 
383 
739 
39 
679 
348 
125 
604 
41 
624 
132 
551 
79 
110 
90 
311 
545 
712 
58 
359 
364 
88 
153 
424 
52 
532 
717 
473 
472 
370 
404 
101 
45 
344 
540 
446 
513 
626 
95 
204 
219 
23 
198 
121 
406 
230 
197 
38 
142 
91 
136 
68 
653 
524 
553 
312 
609 
576 
442 
397 
275 
502 
192 
231 
193 
603 
402 
459 
220 
53 
596 
515 
618 
612 
631 
560 
567 
461 
274 
188 
474 
37 
563 
64 
718 
339 
518 
429 
708 
501 
246 
98 
400 
634 
260 
523 
347 
519 
176 
181 
253 
575 
314 
288 
539 
650 
327 
600 
542 
585 
684 
438 
44 
65 
242 
94 
389 
468 
212 
601 
233 
137 
597 
541 
598 
696 
67 
117 
141 
450 
602 
419 
195 
738 
724 
277 
290 
518 
246 
406 
186 
173 
395 
282 
86 
641 
530 
465 
703 
50 
669 
535 
702 
493 
240 
525 
2 
127 
664 
439 
716 
522 
318 
257 
114 
270 
63 
62 
343 
381 
476 
77 
497 
529 
719 
168 
523 
123 
696 
164 
699 
682 
361 
232 
245 
666 
111 
617 
419 
60 
203 
338 
289 
401 
9 
219 
627 
144 
195 
385 
723 
458 
643 
106 
38 
243 
480 
456 
18 
695 
648 
277 
548 
192 
36 
336 
477 
162 
612 
596 
132 
120 
25 
125 
179 
58 
455 
345 
625 
262 
199 
139 
400 
463 
584 
684 
31 
65 
79 
491 
531 
675 
475 
305 
318 
700 
173 
208 
81 
432 
163 
184 
500 
366 
249 
514 
656 
122 
244 
145 
238 
445 
608 
256 
736 
650 
4 
547 
590 
421 
314 
356 
424 
398 
461 
97 
510 
243 
214 
512 
6 
127 
167 
180 
722 
692 
427 
55 
434 
464 
641 
118 
303 
287 
474 
732 
40 
396 
660 
566 
46 
568 
558 
672 
126 
647 
662 
105 
401 
119 
304 
274 
117 
636 
47 
705 
135 
217 
574 
298 
628 
595 
37 
229 
343 
63 
502 
702 
454 
677 
128 
320 
663 
35 
584 
43 
228 
399 
198 
544 
83 
22 
166 
734 
316 
41 
535 
477 
562 
446 
350 
266 
521 
567 
426 
193 
725 
471 
291 
73 
194 
420 
501 
172 
581 
493 
495 
672 
56 
177 
255 
23 
403 
85 
259 
608 
678 
428 
736 
726 
568 
186 
409 
246 
21 
117 
508 
514 
241 
8 
675 
333 
59 
465 
222 
164 
335 
289 
574 
7 
534 
332 
429 
580 
76 
217 
308 
591 
459 
388 
185 
661 
203 
138 
318 
284 
148 
215 
733 
454 
28 
536 
230 
665 
498 
437 
265 
342 
328 
453 
395 
31 
122 
455 
326 
268 
285 
587 
471 
191 
36 
151 
92 
25 
325 
391 
463 
673 
83 
366 
155 
238 
440 
415 
5 
398 
269 
105 
172 
113 
715 
488 
156 
735 
678 
196 
62 
657 
136 
76 
571 
90 
617 
718 
565 
110 
511 
170 
72 
312 
94 
507 
284 
602 
567 
373 
611 
221 
178 
286 
430 
444 
266 
701 
104 
487 
43 
433 
4 
594 
516 
465 
274 
403 
407 
87 
254 
502 
597 
46 
532 
711 
26 
363 
724 
731 
47 
374 
258 
60 
399 
141 
506 
392 
685 
327 
212 
323 
164 
737 
32 
626 
591 
347 
145 
376 
251 
112 
184 
690 
265 
247 
449 
631 
8 
370 
165 
236 
603 
177 
452 
519 
710 
655 
27 
542 
694 
52 
358 
616 
563 
326 
15 
720 
138 
220 
133 
272 
559 
623 
642 
317 
61 
529 
258 
91 
294 
29 
169 
152 
524 
53 
350 
650 
470 
600 
155 
158 
722 
213 
65 
269 
513 
360 
651 
724 
95 
137 
486 
598 
729 
517 
20 
39 
224 
243 
179 
599 
101 
291 
21 
680 
482 
578 
177 
564 
245 
318 
178 
586 
149 
426 
281 
384 
26 
661 
145 
576 
545 
288 
47 
669 
229 
552 
553 
704 
568 
77 
42 
710 
111 
468 
540 
40 
266 
399 
699 
135 
372 
188 
594 
142 
585 
258 
96 
44 
397 
439 
402 
239 
491 
642 
75 
576 
211 
706 
146 
358 
518 
9 
730 
450 
693 
365 
377 
281 
304 
539 
267 
722 
623 
375 
101 
535 
155 
435 
613 
716 
556 
17 
264 
357 
446 
387 
337 
738 
91 
461 
34 
620 
39 
655 
662 
457 
168 
478 
521 
584 
604 
622 
175 
668 
364 
595 
35 
18 
114 
1 
247 
95 
256 
176 
259 
62 
270 
688 
520 
551 
701 
238 
715 
379 
494 
322 
469 
633 
295 
216 
677 
68 
477 
652 
465 
563 
500 
148 
110 
32 
582 
54 
381 
467 
89 
432 
600 
226 
508 
353 
669 
711 
705 
339 
352 
638 
554 
528 
369 
264 
224 
702 
358 
460 
231 
521 
666 
303 
484 
398 
76 
200 
36 
27 
532 
181 
138 
688 
441 
605 
195 
262 
331 
466 
118 
132 
214 
314 
724 
241 
43 
522 
723 
318 
64 
119 
431 
727 
490 
202 
663 
254 
509 
258 
444 
375 
731 
275 
504 
621 
567 
183 
130 
380 
186 
470 
576 
561 
23 
651 
302 
391 
9 
713 
92 
701 
500 
668 
100 
453 
709 
255 
522 
150 
446 
358 
289 
394 
433 
77 
683 
24 
188 
305 
457 
428 
212 
401 
173 
513 
322 
96 
426 
159 
539 
366 
577 
537 
590 
252 
606 
234 
61 
533 
388 
245 
656 
405 
491 
382 
520 
483 
16 
292 
206 
109 
512 
347 
435 
727 
112 
589 
101 
372 
591 
620 
31 
392 
247 
222 
316 
630 
654 
2 
315 
408 
152 
158 
319 
51 
10 
496 
478 
415 
327 
207 
154 
726 
341 
128 
231 
558 
4 
266 
521 
45 
598 
9 
93 
46 
89 
96 
738 
41 
391 
58 
3 
310 
722 
384 
265 
374 
210 
636 
424 
42 
40 
98 
479 
594 
125 
432 
200 
378 
641 
368 
314 
702 
344 
461 
480 
663 
502 
721 
13 
27 
436 
304 
312 
142 
259 
682 
303 
366 
426 
508 
52 
184 
541 
648 
246 
87 
707 
738 
349 
316 
176 
591 
438 
476 
631 
55 
70 
490 
647 
251 
48 
244 
237 
161 
141 
274 
603 
454 
735 
359 
114 
357 
334 
459 
140 
732 
381 
533 
288 
573 
677 
233 
407 
498 
550 
226 
513 
655 
371 
92 
480 
656 
209 
26 
372 
295 
652 
222 
19 
557 
281 
293 
669 
183 
249 
352 
416 
80 
224 
514 
81 
369 
612 
86 
45 
568 
57 
582 
23 
698 
351 
585 
61 
333 
591 
387 
120 
296 
203 
725 
704 
621 
287 
474 
415 
260 
604 
551 
221 
700 
362 
739 
630 
492 
460 
729 
512 
143 
410 
166 
36 
392 
503 
126 
581 
102 
140 
0 
608 
529 
72 
639 
414 
459 
209 
384 
497 
266 
22 
654 
269 
111 
132 
226 
113 
89 
705 
25 
531 
198 
685 
253 
691 
159 
413 
153 
735 
156 
627 
655 
402 
686 
252 
513 
479 
195 
85 
432 
722 
39 
238 
628 
75 
137 
77 
485 
523 
383 
50 
144 
392 
182 
516 
116 
651 
81 
616 
382 
99 
356 
588 
669 
40 
145 
220 
230 
282 
157 
300 
240 
113 
399 
456 
83 
273 
84 
503 
108 
737 
224 
359 
111 
274 
322 
696 
726 
542 
91 
28 
303 
639 
239 
537 
79 
161 
612 
215 
269 
710 
196 
287 
374 
325 
56 
87 
378 
738 
608 
556 
90 
201 
594 
727 
236 
299 
347 
15 
277 
373 
572 
289 
376 
707 
191 
310 
436 
328 
665 
233 
652 
533 
57 
642 
662 
403 
293 
547 
419 
681 
152 
344 
734 
163 
735 
558 
174 
205 
336 
494 
618 
614 
359 
367 
490 
658 
633 
438 
91 
588 
596 
260 
731 
702 
86 
190 
387 
53 
59 
134 
650 
696 
578 
146 
64 
423 
36 
199 
666 
153 
250 
486 
714 
219 
668 
404 
366 
62 
114 
94 
394 
75 
685 
470 
660 
527 
690 
162 
480 
482 
292 
13 
15 
295 
483 
63 
510 
245 
405 
317 
673 
451 
500 
642 
336 
556 
73 
581 
679 
231 
251 
634 
214 
165 
358 
212 
24 
283 
379 
260 
325 
496 
258 
441 
552 
503 
463 
60 
237 
97 
633 
217 
533 
118 
197 
716 
560 
179 
710 
259 
250 
236 
316 
171 
506 
656 
83 
314 
490 
583 
691 
670 
539 
324 
450 
230 
383 
303 
181 
520 
196 
4 
121 
629 
254 
177 
0 
662 
677 
183 
722 
164 
420 
738 
66 
98 
182 
39 
523 
433 
285 
619 
321 
117 
9 
341 
694 
315 
510 
519 
340 
134 
19 
86 
194 
292 
551 
729 
663 
143 
734 
146 
410 
654 
547 
477 
603 
173 
328 
159 
223 
515 
456 
665 
166 
70 
457 
396 
542 
350 
565 
430 
301 
47 
587 
718 
103 
204 
529 
237 
156 
633 
59 
346 
622 
42 
207 
690 
602 
196 
212 
462 
80 
538 
569 
628 
2 
108 
689 
580 
577 
352 
559 
111 
91 
688 
165 
463 
11 
214 
268 
574 
279 
358 
661 
183 
193 
501 
415 
267 
294 
23 
420 
366 
168 
550 
206 
120 
506 
241 
211 
397 
407 
608 
194 
502 
698 
448 
466 
307 
737 
69 
569 
614 
121 
133 
360 
219 
453 
442 
519 
124 
155 
305 
50 
34 
562 
222 
382 
647 
288 
599 
632 
394 
113 
626 
157 
233 
185 
613 
409 
728 
566 
476 
262 
266 
353 
236 
237 
297 
176 
195 
129 
263 
567 
65 
122 
148 
499 
610 
708 
368 
524 
213 
543 
446 
26 
342 
473 
149 
707 
351 
337 
604 
230 
366 
369 
57 
35 
409 
546 
160 
127 
522 
86 
52 
424 
69 
346 
40 
700 
225 
530 
726 
276 
578 
80 
603 
184 
269 
417 
180 
259 
111 
208 
635 
249 
324 
277 
295 
147 
331 
44 
137 
669 
620 
729 
593 
391 
732 
287 
463 
623 
502 
177 
602 
294 
659 
609 
608 
710 
506 
96 
547 
443 
482 
191 
23 
45 
364 
37 
345 
492 
29 
226 
243 
119 
594 
588 
110 
200 
204 
116 
189 
505 
439 
460 
721 
427 
428 
653 
67 
352 
168 
292 
27 
478 
63 
535 
84 
605 
68 
624 
518 
26 
316 
54 
128 
62 
587 
490 
553 
401 
308 
685 
64 
333 
409 
266 
711 
305 
179 
466 
285 
435 
250 
632 
668 
231 
618 
33 
494 
578 
423 
61 
703 
468 
196 
236 
537 
552 
304 
470 
704 
525 
153 
650 
280 
408 
418 
475 
245 
603 
127 
457 
440 
327 
227 
422 
96 
79 
591 
201 
609 
152 
40 
459 
24 
6 
257 
188 
234 
542 
212 
411 
101 
56 
75 
530 
254 
714 
582 
535 
587 
476 
216 
38 
135 
305 
486 
415 
648 
156 
615 
492 
41 
62 
154 
89 
390 
727 
506 
484 
286 
87 
465 
399 
139 
174 
299 
2 
512 
511 
184 
585 
34 
213 
698 
731 
294 
623 
168 
93 
199 
479 
576 
540 
244 
388 
162 
681 
105 
21 
106 
646 
115 
348 
606 
17 
335 
40 
712 
598 
112 
57 
686 
266 
664 
487 
172 
435 
445 
490 
728 
344 
363 
436 
164 
468 
425 
416 
303 
118 
84 
32 
666 
625 
75 
643 
86 
366 
637 
700 
251 
261 
140 
253 
524 
509 
308 
521 
291 
556 
373 
351 
662 
542 
214 
462 
72 
353 
615 
626 
431 
8 
174 
508 
159 
244 
723 
304 
275 
702 
384 
269 
315 
264 
532 
226 
254 
256 
656 
289 
507 
580 
415 
544 
270 
454 
606 
610 
248 
257 
12 
583 
586 
679 
476 
668 
686 
694 
474 
210 
383 
102 
557 
190 
468 
437 
555 
120 
234 
61 
199 
715 
31 
115 
547 
685 
506 
389 
291 
378 
519 
709 
235 
158 
545 
722 
203 
577 
363 
670 
119 
314 
277 
440 
323 
109 
161 
719 
121 
678 
570 
601 
473 
608 
325 
395 
711 
282 
324 
488 
731 
660 
4 
332 
195 
46 
730 
694 
87 
391 
512 
573 
541 
697 
381 
625 
402 
348 
372 
667 
252 
101 
214 
155 
523 
205 
280 
679 
147 
171 
514 
273 
41 
362 
28 
301 
516 
58 
438 
322 
11 
552 
698 
413 
29 
154 
199 
47 
644 
487 
735 
596 
400 
22 
396 
725 
211 
347 
609 
496 
253 
649 
666 
79 
476 
472 
306 
426 
682 
272 
642 
81 
135 
639 
442 
522 
538 
267 
433 
512 
133 
92 
732 
712 
716 
734 
85 
113 
232 
110 
181 
387 
99 
153 
119 
670 
367 
127 
439 
136 
49 
708 
585 
588 
697 
51 
237 
318 
266 
395 
516 
114 
240 
565 
694 
43 
508 
569 
652 
315 
76 
196 
399 
337 
105 
276 
464 
617 
524 
677 
493 
115 
590 
132 
340 
169 
391 
164 
390 
494 
269 
660 
126 
273 
326 
301 
593 
527 
693 
150 
190 
411 
721 
139 
184 
605 
420 
289 
181 
599 
594 
361 
141 
173 
283 
212 
732 
596 
111 
662 
548 
675 
497 
455 
175 
241 
699 
372 
152 
202 
400 
396 
225 
294 
681 
703 
118 
637 
40 
75 
583 
198 
577 
651 
683 
574 
180 
502 
533 
591 
310 
650 
369 
453 
408 
250 
153 
602 
76 
155 
349 
544 
359 
656 
214 
288 
71 
81 
220 
458 
107 
566 
469 
392 
91 
163 
677 
53 
129 
134 
0 
575 
43 
470 
712 
711 
122 
692 
460 
499 
697 
739 
73 
329 
47 
57 
604 
265 
306 
694 
461 
485 
573 
228 
445 
104 
348 
121 
282 
161 
440 
387 
430 
640 
275 
603 
589 
40 
295 
326 
19 
339 
214 
526 
238 
95 
374 
288 
373 
272 
218 
645 
638 
215 
657 
703 
4 
145 
141 
350 
519 
111 
724 
455 
688 
260 
415 
163 
332 
124 
463 
476 
555 
89 
538 
693 
690 
132 
212 
658 
173 
154 
546 
115 
601 
320 
35 
265 
386 
96 
207 
403 
689 
423 
376 
501 
497 
474 
725 
704 
721 
29 
459 
632 
475 
729 
396 
404 
244 
521 
16 
592 
681 
83 
82 
432 
63 
544 
10 
726 
44 
558 
231 
654 
442 
198 
427 
315 
488 
640 
153 
352 
672 
32 
156 
213 
495 
634 
483 
711 
538 
209 
157 
383 
639 
384 
70 
560 
36 
452 
130 
584 
258 
530 
491 
714 
477 
451 
687 
61 
49 
610 
329 
541 
260 
177 
195 
111 
251 
402 
435 
317 
377 
734 
67 
73 
308 
418 
588 
256 
246 
263 
409 
352 
678 
512 
521 
80 
628 
417 
616 
84 
207 
151 
509 
152 
327 
564 
697 
720 
695 
138 
173 
601 
139 
407 
650 
699 
128 
318 
622 
236 
707 
451 
729 
144 
461 
657 
525 
527 
117 
290 
556 
356 
666 
154 
29 
282 
238 
351 
454 
555 
79 
218 
503 
0 
61 
725 
14 
457 
326 
88 
412 
183 
141 
665 
309 
415 
505 
48 
548 
64 
341 
558 
475 
110 
270 
252 
382 
722 
241 
343 
628 
436 
479 
629 
83 
295 
114 
63 
449 
279 
715 
78 
602 
470 
24 
410 
403 
352 
188 
441 
378 
738 
271 
468 
293 
736 
342 
106 
535 
313 
263 
532 
67 
516 
332 
506 
659 
201 
140 
128 
716 
216 
688 
487 
499 
351 
54 
483 
275 
485 
218 
90 
631 
397 
491 
728 
419 
562 
695 
387 
635 
438 
217 
31 
247 
522 
8 
707 
434 
151 
87 
12 
316 
126 
113 
305 
391 
559 
623 
107 
127 
365 
153 
698 
190 
120 
452 
335 
252 
267 
143 
296 
540 
246 
355 
640 
374 
375 
544 
702 
585 
605 
303 
538 
589 
338 
677 
508 
314 
233 
358 
376 
577 
490 
673 
735 
94 
343 
23 
285 
618 
612 
372 
626 
607 
545 
168 
660 
344 
238 
230 
413 
48 
411 
145 
405 
90 
144 
551 
430 
120 
628 
340 
124 
26 
403 
501 
484 
472 
649 
186 
213 
107 
448 
509 
7 
164 
452 
652 
674 
323 
546 
738 
177 
425 
27 
126 
620 
667 
269 
369 
199 
670 
662 
541 
218 
87 
194 
251 
88 
715 
516 
432 
258 
409 
487 
474 
616 
384 
45 
345 
611 
545 
184 
319 
587 
105 
734 
342 
416 
89 
343 
556 
241 
260 
216 
179 
502 
149 
239 
72 
186 
731 
697 
403 
46 
339 
140 
585 
689 
372 
599 
8 
307 
666 
643 
286 
564 
224 
566 
512 
261 
538 
519 
524 
518 
677 
209 
471 
269 
638 
548 
5 
714 
75 
504 
738 
370 
2 
692 
344 
27 
607 
565 
606 
454 
551 
696 
7 
726 
100 
412 
527 
61 
516 
461 
535 
293 
570 
256 
488 
128 
654 
417 
635 
197 
330 
198 
29 
69 
642 
288 
216 
447 
658 
133 
243 
468 
687 
422 
113 
495 
597 
343 
336 
309 
51 
427 
171 
714 
504 
268 
233 
277 
587 
338 
124 
141 
728 
287 
398 
621 
684 
451 
25 
304 
653 
323 
490 
19 
108 
665 
691 
434 
331 
314 
169 
567 
226 
211 
577 
179 
182 
569 
122 
82 
706 
315 
402 
464 
449 
727 
602 
374 
579 
20 
110 
199 
316 
158 
43 
324 
407 
50 
208 
686 
60 
274 
329 
209 
69 
553 
465 
468 
21 
688 
44 
345 
167 
474 
535 
690 
213 
628 
622 
576 
681 
139 
568 
12 
352 
718 
52 
236 
702 
360 
632 
133 
107 
23 
245 
340 
473 
532 
174 
552 
264 
508 
428 
602 
523 
203 
643 
7 
437 
162 
282 
383 
141 
148 
110 
228 
397 
243 
42 
377 
41 
486 
145 
59 
24 
657 
507 
401 
391 
177 
279 
86 
283 
477 
682 
113 
310 
725 
327 
732 
20 
473 
481 
95 
669 
80 
424 
363 
524 
589 
676 
378 
655 
158 
281 
470 
484 
265 
441 
326 
520 
122 
499 
343 
395 
614 
134 
311 
288 
571 
48 
653 
71 
714 
269 
729 
96 
389 
227 
436 
613 
32 
370 
97 
671 
274 
147 
253 
677 
422 
277 
34 
654 
359 
325 
82 
63 
43 
168 
93 
717 
251 
430 
572 
233 
639 
425 
99 
562 
77 
219 
351 
358 
507 
493 
527 
393 
1 
232 
124 
192 
288 
518 
381 
433 
463 
479 
497 
371 
112 
367 
323 
360 
523 
223 
88 
708 
214 
543 
671 
692 
652 
529 
17 
464 
300 
688 
530 
284 
553 
521 
609 
622 
567 
31 
44 
46 
328 
220 
701 
107 
446 
519 
202 
503 
267 
412 
605 
260 
193 
96 
539 
577 
383 
280 
525 
640 
174 
734 
644 
664 
62 
161 
41 
713 
380 
134 
197 
463 
49 
665 
512 
514 
234 
275 
573 
182 
670 
493 
590 
359 
250 
281 
396 
268 
259 
705 
352 
518 
620 
93 
57 
671 
92 
219 
56 
587 
691 
679 
170 
565 
672 
367 
69 
32 
712 
2 
505 
515 
724 
662 
15 
263 
542 
207 
366 
407 
498 
244 
517 
581 
554 
442 
575 
604 
727 
645 
209 
653 
300 
464 
490 
223 
615 
669 
14 
601 
721 
438 
499 
163 
87 
605 
556 
415 
723 
620 
529 
95 
714 
226 
257 
289 
171 
262 
267 
165 
563 
139 
296 
348 
283 
382 
734 
270 
678 
26 
4 
321 
322 
60 
354 
365 
118 
694 
297 
330 
372 
715 
55 
623 
108 
683 
284 
344 
279 
74 
352 
486 
409 
692 
616 
667 
215 
130 
489 
595 
546 
170 
737 
86 
461 
53 
75 
157 
280 
308 
634 
527 
519 
103 
175 
156 
655 
277 
462 
643 
339 
40 
349 
666 
285 
597 
286 
221 
105 
687 
15 
381 
552 
218 
650 
34 
62 
319 
542 
512 
429 
476 
20 
646 
589 
613 
356 
172 
503 
254 
433 
376 
193 
480 
244 
387 
212 
465 
590 
731 
511 
733 
190 
515 
219 
703 
259 
595 
237 
313 
347 
21 
65 
534 
505 
520 
431 
559 
311 
129 
427 
490 
399 
318 
425 
39 
280 
485 
295 
113 
508 
290 
37 
26 
51 
418 
562 
35 
228 
564 
663 
161 
625 
339 
450 
240 
376 
380 
405 
715 
698 
430 
175 
218 
235 
263 
692 
100 
684 
373 
702 
459 
196 
650 
730 
372 
713 
22 
90 
62 
354 
645 
283 
119 
716 
19 
158 
335 
169 
436 
236 
209 
197 
443 
177 
416 
4 
507 
162 
688 
582 
28 
285 
254 
99 
190 
606 
657 
216 
508 
194 
453 
483 
213 
274 
246 
233 
457 
9 
550 
598 
223 
470 
599 
15 
381 
735 
651 
433 
681 
597 
163 
299 
66 
414 
559 
475 
652 
55 
118 
694 
202 
100 
399 
449 
610 
522 
427 
307 
45 
563 
608 
466 
530 
6 
482 
0 
391 
710 
484 
531 
404 
472 
94 
253 
277 
611 
199 
738 
644 
358 
721 
609 
8 
359 
372 
513 
509 
656 
645 
690 
553 
315 
37 
677 
40 
525 
230 
444 
188 
12 
149 
4 
241 
445 
181 
66 
278 
355 
422 
648 
51 
108 
30 
145 
112 
711 
272 
558 
587 
136 
310 
144 
303 
523 
590 
691 
397 
369 
636 
104 
304 
318 
461 
52 
462 
437 
547 
497 
407 
232 
580 
11 
714 
151 
698 
18 
330 
106 
596 
514 
637 
463 
44 
712 
179 
226 
395 
245 
247 
347 
294 
266 
576 
620 
593 
537 
578 
21 
102 
239 
6 
184 
530 
24 
15 
193 
499 
8 
727 
100 
351 
415 
646 
677 
678 
337 
394 
703 
320 
627 
449 
329 
301 
682 
280 
660 
37 
296 
543 
446 
478 
210 
55 
228 
96 
577 
127 
91 
1 
477 
69 
163 
283 
541 
514 
447 
89 
607 
715 
464 
381 
521 
582 
419 
410 
567 
322 
347 
272 
533 
269 
632 
380 
461 
141 
87 
343 
365 
25 
338 
536 
529 
557 
60 
701 
120 
714 
571 
683 
165 
207 
488 
727 
274 
346 
48 
452 
587 
327 
563 
170 
473 
636 
707 
615 
118 
171 
608 
145 
599 
202 
298 
191 
735 
317 
26 
250 
404 
90 
229 
603 
151 
186 
389 
328 
515 
220 
675 
691 
601 
144 
716 
609 
331 
711 
306 
522 
57 
415 
265 
3 
25 
446 
462 
242 
443 
650 
124 
695 
369 
645 
411 
174 
32 
507 
285 
251 
545 
254 
698 
114 
707 
166 
222 
150 
553 
704 
343 
454 
80 
615 
488 
319 
182 
630 
106 
233 
580 
94 
137 
138 
467 
494 
527 
250 
308 
636 
603 
660 
27 
434 
396 
187 
674 
31 
52 
407 
284 
309 
172 
194 
432 
367 
528 
607 
276 
673 
344 
389 
218 
702 
88 
671 
501 
431 
554 
318 
561 
437 
521 
224 
579 
631 
227 
559 
120 
564 
186 
584 
0 
230 
628 
736 
22 
307 
253 
43 
471 
492 
599 
283 
13 
653 
257 
100 
473 
355 
10 
594 
727 
338 
677 
548 
685 
66 
231 
541 
411 
646 
165 
362 
45 
738 
601 
60 
341 
645 
158 
105 
294 
203 
73 
222 
618 
453 
292 
39 
115 
703 
592 
408 
345 
672 
569 
196 
23 
624 
325 
46 
262 
573 
161 
181 
290 
456 
647 
414 
536 
728 
683 
629 
539 
611 
239 
227 
508 
522 
281 
148 
580 
20 
81 
369 
451 
706 
80 
335 
371 
87 
188 
236 
391 
595 
547 
63 
29 
258 
578 
400 
549 
267 
184 
328 
355 
174 
442 
176 
630 
282 
603 
235 
66 
222 
109 
655 
208 
151 
289 
644 
159 
497 
30 
209 
242 
701 
534 
130 
83 
439 
266 
734 
294 
125 
230 
671 
737 
311 
658 
46 
694 
707 
366 
558 
155 
620 
319 
52 
300 
720 
705 
13 
574 
428 
587 
606 
509 
175 
653 
493 
296 
449 
510 
65 
331 
171 
328 
267 
433 
491 
495 
194 
235 
317 
221 
696 
619 
2 
120 
283 
206 
239 
513 
553 
49 
448 
23 
179 
280 
454 
289 
712 
369 
28 
117 
617 
112 
529 
106 
180 
592 
492 
210 
657 
398 
344 
516 
19 
271 
62 
359 
403 
547 
474 
142 
25 
521 
312 
18 
455 
159 
630 
43 
660 
8 
243 
141 
705 
83 
16 
211 
599 
636 
223 
99 
671 
511 
668 
387 
681 
539 
537 
609 
360 
402 
234 
560 
520 
655 
118 
535 
614 
608 
191 
358 
565 
171 
264 
10 
139 
263 
561 
192 
102 
265 
200 
72 
528 
643 
390 
328 
344 
