0.033200 
0.035100 
0.037600 
0.038200 
0.039600 
0.040900 
0.042200 
0.043000 
0.043300 
0.043600 
0.043900 
0.044400 
0.044400 
0.046600 
0.047100 
0.047100 
0.047400 
0.047800 
0.048900 
0.050800 
0.051100 
0.052100 
0.052800 
0.053100 
0.053600 
0.053800 
0.054000 
0.054300 
0.054700 
0.055800 
0.055900 
0.057200 
0.057300 
0.057700 
0.058900 
0.059200 
0.059900 
0.060300 
0.061300 
0.063800 
0.067800 
0.069400 
0.070500 
0.070700 
0.071000 
0.074100 
0.075500 
0.077500 
0.078000 
0.078500 
0.079800 
0.081700 
0.081900 
0.085000 
0.085300 
0.087000 
0.088600 
0.088700 
0.090300 
0.091600 
0.091600 
0.091700 
0.091700 
0.094000 
0.094100 
0.094200 
0.095500 
0.095600 
0.097400 
0.099600 
0.101000 
0.102400 
0.103700 
0.104100 
0.104200 
0.104500 
0.105800 
0.106000 
0.107200 
0.107200 
0.107900 
0.108900 
0.110400 
0.111500 
0.113100 
0.114300 
0.115500 
0.118400 
0.119600 
0.120700 
0.120700 
0.120800 
0.122000 
0.123900 
0.125500 
0.126500 
0.127300 
0.127900 
0.129600 
0.129900 
0.130100 
0.131000 
0.131500 
0.132500 
0.132500 
0.133600 
0.134500 
0.134500 
0.134700 
0.134700 
0.136100 
0.136800 
0.137300 
0.137600 
0.138300 
0.138800 
0.139300 
0.139600 
0.140300 
0.140600 
0.141500 
0.141600 
0.144900 
0.145100 
0.145200 
0.146300 
0.146900 
0.147100 
0.147700 
0.147700 
0.148500 
0.148500 
0.148800 
0.148900 
0.149200 
0.149600 
0.150200 
0.152200 
0.152900 
0.153600 
0.153700 
0.157000 
0.157100 
0.157800 
0.158900 
0.160600 
0.160700 
0.161000 
0.161100 
0.162200 
0.162200 
0.162600 
0.164300 
0.164600 
0.165200 
0.165200 
0.166300 
0.166300 
0.166500 
0.168700 
0.169400 
0.169600 
0.170500 
0.170600 
0.171100 
0.174200 
0.174800 
0.176000 
0.176400 
0.176600 
0.177800 
0.179000 
0.179300 
0.179900 
0.180200 
0.180700 
0.181400 
0.181400 
0.181700 
0.182000 
0.183500 
0.184100 
0.184200 
0.184300 
0.185600 
0.188200 
0.188400 
0.188800 
0.189300 
0.189600 
0.189700 
0.190400 
0.190500 
0.191700 
0.192800 
0.193600 
0.194400 
0.194500 
0.194600 
0.195700 
0.195800 
0.196000 
0.196100 
0.196300 
0.196900 
0.197000 
0.198000 
0.199400 
0.199600 
0.202200 
0.202300 
0.202600 
0.202800 
0.202800 
0.203000 
0.203000 
0.203500 
0.203700 
0.203700 
0.203900 
0.203900 
0.204100 
0.204600 
0.204800 
0.205400 
0.205700 
0.205700 
0.206700 
0.207500 
0.208500 
0.208700 
0.209100 
0.209700 
0.210200 
0.210600 
0.210900 
0.211200 
0.211600 
0.211800 
0.212000 
0.212100 
0.212800 
0.213300 
0.214000 
0.214600 
0.215000 
0.215700 
0.216100 
0.216900 
0.217400 
0.219600 
0.220200 
0.220500 
0.221000 
0.221000 
0.221300 
0.222000 
0.223000 
0.223400 
0.223500 
0.223700 
0.225300 
0.225300 
0.225500 
0.225500 
0.228300 
0.229500 
0.230100 
0.230600 
0.231600 
0.232600 
0.233000 
0.234000 
0.234900 
0.235200 
0.235600 
0.236500 
0.236700 
0.237700 
0.239400 
0.239500 
0.240000 
0.240300 
0.240400 
0.241700 
0.242000 
0.242000 
0.242200 
0.243100 
0.243800 
0.244900 
0.245900 
0.249100 
0.249300 
0.249500 
0.250300 
0.250500 
0.250800 
0.251600 
0.251800 
0.252100 
0.252500 
0.252900 
0.257700 
0.257900 
0.260200 
0.260300 
0.262000 
0.262500 
0.262500 
0.262600 
0.263400 
0.264700 
0.264700 
0.267700 
0.268800 
0.269500 
0.270800 
0.271000 
0.272800 
0.275800 
0.275900 
0.278300 
0.279100 
0.280100 
0.280300 
0.281700 
0.281700 
0.281900 
0.284400 
0.284600 
0.285400 
0.285900 
0.287000 
0.287200 
0.288300 
0.288500 
0.289000 
0.291200 
0.291400 
0.292000 
0.292500 
0.293000 
0.295100 
0.296100 
0.296900 
0.297000 
0.297100 
0.297800 
0.298000 
0.298300 
0.299400 
0.299500 
0.300400 
0.300600 
0.300900 
0.302100 
0.303200 
0.305200 
0.305400 
0.305600 
0.307500 
0.307800 
0.308000 
0.308100 
0.308500 
0.309000 
0.309100 
0.309300 
0.309700 
0.310200 
0.310300 
0.311100 
0.311300 
0.311700 
0.311900 
0.313100 
0.313500 
0.314200 
0.315000 
0.315800 
0.318000 
0.319300 
0.319500 
0.321900 
0.322000 
0.322200 
0.323500 
0.324200 
0.326200 
0.327500 
0.327700 
0.328000 
0.328300 
0.328900 
0.328900 
0.330000 
0.330300 
0.330600 
0.330900 
0.332600 
0.332700 
0.332800 
0.333300 
0.333300 
0.335000 
0.335400 
0.335500 
0.335700 
0.338100 
0.340700 
0.340900 
0.340900 
0.342400 
0.342900 
0.344300 
0.344700 
0.345100 
0.346200 
0.347400 
0.347700 
0.349200 
0.349200 
0.349600 
0.350000 
0.350300 
0.352900 
0.353000 
0.353700 
0.353800 
0.353800 
0.354000 
0.354400 
0.355100 
0.355800 
0.355900 
0.356100 
0.356100 
0.356300 
0.356700 
0.356800 
0.357500 
0.358500 
0.359400 
0.360100 
0.360600 
0.360800 
0.361100 
0.361400 
0.361600 
0.362300 
0.364200 
0.365000 
0.365000 
0.366700 
0.369800 
0.370800 
0.371800 
0.372700 
0.372800 
0.372900 
0.373700 
0.376100 
0.376500 
0.379000 
0.381100 
0.381300 
0.382600 
0.385500 
0.386300 
0.387900 
0.389600 
0.390900 
0.391100 
0.391200 
0.391200 
0.391700 
0.391900 
0.396300 
0.396300 
0.398300 
0.398800 
0.399400 
0.400300 
0.400400 
0.401500 
0.401600 
0.403100 
0.403500 
0.403900 
0.404400 
0.405000 
0.405800 
0.408500 
0.408700 
0.409500 
0.412900 
0.414100 
0.414800 
0.415300 
0.415400 
0.415800 
0.416100 
0.417700 
0.417800 
0.418100 
0.418500 
0.418600 
0.419800 
0.420100 
0.420700 
0.421400 
0.421800 
0.422000 
0.422400 
0.423600 
0.423900 
0.424300 
0.425100 
0.425300 
0.425900 
0.427100 
0.427800 
0.427800 
0.428100 
0.428400 
0.428900 
0.429100 
0.431000 
0.431000 
0.431100 
0.431400 
0.431700 
0.432200 
0.433400 
0.433600 
0.433800 
0.433900 
0.435100 
0.435400 
0.437300 
0.438000 
0.439100 
0.440300 
0.440400 
0.441700 
0.441900 
0.443100 
0.443300 
0.444600 
0.444900 
0.446300 
0.446900 
0.447500 
0.447600 
0.447600 
0.447900 
0.450100 
0.450900 
0.451100 
0.451500 
0.451600 
0.451700 
0.451800 
0.452700 
0.452800 
0.453400 
0.453700 
0.454100 
0.454400 
0.456100 
0.456100 
0.456200 
0.456600 
0.456900 
0.457300 
0.457600 
0.458100 
0.458500 
0.458500 
0.459300 
0.459700 
0.460200 
0.460700 
0.460900 
0.464200 
0.464500 
0.465200 
0.465600 
0.465700 
0.465800 
0.465800 
0.466000 
0.466600 
0.466700 
0.467200 
0.469400 
0.472200 
0.472900 
0.473400 
0.474100 
0.474700 
0.475400 
0.477300 
0.478600 
0.478900 
0.480200 
0.481400 
0.481800 
0.482200 
0.482500 
0.483500 
0.484600 
0.484900 
0.485500 
0.486600 
0.487200 
0.487500 
0.488300 
0.488400 
0.490800 
0.492500 
0.493400 
0.494300 
0.494400 
0.494400 
0.497500 
0.498600 
0.499700 
0.499700 
0.500300 
0.500800 
0.500900 
0.501400 
0.502500 
0.502500 
0.503000 
0.503100 
0.504300 
0.505200 
0.505900 
0.506300 
0.506600 
0.506700 
0.506900 
0.507100 
0.507300 
0.507500 
0.508800 
0.511000 
0.511300 
0.511600 
0.512000 
0.512400 
0.512400 
0.514100 
0.514400 
0.514900 
0.515000 
0.515100 
0.515700 
0.516500 
0.518100 
0.518800 
0.518900 
0.518900 
0.519100 
0.519600 
0.519900 
0.520600 
0.522100 
0.522300 
0.523000 
0.523100 
0.523400 
0.523900 
0.524200 
0.524700 
0.525400 
0.526000 
0.527300 
0.527800 
0.527800 
0.528100 
0.528100 
0.528200 
0.528900 
0.529300 
0.530900 
0.531900 
0.532200 
0.535000 
0.535200 
0.537400 
0.538300 
0.538400 
0.538700 
0.538900 
0.540500 
0.540600 
0.542000 
0.542400 
0.542500 
0.542500 
0.545200 
0.545700 
0.546700 
0.546800 
0.548000 
0.548800 
0.549300 
0.549400 
0.549900 
0.550100 
0.551500 
0.552800 
0.553000 
0.553300 
0.554200 
0.555400 
0.555700 
0.561900 
0.562400 
0.563200 
0.563900 
0.564000 
0.564700 
0.564800 
0.565300 
0.565600 
0.566500 
0.567100 
0.567400 
0.567700 
0.568600 
0.570100 
0.570300 
0.570700 
0.570900 
0.572900 
0.573200 
0.574000 
0.574700 
0.575500 
0.575800 
0.576800 
0.576900 
0.577200 
0.577300 
0.578300 
0.578400 
0.578500 
0.579100 
0.580500 
0.580600 
0.581600 
0.581700 
0.582100 
0.582300 
0.582400 
0.582600 
0.585900 
0.586900 
0.587200 
0.587700 
0.587900 
0.588800 
0.592200 
0.594200 
0.594200 
0.595200 
0.595200 
0.596200 
0.596600 
0.596700 
0.596800 
0.597300 
0.597600 
0.597800 
0.601400 
0.601600 
0.602300 
0.603100 
0.604000 
0.604400 
0.605100 
0.608800 
0.609000 
0.611000 
0.611700 
0.612300 
0.612600 
0.613700 
0.615200 
0.615600 
0.617900 
0.618800 
0.622300 
0.623000 
0.624100 
0.624300 
0.624600 
0.624800 
0.625500 
0.628000 
0.628100 
0.628300 
0.628700 
0.629300 
0.630300 
0.630600 
0.631000 
0.632000 
0.632400 
0.633900 
0.634300 
0.634900 
0.635300 
0.635600 
0.636100 
0.636800 
0.637700 
0.637800 
0.638100 
0.638100 
0.638400 
0.638700 
0.639300 
0.640100 
0.640300 
0.640800 
0.641300 
0.642700 
0.645000 
0.645500 
0.645600 
0.645800 
0.646500 
0.649100 
0.649800 
0.650700 
0.650800 
0.651500 
0.652400 
0.653900 
0.654200 
0.655000 
0.655100 
0.655500 
0.655900 
0.656800 
0.657800 
0.658600 
0.659600 
0.659700 
0.659700 
0.661000 
0.662900 
0.663000 
0.663600 
0.664600 
0.665300 
0.665500 
0.665600 
0.666600 
0.666800 
0.666800 
0.667300 
0.667500 
0.668300 
0.668600 
0.669100 
0.669900 
0.671100 
0.671200 
0.671900 
0.672900 
0.673900 
0.675200 
0.676100 
0.676400 
0.676400 
0.676500 
0.676500 
0.677300 
0.678600 
0.678700 
0.679200 
0.679700 
0.680000 
0.680400 
0.680600 
0.681700 
0.681800 
0.681900 
0.682500 
0.683200 
0.683800 
0.683900 
0.684000 
0.684400 
0.684900 
0.686000 
0.686500 
0.686600 
0.687800 
0.689000 
0.689000 
0.689100 
0.689200 
0.689500 
0.690600 
0.690600 
0.691200 
0.692000 
0.692300 
0.692500 
0.693000 
0.693600 
0.693800 
0.694800 
0.695400 
0.696200 
0.696500 
0.696700 
0.697500 
0.697800 
0.698300 
0.698600 
0.699000 
0.699200 
0.699200 
0.701200 
0.703600 
0.703800 
0.703900 
0.703900 
0.704000 
0.705900 
0.706000 
0.706200 
0.706400 
0.707000 
0.707400 
0.708100 
0.708300 
0.708700 
0.709300 
0.709500 
0.710000 
0.710400 
0.711300 
0.711400 
0.712400 
0.712900 
0.713400 
0.713900 
0.714800 
0.715800 
0.715900 
0.716000 
0.716100 
0.716300 
0.716400 
0.717200 
0.717300 
0.717600 
0.718900 
0.721100 
0.721600 
0.723500 
0.724100 
0.728300 
0.728500 
0.728500 
0.729300 
0.729300 
0.729900 
0.730200 
0.730500 
0.731100 
0.731500 
0.733700 
0.734000 
0.734500 
0.735100 
0.735700 
0.735900 
0.736200 
0.736900 
0.737600 
0.737700 
0.737800 
0.737800 
0.738200 
0.738800 
0.739700 
0.739800 
0.740500 
0.741600 
0.742900 
0.743300 
0.746000 
0.747200 
0.747400 
0.747800 
0.748600 
0.749800 
0.749800 
0.750500 
0.751100 
0.751800 
0.752000 
0.752200 
0.754300 
0.754300 
0.755000 
0.755200 
0.755800 
0.757100 
0.757200 
0.758200 
0.758600 
0.759400 
0.760000 
0.761300 
0.761300 
0.762100 
0.762800 
0.763900 
0.764100 
0.764300 
0.766200 
0.766400 
0.768600 
0.768800 
0.768900 
0.769100 
0.769200 
0.769900 
0.770000 
0.771300 
0.771500 
0.772000 
0.772300 
0.772900 
0.772900 
0.774500 
0.775400 
0.775500 
0.775900 
0.777200 
0.777900 
0.778400 
0.779300 
0.779400 
0.779800 
0.779900 
0.781400 
0.781600 
0.781800 
0.782700 
0.783200 
0.785900 
0.786900 
0.787000 
0.787700 
0.788300 
0.788800 
0.789700 
0.790900 
0.791100 
0.792500 
0.792500 
0.793300 
0.794100 
0.794600 
0.796000 
0.796300 
0.796600 
0.797300 
0.798700 
0.799400 
0.799800 
0.800000 
0.800100 
0.800900 
0.801400 
0.801600 
0.802700 
0.802900 
0.803900 
0.804500 
0.804600 
0.804900 
0.805700 
0.807200 
0.807400 
0.807500 
0.808600 
0.809000 
0.809000 
0.811400 
0.812800 
0.813200 
0.813600 
0.813800 
0.815300 
0.815400 
0.815400 
0.815600 
0.816900 
0.817000 
0.817200 
0.819000 
0.819400 
0.820100 
0.821200 
0.822000 
0.822700 
0.823500 
0.825200 
0.826100 
0.826500 
0.827600 
0.827700 
0.828100 
0.828100 
0.829200 
0.829800 
0.829900 
0.830500 
0.830900 
0.831200 
0.831300 
0.832600 
0.832800 
0.833500 
0.834200 
0.835200 
0.838100 
0.839500 
0.841200 
0.841400 
0.842000 
0.842100 
0.844700 
0.845500 
0.845800 
0.846200 
0.846700 
0.846800 
0.847200 
0.847500 
0.849300 
0.849400 
0.849500 
0.850100 
0.850400 
0.852100 
0.852600 
0.852700 
0.852700 
0.852800 
0.852900 
0.853300 
0.853500 
0.855100 
0.859700 
0.859800 
0.860100 
0.861000 
0.861300 
0.861500 
0.862400 
0.864800 
0.864900 
0.864900 
0.865200 
0.866600 
0.867200 
0.867900 
0.868700 
0.868800 
0.871300 
0.872600 
0.873400 
0.875300 
0.876000 
0.876200 
0.876300 
0.878500 
0.879400 
0.880600 
0.880800 
0.881200 
0.881700 
0.883300 
0.884400 
0.888100 
0.889400 
0.889500 
0.889800 
0.890100 
0.890100 
0.891900 
0.891900 
0.892100 
0.892300 
0.892600 
0.893800 
0.894200 
0.894300 
0.894500 
0.894700 
0.895100 
0.895600 
0.896200 
0.896400 
0.896800 
0.896900 
0.897500 
0.897900 
0.898600 
0.899300 
0.900300 
0.900400 
0.900600 
0.901200 
0.902000 
0.902000 
0.904500 
0.906600 
0.906700 
0.906700 
0.907800 
0.907900 
0.907900 
0.908000 
0.910000 
0.910900 
0.911100 
0.911500 
0.911700 
0.912900 
0.914600 
0.914900 
0.914900 
0.915100 
0.915100 
0.916400 
0.916800 
0.917100 
0.917300 
0.917900 
0.918200 
0.918200 
0.919900 
0.920700 
0.923200 
0.923800 
0.926600 
0.928900 
0.929000 
0.929800 
0.930900 
0.931000 
0.931200 
0.933000 
0.933200 
0.934200 
0.934200 
0.935600 
0.936300 
0.936600 
0.936700 
0.936800 
0.937700 
0.937900 
0.938000 
0.938300 
0.940600 
0.941000 
0.943900 
0.944100 
0.944400 
0.945200 
0.946700 
0.947000 
0.947600 
0.947900 
0.948500 
0.948600 
0.948800 
0.948800 
0.948900 
0.949200 
0.951100 
0.951400 
0.951900 
0.952500 
0.954200 
0.954600 
0.954700 
0.955900 
0.957300 
0.957400 
0.957800 
0.958500 
0.959700 
0.961000 
0.961000 
0.961100 
0.961300 
0.962600 
0.962700 
0.962800 
0.963400 
0.963600 
0.965300 
0.966100 
0.966400 
0.966800 
0.967800 
0.969200 
0.969300 
0.971000 
0.971400 
0.973100 
0.973200 
0.973600 
0.974700 
0.975100 
0.975900 
0.976500 
0.976800 
0.977100 
0.979100 
0.979300 
0.979500 
0.981900 
0.982100 
0.982200 
0.982800 
0.983300 
0.984000 
0.984100 
0.984700 
0.986000 
0.986400 
0.986500 
0.990700 
0.991000 
0.991600 
0.991600 
0.992700 
0.993200 
0.994100 
0.994700 
0.994800 
0.994800 
0.995100 
0.996200 
0.997500 
0.997600 
0.997700 
0.997800 
1.000100 
1.000100 
1.001200 
1.001500 
1.002200 
1.002300 
1.002700 
1.004100 
1.006600 
1.007200 
1.007600 
1.007900 
1.008100 
1.008800 
1.008900 
1.010400 
1.011500 
1.011700 
1.011800 
1.011900 
1.014100 
1.015500 
1.017000 
1.019400 
1.021400 
1.022300 
1.022400 
1.022400 
1.023400 
1.024200 
1.026400 
1.026500 
1.028300 
1.028500 
1.028600 
1.028800 
1.028900 
1.031200 
1.032000 
1.032100 
1.033500 
1.034700 
1.035300 
1.037500 
1.038300 
1.039300 
1.040000 
1.040100 
1.040400 
1.040900 
1.044100 
1.044200 
1.044400 
1.044800 
1.044900 
1.044900 
1.045500 
1.046200 
1.049000 
1.049800 
1.049900 
1.050200 
1.050800 
1.051200 
1.051800 
1.051900 
1.051900 
1.054400 
1.057100 
1.057500 
1.057600 
1.058400 
1.058900 
1.059000 
1.059500 
1.060100 
1.060900 
1.061300 
1.062000 
1.062300 
1.064900 
1.067100 
1.067100 
1.068100 
1.068200 
1.068900 
1.070500 
1.070900 
1.072100 
1.072200 
1.073500 
1.074500 
1.077000 
1.078300 
1.078400 
1.079200 
1.080500 
1.082900 
1.083800 
1.084100 
1.085000 
1.086400 
1.086700 
1.087500 
1.087600 
1.089400 
1.091300 
1.091900 
1.092300 
1.092600 
1.095500 
1.095800 
1.096300 
1.097200 
1.097600 
1.097700 
1.099000 
1.099500 
1.100400 
1.101400 
1.101600 
1.101600 
1.102000 
1.103100 
1.106300 
1.106500 
1.107100 
1.107200 
1.108400 
1.108700 
1.109700 
1.109800 
1.109800 
1.109900 
1.111600 
1.111600 
1.111800 
1.112500 
1.112500 
1.112700 
1.113400 
1.115100 
1.115900 
1.116200 
1.116300 
1.117400 
1.117600 
1.118000 
1.118300 
1.118900 
1.119600 
1.119900 
1.120400 
1.120500 
1.121400 
1.121600 
1.122000 
1.122200 
1.123500 
1.123900 
1.123900 
1.126000 
1.127000 
1.127700 
1.129000 
1.129200 
1.129300 
1.130300 
1.130600 
1.131600 
1.132300 
1.132300 
1.133200 
1.133600 
1.135900 
1.136100 
1.136600 
1.136600 
1.137600 
1.139700 
1.140900 
1.141100 
1.141500 
1.142500 
1.142700 
1.142700 
1.143200 
1.144800 
1.147500 
1.148300 
1.149800 
1.151100 
1.152200 
1.152600 
1.152600 
1.153100 
1.153600 
1.156400 
1.157900 
1.158100 
1.159700 
1.161900 
1.162100 
1.163300 
1.164100 
1.164700 
1.164800 
1.165600 
1.165900 
1.165900 
1.166000 
1.167300 
1.168400 
1.168500 
1.169200 
1.169300 
1.169700 
1.170600 
1.170800 
1.170900 
1.171500 
1.172400 
1.172900 
1.173000 
1.173200 
1.173300 
1.173800 
1.174100 
1.175700 
1.176300 
1.176300 
1.177400 
1.177900 
1.178300 
1.178600 
1.178800 
1.178900 
1.180000 
1.180400 
1.180500 
1.181200 
1.181300 
1.181500 
1.183000 
1.184400 
1.185600 
1.186100 
1.186200 
1.187300 
1.187300 
1.187600 
1.187600 
1.188900 
1.190000 
1.190600 
1.190700 
1.190800 
1.191400 
1.192900 
1.193900 
1.194200 
1.194700 
1.196500 
1.196700 
1.198600 
1.199200 
1.199300 
1.199400 
1.201100 
1.201100 
1.201400 
1.201400 
1.201500 
1.201600 
1.201800 
1.202500 
1.203100 
1.203400 
1.203700 
1.204700 
1.204800 
1.206700 
1.208800 
1.211000 
1.211200 
1.211200 
1.211500 
1.212500 
1.212600 
1.212900 
1.216300 
1.217800 
1.218000 
1.218200 
1.218700 
1.219500 
1.219700 
1.219800 
1.219900 
1.220200 
1.224000 
1.225000 
1.225900 
1.227900 
1.229400 
1.230500 
1.231800 
1.232000 
1.232200 
1.232300 
1.233100 
1.233500 
1.233600 
1.235100 
1.237800 
1.238200 
1.239100 
1.239200 
1.239300 
1.241200 
1.242900 
1.243600 
1.245200 
1.246400 
1.247200 
1.248000 
1.250800 
1.252900 
1.253600 
1.254700 
1.254800 
1.256300 
1.256300 
1.256300 
1.256700 
1.256800 
1.257900 
1.258300 
1.258400 
1.259400 
1.260100 
1.260700 
1.261500 
1.261600 
1.261800 
1.262000 
1.262100 
1.262200 
1.262700 
1.264500 
1.265600 
1.265600 
1.265700 
1.266000 
1.266200 
1.266800 
1.267200 
1.267600 
1.268200 
1.270000 
1.270300 
1.270800 
1.272200 
1.272400 
1.272900 
1.273400 
1.274000 
1.276100 
1.276500 
1.280200 
1.280300 
1.283500 
1.283600 
1.284200 
1.284600 
1.285900 
1.286300 
1.286700 
1.287200 
1.290400 
1.290800 
1.290900 
1.291700 
1.292400 
1.293200 
1.296300 
1.298500 
1.299100 
1.299400 
1.299700 
1.304300 
1.304600 
1.304700 
1.306800 
1.309000 
1.309200 
1.309200 
1.312600 
1.312700 
1.315100 
1.315700 
1.317100 
1.318200 
1.319200 
1.321100 
1.321600 
1.321900 
1.322200 
1.323400 
1.323700 
1.324300 
1.325500 
1.325700 
1.325700 
1.325800 
1.327000 
1.328800 
1.330600 
1.330800 
1.331100 
1.331800 
1.332000 
1.333400 
1.335500 
1.335600 
1.335700 
1.335900 
1.336100 
1.336500 
1.337000 
1.337500 
1.338500 
1.338600 
1.338700 
1.338700 
1.338700 
1.339800 
1.340000 
1.341000 
1.341200 
1.341400 
1.341700 
1.342300 
1.344300 
1.344600 
1.344600 
1.344800 
1.344900 
1.345800 
1.348100 
1.348200 
1.350500 
1.350800 
1.353800 
1.353900 
1.354600 
1.355400 
1.355600 
1.355800 
1.356200 
1.356200 
1.357100 
1.357300 
1.357600 
1.358200 
1.358600 
1.359100 
1.361000 
1.362400 
1.362600 
1.363000 
1.363900 
1.364000 
1.364400 
1.365200 
1.367400 
1.368200 
1.370200 
1.370400 
1.371600 
1.371900 
1.373000 
1.374800 
1.375600 
1.375700 
1.376000 
1.376200 
1.378100 
1.379200 
1.379200 
1.379300 
1.379600 
1.381200 
1.382400 
1.382400 
1.383300 
1.383600 
1.383700 
1.385800 
1.387100 
1.388100 
1.388300 
1.388700 
1.388700 
1.389100 
1.390200 
1.391400 
1.392300 
1.394200 
1.395600 
1.395900 
1.397100 
1.397100 
1.397200 
1.398200 
1.398400 
1.399000 
1.399300 
1.399900 
1.400100 
1.401600 
1.402000 
1.402700 
1.403300 
1.403600 
1.404400 
1.404500 
1.405100 
1.405100 
1.405600 
1.406200 
1.406500 
1.408100 
1.408400 
1.408400 
1.408600 
1.409000 
1.409200 
1.410500 
1.410700 
1.411700 
1.411700 
1.411800 
1.412500 
1.414300 
1.414400 
1.414500 
1.414500 
1.414500 
1.415400 
1.415900 
1.416300 
1.416800 
1.417000 
1.417300 
1.417800 
1.419300 
1.421900 
1.422500 
1.423700 
1.424300 
1.427000 
1.428000 
1.428800 
1.429100 
1.430000 
1.430800 
1.431100 
1.431200 
1.433500 
1.433800 
1.435100 
1.435200 
1.436700 
1.437200 
1.437400 
1.438400 
1.439000 
1.439900 
1.440500 
1.442000 
1.442700 
1.443500 
1.444100 
1.444400 
1.445400 
1.445800 
1.446000 
1.446100 
1.447300 
1.447500 
1.448700 
1.449600 
1.450000 
1.450000 
1.450800 
1.451200 
1.451900 
1.453000 
1.453100 
1.453500 
1.454300 
1.454400 
1.454700 
1.457100 
1.457400 
1.457700 
1.458900 
1.459300 
1.459400 
1.460800 
1.461200 
1.461300 
1.461300 
1.461300 
1.462300 
1.462900 
1.463000 
1.464300 
1.466100 
1.466300 
1.466300 
1.467300 
1.467300 
1.467500 
1.467600 
1.467700 
1.467800 
1.468100 
1.468800 
1.469800 
1.469800 
1.470100 
1.470100 
1.470300 
1.470900 
1.471100 
1.471300 
1.471500 
1.471700 
1.472200 
1.472300 
1.472500 
1.473200 
1.473300 
1.473300 
1.473700 
1.473900 
1.473900 
1.474000 
1.474400 
1.474600 
1.476200 
1.477200 
1.477700 
1.477800 
1.477800 
1.478100 
1.479000 
1.479600 
1.480500 
1.480600 
1.481800 
1.482300 
1.482600 
1.483000 
1.483600 
1.484800 
1.486000 
1.486800 
1.487400 
1.487600 
1.489700 
1.490700 
1.491100 
1.491400 
1.491900 
1.493900 
1.494000 
1.495700 
1.495900 
1.496300 
1.496400 
1.496900 
1.497300 
1.498300 
1.498700 
1.498800 
1.499000 
1.500700 
1.502000 
1.502200 
1.503000 
1.503200 
1.503900 
1.503900 
1.504300 
1.504900 
1.506600 
1.507000 
1.507600 
1.507900 
1.509400 
1.509800 
1.510000 
1.511100 
1.511200 
1.511600 
1.512400 
1.513600 
1.513800 
1.514900 
1.515600 
1.516300 
1.516900 
1.517100 
1.517800 
1.518200 
1.518200 
1.518200 
1.518300 
1.518600 
1.519800 
1.520000 
1.521000 
1.521300 
1.521400 
1.521800 
1.521900 
1.523400 
1.523800 
1.524900 
1.525200 
1.525800 
1.526400 
1.526800 
1.527500 
1.527800 
1.528300 
1.528500 
1.529200 
1.529200 
1.529500 
1.529700 
1.530800 
1.531500 
1.532200 
1.532700 
1.533000 
1.533400 
1.534900 
1.535900 
1.535900 
1.536100 
1.536300 
1.538000 
1.538100 
1.538200 
1.538200 
1.538400 
1.542200 
1.543200 
1.543300 
1.543800 
1.544300 
1.545500 
1.545600 
1.546800 
1.547200 
1.548100 
1.548600 
1.548700 
1.550600 
1.551500 
1.552200 
1.553200 
1.553500 
1.555400 
1.555700 
1.557100 
1.557200 
1.558000 
1.558200 
1.558900 
1.559100 
1.559200 
1.561000 
1.561500 
1.561900 
1.562600 
1.562600 
1.563100 
1.565100 
1.565300 
1.566100 
1.568100 
1.568700 
1.571800 
1.572300 
1.572400 
1.573800 
1.574800 
1.575100 
1.577100 
1.577200 
1.577200 
1.579700 
1.579800 
1.580600 
1.580600 
1.581900 
1.582200 
1.582500 
1.582500 
1.582800 
1.582900 
1.583000 
1.583000 
1.583200 
1.583400 
1.584700 
1.585900 
1.586600 
1.586800 
1.587000 
1.587000 
1.587700 
1.588300 
1.588700 
1.590800 
1.591000 
1.591600 
1.591600 
1.591700 
1.592900 
1.593500 
1.594500 
1.596300 
1.599500 
1.599800 
1.600100 
1.600300 
1.600900 
1.601600 
1.602000 
1.602300 
1.602700 
1.603700 
1.603800 
1.604400 
1.605300 
1.605700 
1.606500 
1.606600 
1.607100 
1.607700 
1.609500 
1.609600 
1.609900 
1.611100 
1.611500 
1.612000 
1.612700 
1.612900 
1.613000 
1.613300 
1.613400 
1.613900 
1.613900 
1.614400 
1.616700 
1.618700 
1.619600 
1.619900 
1.621000 
1.621600 
1.622000 
1.622400 
1.622700 
1.622800 
1.623400 
1.623500 
1.624300 
1.625200 
1.625500 
1.626200 
1.626500 
1.627000 
1.627700 
1.627900 
1.628100 
1.628300 
1.628600 
1.628700 
1.628900 
1.629000 
1.629400 
1.629600 
1.630300 
1.630700 
1.631800 
1.632000 
1.632300 
1.632600 
1.632800 
1.633400 
1.634000 
1.634900 
1.635200 
1.635300 
1.635700 
1.635800 
1.636600 
1.636700 
1.636900 
1.637500 
1.637700 
1.638100 
1.638200 
1.638200 
1.638300 
1.639900 
1.641200 
1.641200 
1.642000 
1.643500 
1.645100 
1.645600 
1.645800 
1.645900 
1.646300 
1.646400 
1.646500 
1.647900 
1.648100 
1.648200 
1.649700 
1.649800 
1.650800 
1.650900 
1.651200 
1.651900 
1.652300 
1.653200 
1.654200 
1.654700 
1.655400 
1.655700 
1.656700 
1.657800 
1.658300 
1.659600 
1.660600 
1.661400 
1.661600 
1.662600 
1.662800 
1.663200 
1.663900 
1.664600 
1.664700 
1.664800 
1.664800 
1.665100 
1.665400 
1.665400 
1.665600 
1.665600 
1.666200 
1.666200 
1.666900 
1.669400 
1.669500 
1.670800 
1.671400 
1.671500 
1.671900 
1.673400 
1.674100 
1.674200 
1.675300 
1.677300 
1.677700 
1.678100 
1.678500 
1.678600 
1.678700 
1.679500 
1.680200 
1.681700 
1.682300 
1.683000 
1.683400 
1.684900 
1.686000 
1.686400 
1.688600 
1.688800 
1.689200 
1.690200 
1.690400 
1.691700 
1.691900 
1.692200 
1.692500 
1.693700 
1.693900 
1.694000 
1.694300 
1.695700 
1.696500 
1.696700 
1.697000 
1.698400 
1.698600 
1.699100 
1.701100 
1.701400 
1.701500 
1.701600 
1.701900 
1.702000 
1.702600 
1.703600 
1.703600 
1.704200 
1.704400 
1.705000 
1.705300 
1.705500 
1.706100 
1.706100 
1.707100 
1.710400 
1.710900 
1.712100 
1.712500 
1.712800 
1.713500 
1.714400 
1.714700 
1.714900 
1.715600 
1.716300 
1.716800 
1.716800 
1.717000 
1.717400 
1.717700 
1.717700 
1.720700 
1.720900 
1.720900 
1.721800 
1.722400 
1.725200 
1.725600 
1.728800 
1.730600 
1.731700 
1.732300 
1.732400 
1.732600 
1.733800 
1.734400 
1.734400 
1.734700 
1.734900 
1.735600 
1.735800 
1.736200 
1.736700 
1.736700 
1.738600 
1.739400 
1.739500 
1.739800 
1.740600 
1.740800 
1.741300 
1.741300 
1.741400 
1.741500 
1.742100 
1.742400 
1.742400 
1.742800 
1.742800 
1.742900 
1.743800 
1.745200 
1.749100 
1.749600 
1.750500 
1.750600 
1.750800 
1.751200 
1.752300 
1.752800 
1.752900 
1.753300 
1.753400 
1.753800 
1.754000 
1.755200 
1.756000 
1.757500 
1.757600 
1.758800 
1.759700 
1.759800 
1.760700 
1.761500 
1.761600 
1.761600 
1.762300 
1.762700 
1.763800 
1.764200 
1.765400 
1.767200 
1.768100 
1.769000 
1.770000 
1.770300 
1.771100 
1.772600 
1.772900 
1.773400 
1.774000 
1.775100 
1.775500 
1.775900 
1.776100 
1.777000 
1.777800 
1.778000 
1.778400 
1.782100 
1.783500 
1.784000 
1.784000 
1.784400 
1.785000 
1.785100 
1.785300 
1.785500 
1.785700 
1.785700 
1.785800 
1.786000 
1.786300 
1.786600 
1.787200 
1.787300 
1.788400 
1.789400 
1.790400 
1.790900 
1.791900 
1.791900 
1.792800 
1.793200 
1.793500 
1.794600 
1.795500 
1.795700 
1.796200 
1.797000 
1.800400 
1.800900 
1.802000 
1.802900 
1.802900 
1.804200 
1.805200 
1.805400 
1.806400 
1.806600 
1.807200 
1.808300 
1.808700 
1.809200 
1.809900 
1.809900 
1.810100 
1.810500 
1.812100 
1.812600 
1.812900 
1.815600 
1.817700 
1.818400 
1.819200 
1.819500 
1.819600 
1.819700 
1.819800 
1.819900 
1.820200 
1.820700 
1.821100 
1.821200 
1.821900 
1.822000 
1.822200 
1.822500 
1.823200 
1.823800 
1.824200 
1.824600 
1.825400 
1.825500 
1.825800 
1.826600 
1.826800 
1.828300 
1.828400 
1.829100 
1.830100 
1.831200 
1.831500 
1.832000 
1.832200 
1.833300 
1.833700 
1.834400 
1.834700 
1.835400 
1.836000 
1.836000 
1.836500 
1.836700 
1.837800 
1.838400 
1.838400 
1.840100 
1.840700 
1.841100 
1.843600 
1.844900 
1.845700 
1.846600 
1.847400 
1.847500 
1.847800 
1.848400 
1.848700 
1.848800 
1.850500 
1.850600 
1.851900 
1.852300 
1.852500 
1.853400 
1.854600 
1.855500 
1.855900 
1.858400 
1.860400 
1.860800 
1.861500 
1.861800 
1.862100 
1.862900 
1.862900 
1.863200 
1.865000 
1.866100 
1.867700 
1.868100 
1.868900 
1.869800 
1.870200 
1.870500 
1.870900 
1.872700 
1.873800 
1.874300 
1.877100 
1.877200 
1.877500 
1.877500 
1.878300 
1.879600 
1.881100 
1.881700 
1.882400 
1.882500 
1.882600 
1.882900 
1.883100 
1.883600 
1.884000 
1.885700 
1.886700 
1.887500 
1.889600 
1.889700 
1.890100 
1.890700 
1.891800 
1.891900 
1.892400 
1.892600 
1.892800 
1.893000 
1.893900 
1.895300 
1.896200 
1.896600 
1.896800 
1.896800 
1.897000 
1.897500 
1.898600 
1.898700 
1.900700 
1.901800 
1.901800 
1.902000 
1.903500 
1.904100 
1.904200 
1.905200 
1.905900 
1.906000 
1.906400 
1.907700 
1.908900 
1.909100 
1.913300 
1.914900 
1.916000 
1.916500 
1.916700 
1.917700 
1.917900 
1.919000 
1.919200 
1.919300 
1.921400 
1.921700 
1.923900 
1.924700 
1.926500 
1.928600 
1.929000 
1.930500 
1.931400 
1.931700 
1.935300 
1.936600 
1.938000 
1.938600 
1.939400 
1.941000 
1.941100 
1.941600 
1.942000 
1.942100 
1.943100 
1.944900 
1.945000 
1.945200 
1.945500 
1.946000 
1.947300 
1.948700 
1.950400 
1.950600 
1.950600 
1.952200 
1.952700 
1.953000 
1.953000 
1.956800 
1.957700 
1.958300 
1.958500 
1.958800 
1.959500 
1.960800 
1.962300 
1.962400 
1.963100 
1.963400 
1.963800 
1.963900 
1.964600 
1.966500 
1.967700 
1.968100 
1.968800 
1.969000 
1.969200 
1.969300 
1.969400 
1.969900 
1.970000 
1.970200 
1.970500 
1.970700 
1.971700 
1.972500 
1.972800 
1.973700 
1.973900 
1.975100 
1.975200 
1.975400 
1.976000 
1.976100 
1.976900 
1.977200 
1.977400 
1.978600 
1.979700 
1.980000 
1.980500 
1.980600 
1.980800 
1.981300 
1.982600 
1.982700 
1.983500 
1.983600 
1.984500 
1.984700 
1.986600 
1.987900 
1.988300 
1.988300 
1.988300 
1.988700 
1.989500 
1.990000 
1.990400 
1.991800 
1.992000 
1.992100 
1.992600 
1.992700 
1.992700 
1.993300 
1.993700 
1.993900 
1.994100 
1.994700 
1.995400 
1.997700 
1.998100 
1.998500 
1.999800 
1.999800 
1.999900 
1.999900 
2.000700 
2.000900 
2.003900 
2.004000 
2.004200 
2.004500 
2.006400 
2.007200 
2.007400 
2.007600 
2.008300 
2.008300 
2.008700 
2.010900 
2.011000 
2.011500 
2.012000 
2.012100 
2.012700 
2.012900 
2.013000 
2.013100 
2.014200 
2.015800 
2.017900 
2.018200 
2.018700 
2.019500 
2.020000 
2.020200 
2.020300 
2.021200 
2.021400 
2.022600 
2.023200 
2.025000 
2.026100 
2.027100 
2.028000 
2.028000 
2.028300 
2.028800 
2.029400 
2.029900 
2.030100 
2.031300 
2.031700 
2.032000 
2.032900 
2.034100 
2.035900 
2.036400 
2.037400 
2.037800 
2.037800 
2.038000 
2.038100 
2.038200 
2.038200 
2.038400 
2.039000 
2.039400 
2.039800 
2.040800 
2.041300 
2.041900 
2.042600 
2.044000 
2.044600 
2.045200 
2.045200 
2.045800 
2.046200 
2.047000 
2.048500 
2.049600 
2.050900 
2.051500 
2.051700 
2.052700 
2.052700 
2.053300 
2.053400 
2.054100 
2.054100 
2.054700 
2.055100 
2.055200 
2.055200 
2.055600 
2.057700 
2.059500 
2.060400 
2.061100 
2.061900 
2.062000 
2.064800 
2.065300 
2.065600 
2.069000 
2.069400 
2.069800 
2.070600 
2.070700 
2.071000 
2.071600 
2.072600 
2.073200 
2.073900 
2.074500 
2.076100 
2.076500 
2.076900 
2.078900 
2.079900 
2.081700 
2.081900 
2.082200 
2.085900 
2.087400 
2.088200 
2.088200 
2.088800 
2.090100 
2.090200 
2.091200 
2.091400 
2.092400 
2.092600 
2.094200 
2.094600 
2.094600 
2.094900 
2.095200 
2.095400 
2.096700 
2.097500 
2.097800 
2.097900 
2.098000 
2.098000 
2.098200 
2.099100 
2.099200 
2.099800 
2.100800 
2.101800 
2.102800 
2.104100 
2.105700 
2.106400 
2.106800 
2.106900 
2.107000 
2.107400 
2.107900 
2.108500 
2.108800 
2.108800 
2.108900 
2.109900 
2.109900 
2.110100 
2.112200 
2.112600 
2.113200 
2.113200 
2.113700 
2.115300 
2.115700 
2.116600 
2.118300 
2.118700 
2.121300 
2.122300 
2.122600 
2.122800 
2.123300 
2.124500 
2.124900 
2.126800 
2.127200 
2.129200 
2.129500 
2.130100 
2.131000 
2.133100 
2.134200 
2.135600 
2.136900 
2.137200 
2.138200 
2.138700 
2.139600 
2.140300 
2.140600 
2.141300 
2.141800 
2.142000 
2.142200 
2.142200 
2.142800 
2.144600 
2.144700 
2.145200 
2.145300 
2.145500 
2.145900 
2.146800 
2.147100 
2.147700 
2.149600 
2.150300 
2.150800 
2.151600 
2.151900 
2.152500 
2.152700 
2.153300 
2.153700 
2.154500 
2.155300 
2.156800 
2.156900 
2.158200 
2.158400 
2.158700 
2.158900 
2.160900 
2.161300 
2.162100 
2.162400 
2.163400 
2.163700 
2.163800 
2.163900 
2.164000 
2.166000 
2.166600 
2.169200 
2.169700 
2.170000 
2.170100 
2.171200 
2.171700 
2.172000 
2.173000 
2.173700 
2.178200 
2.178600 
2.179200 
2.179700 
2.180300 
2.180800 
2.180900 
2.181100 
2.182200 
2.184100 
2.184800 
2.184900 
2.185500 
2.188600 
2.191100 
2.191300 
2.191700 
2.192100 
2.192300 
2.192300 
2.195600 
2.196200 
2.198200 
2.199300 
2.201000 
2.201300 
2.201700 
2.201900 
2.203100 
2.203700 
2.203800 
2.205700 
2.205700 
2.207200 
2.208600 
2.208600 
2.208800 
2.209500 
2.209500 
2.209800 
2.210000 
2.211000 
2.214200 
2.215000 
2.216600 
2.218800 
2.219100 
2.219100 
2.219600 
2.220000 
2.220300 
2.220700 
2.220900 
2.221900 
2.222300 
2.225000 
2.225600 
2.226100 
2.226200 
2.227600 
2.227600 
2.229000 
2.229200 
2.229300 
2.229700 
2.230100 
2.230400 
2.231300 
2.231400 
2.232300 
2.232500 
2.232800 
2.233600 
2.234000 
2.234200 
2.234400 
2.234600 
2.234800 
2.235400 
2.235700 
2.235900 
2.236200 
2.238200 
2.239200 
2.239700 
2.240200 
2.240500 
2.241100 
2.242400 
2.242600 
2.243100 
2.243200 
2.245700 
2.246200 
2.246300 
2.246500 
2.246800 
2.247200 
2.247800 
2.247900 
2.248100 
2.250100 
2.250500 
2.251900 
2.252700 
2.253800 
2.255100 
2.255400 
2.256000 
2.256500 
2.257200 
2.257800 
2.257800 
2.258400 
2.258400 
2.258800 
2.259200 
2.259800 
2.260000 
2.260200 
2.260300 
2.260800 
2.261600 
2.261600 
2.262300 
2.264600 
2.265500 
2.266600 
2.267200 
2.267500 
2.268500 
2.268600 
2.269500 
2.270100 
2.270700 
2.271400 
2.272100 
2.272500 
2.273200 
2.273700 
2.275400 
2.276400 
2.276600 
2.276700 
2.277500 
2.278500 
2.278700 
2.280500 
2.281300 
2.281800 
2.282000 
2.282100 
2.282800 
2.283700 
2.283800 
2.285400 
2.287100 
2.288500 
2.289800 
2.290600 
2.290800 
2.291100 
2.292900 
2.293500 
2.294600 
2.295100 
2.297900 
2.297900 
2.298800 
2.298800 
2.298800 
2.299100 
2.300300 
2.300600 
2.300900 
2.301100 
2.301300 
2.303000 
2.303400 
2.303400 
2.303600 
2.304300 
2.304700 
2.304800 
2.306500 
2.306800 
2.306800 
2.307500 
2.308500 
2.308700 
2.309000 
2.309000 
2.309600 
2.312500 
2.312600 
2.312700 
2.313200 
2.314900 
2.315200 
2.315300 
2.316300 
2.316500 
2.318100 
2.319000 
2.319300 
2.319800 
2.320700 
2.322000 
2.322400 
2.322600 
2.322600 
2.323100 
2.323200 
2.324500 
2.324900 
2.325600 
2.327700 
2.327700 
2.327700 
2.327900 
2.329000 
2.329500 
2.329500 
2.329500 
2.331000 
2.331900 
2.333300 
2.334200 
2.335500 
2.335500 
2.336900 
2.337100 
2.337900 
2.338400 
2.338800 
2.339000 
2.339700 
2.340100 
2.341900 
2.343200 
2.343600 
2.343900 
2.345200 
2.345200 
2.345500 
2.346600 
2.346900 
2.347100 
2.347600 
2.348800 
2.349300 
2.349600 
2.349900 
2.349900 
2.350300 
2.351100 
2.351600 
2.352700 
2.353300 
2.353400 
2.353800 
2.354900 
2.355600 
2.356200 
2.357500 
2.357700 
2.357900 
2.359300 
2.359800 
2.360200 
2.360300 
2.360500 
2.362100 
2.362400 
2.363000 
2.363100 
2.364400 
2.364700 
2.364800 
2.365100 
2.365100 
2.365500 
2.365500 
2.366000 
2.366200 
2.368200 
2.368300 
2.368300 
2.368400 
2.369800 
2.370600 
2.371900 
2.372200 
2.374600 
2.376200 
2.376300 
2.376800 
2.378400 
2.378700 
2.378900 
2.379500 
2.380600 
2.380800 
2.381700 
2.382600 
2.382800 
2.382800 
2.383400 
2.383800 
2.385000 
2.385200 
2.387100 
2.387400 
2.388300 
2.389200 
2.389300 
2.389800 
2.390300 
2.390600 
2.390800 
2.392300 
2.392400 
2.392500 
2.393900 
2.393900 
2.398600 
2.398600 
2.399600 
2.400100 
2.401200 
2.402100 
2.403100 
2.403900 
2.404100 
2.404400 
2.405800 
2.405900 
2.406400 
2.406400 
2.406400 
2.406500 
2.406900 
2.407300 
2.408000 
2.408300 
2.408800 
2.409900 
2.410000 
2.410700 
2.411700 
2.412600 
2.413900 
2.414700 
2.414800 
2.414900 
2.417100 
2.418000 
2.419300 
2.419900 
2.420100 
2.420200 
2.422200 
2.422600 
2.422600 
2.422900 
2.423200 
2.423900 
2.424100 
2.424200 
2.425400 
2.426300 
2.426600 
2.426900 
2.427000 
2.427300 
2.427600 
2.428400 
2.429600 
2.429600 
2.430000 
2.430200 
2.430200 
2.431900 
2.432300 
2.432500 
2.432800 
2.432900 
2.433000 
2.433300 
2.433500 
2.434300 
2.434700 
2.434900 
2.435200 
2.436600 
2.437500 
2.438200 
2.438500 
2.438700 
2.438800 
2.439400 
2.439700 
2.439900 
2.439900 
2.440000 
2.440800 
2.443600 
2.443800 
2.445200 
2.445300 
2.445400 
2.446000 
2.446200 
2.446200 
2.446300 
2.447000 
2.447700 
2.448200 
2.448600 
2.448700 
2.449000 
2.449900 
2.450900 
2.451000 
2.451100 
2.451400 
2.451600 
2.451800 
2.452600 
2.452700 
2.453200 
2.454000 
2.454400 
2.455100 
2.456300 
2.456400 
2.457300 
2.460000 
2.462200 
2.464200 
2.464700 
2.464900 
2.465200 
2.465700 
2.466700 
2.467400 
2.468900 
2.469100 
2.469200 
2.469800 
2.470900 
2.471800 
2.471900 
2.472400 
2.472400 
2.472500 
2.472600 
2.472600 
2.472700 
2.472800 
2.473800 
2.474200 
2.475000 
2.476700 
2.477100 
2.477300 
2.477300 
2.477400 
2.478200 
2.478300 
2.479500 
2.479600 
2.479700 
2.481800 
2.483500 
2.484200 
2.484200 
2.484900 
2.485200 
2.485500 
2.486000 
2.486300 
2.486700 
2.487700 
2.487700 
2.488200 
2.488500 
2.490500 
2.492500 
2.492800 
2.493100 
2.493600 
2.494000 
2.494100 
2.495200 
2.495400 
2.495600 
2.495800 
2.496800 
2.497700 
2.499100 
2.500800 
2.502500 
2.503000 
2.503600 
2.504400 
2.504500 
2.504600 
2.505400 
2.506700 
2.506800 
2.507000 
2.507000 
2.507500 
2.508400 
2.509100 
2.509300 
2.509500 
2.511700 
2.512100 
2.512200 
2.512700 
2.513600 
2.513600 
2.514600 
2.514700 
2.514800 
2.515600 
2.516300 
2.516300 
2.517000 
2.517700 
2.517900 
2.518200 
2.518700 
2.519000 
2.519100 
2.519300 
2.519600 
2.520900 
2.522000 
2.523000 
2.523100 
2.523600 
2.525400 
2.526100 
2.527300 
2.527600 
2.529500 
2.529900 
2.530100 
2.530400 
2.531900 
2.532000 
2.534100 
2.535800 
2.537000 
2.537200 
2.537400 
2.537500 
2.540300 
2.540400 
2.540800 
2.540800 
2.541400 
2.543900 
2.544300 
2.544400 
2.544800 
2.547000 
2.547200 
2.547500 
2.548000 
2.548400 
2.548600 
2.548700 
2.548800 
2.549000 
2.550100 
2.550300 
2.550400 
2.550500 
2.551100 
2.551400 
2.551900 
2.554000 
2.557500 
2.560300 
2.561400 
2.561600 
2.563000 
2.563400 
2.566100 
2.566200 
2.566700 
2.566800 
2.566900 
2.567100 
2.567500 
2.568200 
2.569500 
2.569800 
2.570500 
2.571800 
2.572500 
2.572600 
2.573800 
2.574000 
2.575000 
2.576600 
2.577400 
2.577500 
2.577900 
2.578100 
2.578400 
2.578800 
2.579100 
2.579300 
2.581600 
2.582400 
2.582800 
2.583200 
2.584600 
2.585400 
2.585400 
2.585700 
2.585800 
2.587300 
2.587400 
2.589400 
2.589400 
2.589700 
2.591000 
2.591300 
2.591500 
2.593400 
2.593600 
2.593600 
2.594400 
2.595400 
2.596000 
2.597300 
2.598000 
2.598000 
2.598300 
2.598400 
2.598700 
2.598900 
2.601700 
2.601900 
2.602500 
2.602700 
2.604100 
2.604200 
2.604200 
2.605600 
2.605800 
2.606000 
2.606000 
2.606400 
2.607000 
2.608100 
2.608100 
2.608900 
2.609400 
2.611500 
2.612500 
2.613200 
2.613600 
2.614400 
2.615000 
2.615400 
2.615400 
2.616800 
2.618300 
2.619500 
2.619800 
2.621100 
2.621800 
2.622000 
2.622100 
2.623100 
2.624000 
2.624400 
2.624700 
2.625000 
2.625800 
2.627300 
2.628300 
2.629800 
2.631800 
2.632300 
2.633800 
2.633900 
2.634400 
2.634600 
2.635100 
2.635300 
2.635800 
2.636100 
2.636600 
2.640300 
2.641300 
2.641600 
2.641800 
2.643400 
2.643700 
2.645000 
2.645800 
2.645900 
2.646000 
2.646500 
2.646700 
2.647000 
2.647100 
2.647300 
2.647600 
2.648400 
2.649200 
2.649800 
2.652900 
2.653100 
2.654600 
2.655000 
2.655500 
2.655600 
2.656200 
2.656500 
2.656700 
2.657000 
2.657300 
2.657600 
2.658100 
2.658200 
2.658300 
2.659300 
2.659500 
2.660300 
2.661100 
2.661300 
2.663800 
2.664600 
2.665900 
2.666800 
2.666900 
2.667300 
2.667300 
2.670000 
2.670500 
2.670600 
2.672600 
2.672700 
2.673800 
2.673800 
2.674300 
2.674600 
2.675000 
2.675100 
2.675200 
2.675300 
2.675900 
2.676000 
2.677100 
2.678000 
2.678300 
2.678500 
2.678600 
2.679400 
2.679700 
2.680700 
2.681000 
2.681900 
2.682800 
2.683000 
2.684000 
2.684200 
2.685700 
2.685800 
2.685800 
2.686000 
2.686100 
2.688000 
2.688500 
2.689400 
2.690500 
2.690500 
2.690600 
2.690600 
2.690900 
2.691400 
2.691400 
2.692200 
2.693700 
2.693700 
2.694000 
2.695500 
2.696000 
2.697000 
2.698100 
2.698500 
2.699000 
2.699900 
2.700500 
2.701200 
2.701900 
2.703400 
2.705000 
2.705600 
2.707200 
2.708700 
2.709500 
2.709900 
2.710000 
2.710000 
2.712300 
2.712400 
2.713900 
2.713900 
2.714000 
2.714600 
2.714700 
2.714800 
2.714900 
2.715800 
2.716600 
2.717500 
2.718000 
2.720200 
2.721200 
2.721700 
2.721900 
2.722300 
2.723000 
2.723000 
2.723400 
2.723700 
2.723700 
2.723900 
2.724700 
2.725200 
2.725400 
2.727500 
2.729500 
2.731300 
2.732000 
2.733800 
2.733900 
2.734900 
2.734900 
2.735400 
2.740400 
2.740500 
2.740900 
2.741200 
2.741700 
2.744100 
2.745100 
2.746000 
2.747200 
2.748700 
2.749300 
2.750000 
2.751000 
2.752500 
2.753000 
2.753100 
2.753300 
2.754900 
2.757100 
2.757200 
2.759100 
2.759200 
2.760500 
2.761200 
2.761300 
2.761300 
2.761800 
2.761900 
2.762800 
2.762800 
2.763400 
2.763900 
2.764000 
2.764500 
2.765100 
2.765900 
2.766000 
2.767300 
2.767800 
2.768000 
2.768000 
2.768200 
2.768200 
2.768200 
2.768400 
2.768600 
2.768800 
2.769500 
2.769500 
2.770800 
2.771700 
2.772000 
2.772200 
2.772700 
2.772900 
2.773000 
2.773100 
2.773900 
2.776100 
2.776300 
2.776800 
2.777000 
2.777200 
2.777500 
2.779900 
2.779900 
2.780700 
2.781400 
2.781600 
2.782300 
2.782700 
2.783100 
2.783200 
2.784100 
2.784200 
2.786500 
2.786700 
2.787100 
2.787600 
2.788000 
2.790300 
2.790700 
2.791100 
2.791800 
2.792000 
2.792000 
2.792200 
2.792400 
2.793200 
2.794100 
2.794300 
2.795400 
2.795800 
2.797500 
2.797800 
2.798100 
2.799300 
2.800900 
2.801000 
2.801100 
2.802000 
2.802400 
2.803100 
2.803500 
2.805400 
2.806000 
2.806200 
2.806900 
2.807000 
2.808600 
2.808800 
2.809200 
2.809500 
2.809500 
2.809900 
2.810200 
2.810900 
2.812400 
2.812600 
2.813100 
2.813600 
2.814300 
2.814300 
2.816000 
2.816200 
2.816500 
2.816900 
2.819100 
2.820500 
2.820600 
2.821300 
2.821400 
2.822400 
2.822800 
2.824200 
2.824600 
2.824800 
2.825000 
2.825500 
2.826700 
2.826900 
2.827600 
2.827800 
2.829600 
2.829700 
2.830200 
2.830500 
2.830600 
2.830900 
2.832800 
2.834400 
2.834600 
2.835200 
2.836000 
2.837200 
2.838000 
2.839100 
2.839700 
2.841300 
2.841300 
2.841500 
2.841800 
2.842100 
2.842600 
2.843400 
2.844600 
2.845400 
2.845600 
2.845900 
2.846700 
2.847400 
2.847700 
2.849400 
2.849500 
2.852700 
2.853200 
2.853800 
2.853900 
2.854200 
2.854400 
2.854900 
2.855200 
2.856200 
2.856700 
2.856800 
2.857400 
2.858400 
2.860600 
2.861100 
2.862200 
2.863800 
2.864000 
2.865300 
2.865400 
2.866200 
2.866300 
2.867300 
2.868900 
2.869200 
2.869300 
2.869900 
2.870200 
2.870800 
2.872100 
2.873600 
2.873700 
2.873900 
2.874300 
2.874400 
2.875100 
2.875100 
2.876900 
2.877700 
2.878200 
2.878500 
2.880500 
2.881800 
2.882800 
2.883200 
2.883300 
2.884100 
2.884200 
2.884500 
2.885700 
2.885800 
2.886000 
2.886400 
2.887000 
2.887300 
2.888200 
2.888600 
2.888800 
2.889400 
2.891500 
2.891900 
2.892700 
2.892900 
2.892900 
2.893100 
2.893700 
2.893700 
2.894300 
2.895100 
2.896500 
2.896600 
2.896800 
2.897500 
2.898000 
2.898800 
2.898900 
2.900000 
2.900400 
2.901000 
2.901100 
2.901600 
2.903900 
2.904500 
2.905400 
2.907600 
2.908500 
2.908700 
2.908700 
2.909200 
2.909300 
2.909400 
2.910100 
2.911000 
2.912100 
2.913200 
2.913300 
2.913900 
2.914900 
2.917100 
2.918000 
2.918100 
2.918600 
2.919000 
2.919200 
2.921200 
2.922000 
2.922800 
2.923400 
2.924000 
2.924400 
2.926000 
2.926400 
2.926800 
2.927400 
2.927700 
2.927900 
2.928200 
2.929100 
2.931400 
2.931900 
2.932100 
2.932600 
2.932800 
2.933800 
2.934900 
2.935600 
2.935800 
2.935900 
2.936400 
2.936400 
2.936800 
2.937600 
2.937600 
2.937700 
2.939300 
2.939600 
2.939900 
2.940100 
2.940400 
2.942800 
2.942900 
2.943000 
2.943900 
2.944900 
2.945200 
2.947000 
2.947200 
2.950000 
2.950100 
2.950600 
2.950900 
2.951200 
2.951200 
2.951400 
2.952000 
2.952600 
2.952800 
2.956600 
2.956900 
2.959300 
2.959900 
2.960200 
2.960800 
2.960900 
2.963600 
2.965800 
2.966900 
2.967500 
2.967700 
2.968300 
2.968700 
2.968800 
2.969300 
2.969700 
2.970300 
2.971600 
2.972000 
2.972000 
2.972100 
2.972300 
2.974100 
2.974700 
2.974800 
2.976000 
2.977900 
2.978100 
2.979300 
2.979400 
2.981600 
2.982000 
2.982400 
2.983200 
2.983500 
2.983600 
2.985100 
2.991100 
2.992200 
2.994500 
2.995800 
2.997600 
2.997900 
2.998500 
2.999500 
2.999600 
3.000200 
3.000600 
3.001300 
3.001500 
3.001600 
3.002200 
3.003400 
3.004100 
3.004800 
3.005000 
3.005300 
3.006600 
3.007700 
3.008600 
3.009000 
3.009100 
3.009600 
3.009700 
3.010000 
3.010800 
3.010900 
3.012200 
3.013900 
3.014200 
3.014300 
3.014500 
3.014600 
3.015400 
3.019900 
3.021400 
3.022000 
3.022100 
3.022300 
3.022400 
3.022500 
3.024600 
3.024700 
3.025100 
3.025200 
3.027300 
3.027400 
3.027500 
3.027600 
3.027900 
3.028000 
3.028400 
3.029500 
3.029700 
3.029900 
3.031500 
3.031700 
3.031900 
3.033200 
3.033600 
3.034700 
3.034900 
3.037200 
3.037500 
3.037700 
3.038100 
3.038900 
3.039200 
3.039200 
3.039800 
3.040600 
3.040800 
3.041000 
3.042100 
3.042500 
3.043500 
3.043700 
3.044700 
3.044800 
3.044900 
3.044900 
3.045700 
3.046500 
3.046500 
3.046600 
3.046600 
3.046700 
3.046900 
3.047300 
3.048000 
3.048000 
3.050800 
3.051600 
3.051700 
3.053500 
3.054000 
3.054700 
3.054800 
3.055000 
3.057600 
3.057800 
3.057900 
3.060100 
3.060500 
3.060700 
3.060900 
3.061400 
3.064800 
3.065200 
3.066400 
3.067400 
3.068000 
3.068900 
3.069000 
3.070200 
3.070400 
3.070800 
3.070900 
3.071800 
3.072300 
3.072400 
3.072700 
3.073200 
3.075000 
3.075500 
3.075500 
3.075800 
3.076800 
3.076900 
3.077200 
3.077900 
3.078400 
3.079300 
3.079900 
3.080100 
3.080500 
3.080900 
3.081500 
3.081600 
3.081600 
3.082000 
3.082600 
3.083700 
3.083800 
3.085800 
3.086000 
3.086100 
3.086600 
3.086900 
3.088300 
3.089400 
3.089900 
3.091100 
3.092200 
3.092900 
3.092900 
3.093000 
3.094300 
3.095400 
3.097200 
3.098100 
3.099300 
3.099400 
3.099700 
3.101200 
3.101600 
3.102300 
3.102400 
3.102400 
3.103400 
3.103600 
3.103800 
3.106000 
3.107200 
3.107600 
3.107800 
3.107900 
3.109000 
3.109600 
3.110000 
3.110200 
3.111500 
3.111600 
3.113800 
3.115100 
3.116300 
3.116300 
3.116600 
3.116700 
3.116700 
3.117000 
3.117100 
3.117300 
3.117300 
3.118000 
3.118600 
3.119000 
3.119600 
3.119900 
3.120000 
3.120500 
3.121800 
3.121900 
3.124700 
3.125300 
3.125800 
3.125900 
3.126400 
3.126600 
3.126600 
3.126800 
3.127100 
3.127300 
3.127600 
3.128200 
3.129400 
3.129400 
3.129900 
3.131100 
3.131700 
3.131900 
3.132300 
3.132400 
3.134100 
3.134200 
3.134400 
3.135500 
3.135600 
3.136000 
3.138200 
3.138600 
3.139100 
3.139700 
3.140700 
3.141100 
3.141500 
3.143600 
3.143600 
3.143700 
3.145400 
3.146100 
3.146600 
3.146700 
3.147800 
3.148600 
3.149200 
3.149300 
3.151400 
3.151600 
3.153800 
3.154100 
3.154200 
3.154700 
3.155400 
3.155900 
3.156500 
3.157400 
3.157700 
3.158100 
3.158200 
3.158300 
3.158400 
3.158600 
3.159900 
3.160600 
3.160900 
3.162200 
3.163400 
3.163700 
3.164200 
3.165200 
3.165900 
3.166200 
3.169200 
3.170000 
3.170200 
3.170900 
3.171900 
3.172000 
3.172200 
3.172500 
3.172500 
3.174600 
3.174600 
3.174900 
3.175300 
3.175900 
3.177300 
3.177400 
3.177500 
3.177500 
3.178300 
3.178700 
3.179000 
3.180700 
3.181200 
3.182700 
3.183600 
3.183700 
3.183800 
3.184200 
3.185100 
3.185200 
3.186100 
3.187900 
3.188100 
3.189300 
3.189800 
3.190500 
3.191000 
3.191500 
3.192700 
3.193200 
3.193500 
3.194200 
3.195400 
3.195500 
3.196100 
3.197100 
3.198000 
3.198400 
3.198400 
3.199100 
3.200100 
3.200100 
3.200200 
3.200300 
3.201200 
3.202500 
3.203000 
3.204000 
3.204200 
3.204400 
3.206200 
3.206600 
3.207200 
3.207500 
3.210200 
3.212100 
3.212200 
3.213100 
3.213500 
3.215100 
3.216100 
3.216200 
3.217700 
3.219200 
3.219700 
3.219800 
3.220200 
3.222100 
3.222600 
3.225200 
3.227500 
3.228500 
3.228500 
3.230200 
3.231100 
3.232100 
3.232600 
3.236000 
3.236400 
3.236700 
3.237000 
3.239800 
3.240100 
3.240500 
3.241200 
3.241400 
3.243000 
3.243700 
3.245000 
3.245200 
3.246700 
3.246800 
3.247500 
3.248500 
3.248500 
3.249900 
3.250000 
3.250100 
3.253200 
3.253700 
3.254700 
3.255200 
3.255400 
3.255600 
3.255600 
3.256100 
3.256600 
3.257700 
3.258200 
3.258900 
3.259300 
3.259600 
3.260000 
3.263000 
3.263600 
3.264300 
3.264500 
3.265300 
3.265800 
3.265800 
3.267100 
3.267500 
3.268700 
3.269600 
3.271700 
3.273000 
3.273500 
3.274100 
3.274200 
3.275300 
3.275600 
3.277000 
3.277200 
3.277400 
3.277400 
3.277500 
3.279100 
3.279700 
3.279700 
3.279900 
3.280500 
3.281400 
3.282100 
3.282300 
3.282500 
3.285800 
3.286400 
3.287700 
3.288200 
3.290000 
3.291400 
3.291700 
3.292800 
3.293000 
3.294500 
3.294900 
3.296700 
3.296700 
3.296900 
3.298000 
3.298000 
3.298000 
3.298200 
3.300500 
3.300700 
3.301500 
3.301900 
3.302700 
3.304100 
3.304100 
3.305100 
3.306100 
3.306100 
3.306500 
3.308400 
3.309800 
3.311600 
3.312800 
3.313400 
3.313500 
3.313700 
3.313800 
3.314400 
3.314600 
3.314800 
3.315000 
3.315700 
3.315900 
3.316300 
3.316900 
3.318700 
3.318800 
3.318900 
3.320700 
3.321200 
3.321900 
3.322000 
3.322600 
3.323400 
3.323900 
3.324200 
3.324900 
3.326400 
3.327100 
3.327200 
3.327300 
3.327800 
3.329700 
3.330800 
3.331100 
3.331700 
3.334100 
3.334200 
3.334900 
3.335400 
3.335400 
3.335900 
3.337000 
3.337500 
3.337800 
3.340200 
3.343300 
3.343700 
3.343800 
3.344500 
3.344800 
3.344800 
3.345300 
3.345500 
3.347000 
3.347300 
3.347500 
3.348400 
3.349600 
3.349600 
3.350400 
3.350800 
3.351500 
3.352000 
3.353200 
3.354000 
3.354400 
3.354600 
3.355200 
3.355800 
3.355900 
3.356600 
3.356600 
3.356900 
3.357300 
3.357900 
3.358100 
3.358900 
3.359700 
3.359800 
3.359900 
3.360000 
3.360200 
3.361100 
3.361200 
3.362400 
3.362400 
3.362800 
3.363100 
3.365000 
3.365300 
3.365400 
3.365400 
3.365500 
3.365700 
3.367500 
3.367700 
3.368900 
3.369700 
3.370000 
3.371400 
3.371700 
3.372000 
3.372800 
3.373200 
3.374100 
3.374900 
3.375100 
3.375300 
3.375400 
3.375800 
3.376900 
3.377900 
3.378500 
3.379000 
3.380100 
3.380600 
3.381100 
3.381300 
3.381800 
3.383100 
3.383400 
3.383600 
3.384200 
3.384400 
3.385000 
3.386200 
3.387000 
3.387600 
3.388000 
3.388700 
3.389800 
3.390900 
3.392700 
3.392700 
3.392800 
3.393000 
3.394000 
3.394500 
3.396500 
3.398600 
3.399100 
3.401000 
3.402300 
3.403400 
3.404200 
3.404200 
3.405300 
3.406100 
3.406100 
3.406600 
3.406900 
3.407000 
3.407200 
3.408300 
3.409300 
3.411500 
3.413700 
3.414800 
3.415700 
3.417200 
3.417300 
3.418400 
3.418500 
3.419200 
3.420700 
3.421500 
3.423200 
3.424200 
3.425300 
3.425600 
3.425600 
3.426300 
3.426600 
3.426600 
3.428200 
3.428300 
3.428700 
3.428700 
3.429800 
3.430200 
3.433400 
3.433400 
3.434200 
3.434600 
3.434700 
3.434900 
3.435000 
3.435500 
3.435800 
3.436200 
3.436600 
3.438100 
3.438400 
3.438700 
3.438800 
3.439400 
3.439800 
3.440000 
3.440900 
3.441100 
3.441100 
3.441500 
3.442300 
3.444800 
3.445600 
3.446200 
3.446200 
3.448600 
3.448700 
3.449500 
3.450000 
3.450400 
3.450900 
3.451100 
3.451400 
3.451600 
3.451600 
3.452400 
3.453100 
3.453300 
3.453900 
3.455700 
3.455700 
3.456100 
3.456900 
3.457500 
3.457700 
3.458500 
3.459500 
3.462300 
3.462300 
3.464800 
3.465700 
3.466800 
3.466900 
3.468200 
3.470100 
3.470400 
3.470600 
3.471000 
3.471000 
3.471600 
3.471900 
3.472800 
3.474200 
3.475600 
3.475800 
3.476500 
3.476800 
3.477800 
3.478000 
3.479200 
3.479600 
3.479800 
3.479900 
3.480000 
3.481600 
3.482600 
3.483700 
3.487300 
3.488200 
3.490500 
3.490800 
3.491100 
3.493300 
3.493800 
3.493900 
3.495200 
3.496400 
3.496500 
3.497000 
3.497800 
3.498700 
3.501000 
3.501100 
3.502300 
3.502400 
3.502700 
3.503100 
3.504900 
3.506400 
3.506500 
3.507300 
3.507600 
3.509500 
3.510400 
3.510400 
3.511600 
3.511700 
3.513900 
3.514000 
3.514800 
3.515700 
3.515800 
3.517600 
3.517800 
3.519900 
3.520200 
3.520500 
3.521100 
3.522100 
3.523000 
3.525000 
3.526500 
3.526700 
3.527200 
3.527300 
3.528400 
3.529400 
3.529500 
3.530300 
3.530400 
3.531300 
3.531300 
3.531400 
3.532400 
3.533200 
3.533400 
3.533600 
3.535400 
3.535500 
3.536000 
3.536300 
3.536500 
3.537900 
3.538400 
3.540300 
3.542200 
3.543200 
3.544100 
3.544600 
3.545800 
3.546100 
3.546600 
3.546900 
3.547700 
3.549600 
3.551400 
3.552200 
3.552800 
3.552800 
3.553000 
3.553400 
3.553500 
3.554100 
3.554100 
3.554500 
3.554900 
3.555300 
3.555700 
3.557500 
3.558100 
3.558300 
3.558700 
3.559300 
3.559700 
3.560300 
3.561000 
3.561000 
3.562300 
3.562600 
3.565500 
3.565600 
3.565600 
3.567300 
3.568100 
3.569700 
3.569900 
3.570300 
3.571100 
3.572300 
3.572900 
3.573000 
3.575100 
3.575200 
3.575600 
3.576100 
3.576200 
3.577100 
3.577600 
3.577700 
3.578700 
3.579400 
3.579700 
3.579800 
3.581000 
3.581300 
3.581400 
3.581500 
3.581600 
3.582500 
3.583500 
3.584100 
3.585800 
3.585900 
3.586400 
3.587200 
3.587500 
3.589100 
3.589300 
3.590500 
3.590900 
3.592500 
3.593100 
3.594900 
3.596100 
3.596300 
3.597600 
3.597700 
3.598100 
3.599000 
3.599600 
3.599700 
3.599900 
3.600000 
3.600100 
3.600300 
3.600300 
3.600800 
3.600900 
3.601600 
3.602000 
3.602200 
3.602800 
3.603900 
3.604300 
3.604700 
3.604900 
3.605600 
3.608100 
3.608800 
3.609800 
3.609900 
3.613400 
3.613500 
3.613500 
3.614200 
3.614500 
3.614600 
3.614800 
3.615900 
3.616300 
3.616400 
3.617300 
3.617800 
3.618100 
3.618400 
3.618800 
3.619700 
3.620000 
3.620100 
3.620500 
3.620700 
3.621800 
3.621900 
3.623900 
3.624100 
3.625100 
3.626400 
3.626700 
3.627200 
3.627300 
3.627400 
3.629500 
3.630500 
3.631900 
3.632200 
3.633300 
3.633800 
3.634400 
3.637500 
3.638000 
3.639500 
3.642400 
3.642800 
3.644100 
3.645600 
3.646600 
3.647400 
3.649800 
3.650000 
3.651000 
3.651800 
3.652100 
3.652300 
3.652300 
3.652500 
3.652500 
3.654100 
3.655600 
3.655600 
3.656700 
3.656700 
3.658300 
3.658600 
3.662100 
3.664500 
3.664800 
3.666000 
3.666100 
3.666200 
3.667000 
3.667300 
3.667800 
3.668800 
3.669000 
3.671900 
3.672600 
3.673100 
3.673400 
3.673600 
3.674100 
3.675500 
3.675500 
3.675900 
3.676200 
3.676300 
3.676700 
3.677500 
3.677800 
3.678000 
3.678100 
3.678300 
3.679700 
3.680100 
3.680500 
3.683800 
3.684300 
3.685400 
3.685800 
3.686300 
3.687300 
3.687700 
3.688000 
3.688100 
3.689100 
3.689300 
3.689300 
3.691600 
3.691600 
3.691800 
3.692200 
3.692500 
3.692500 
3.692700 
3.692900 
3.692900 
3.693000 
3.693000 
3.694000 
3.694700 
3.697000 
3.698000 
3.698600 
3.700000 
3.700400 
3.700700 
3.701300 
3.701300 
3.701500 
3.702800 
3.703000 
3.703700 
3.705400 
3.705900 
3.706700 
3.707700 
3.707800 
3.708900 
3.709000 
3.709400 
3.709800 
3.711300 
3.713100 
3.713900 
3.714000 
3.715300 
3.715800 
3.716700 
3.717200 
3.717300 
3.717500 
3.718200 
3.719000 
3.719200 
3.720600 
3.721000 
3.722300 
3.723600 
3.723800 
3.723900 
3.724600 
3.724600 
3.724900 
3.725200 
3.725700 
3.725900 
3.727500 
3.727700 
3.728100 
3.728500 
3.729600 
3.729700 
3.730200 
3.730700 
3.731400 
3.731600 
3.731600 
3.731900 
3.732700 
3.732900 
3.733300 
3.733500 
3.734000 
3.735600 
3.736000 
3.736700 
3.737400 
3.738700 
3.739600 
3.740100 
3.740500 
3.741700 
3.742200 
3.742600 
3.743100 
3.743900 
3.744900 
3.745900 
3.746600 
3.746900 
3.748600 
3.749100 
3.750100 
3.750300 
3.750600 
3.750600 
3.751700 
3.753000 
3.755100 
3.755400 
3.755900 
3.755900 
3.755900 
3.756600 
3.756600 
3.759300 
3.759700 
3.760100 
3.760600 
3.762300 
3.762700 
3.763700 
3.763900 
3.764100 
3.764500 
3.764700 
3.765200 
3.765700 
3.767500 
3.767700 
3.768600 
3.769100 
3.770500 
3.771500 
3.773600 
3.773600 
3.773700 
3.774400 
3.775600 
3.776000 
3.776900 
3.777400 
3.777800 
3.777900 
3.778900 
3.779300 
3.779400 
3.780100 
3.781200 
3.781900 
3.782300 
3.782700 
3.783300 
3.783500 
3.784300 
3.784300 
3.785700 
3.785800 
3.785900 
3.787000 
3.787300 
3.787900 
3.789100 
3.789500 
3.790700 
3.792200 
3.792400 
3.792500 
3.792600 
3.794200 
3.794600 
3.796600 
3.798600 
3.798600 
3.798700 
3.798900 
3.799300 
3.799400 
3.799600 
3.800000 
3.800700 
3.801400 
3.801600 
3.802800 
3.803400 
3.804000 
3.804500 
3.804500 
3.805300 
3.805300 
3.806000 
3.806400 
3.806600 
3.806700 
3.807000 
3.807200 
3.807900 
3.808400 
3.808700 
3.809000 
3.809900 
3.811100 
3.811500 
3.812500 
3.812600 
3.813400 
3.814000 
3.815200 
3.816600 
3.816900 
3.818600 
3.818800 
3.819000 
3.819300 
3.820100 
3.820100 
3.820800 
3.821200 
3.822400 
3.823400 
3.825800 
3.826400 
3.826800 
3.827800 
3.828200 
3.828600 
3.829200 
3.829200 
3.830700 
3.832600 
3.833600 
3.834100 
3.834600 
3.834900 
3.835600 
3.836000 
3.836400 
3.837500 
3.839100 
3.839400 
3.839600 
3.841400 
3.841600 
3.842300 
3.842500 
3.842900 
3.843300 
3.843300 
3.844000 
3.844200 
3.844300 
3.844500 
3.844600 
3.845400 
3.845500 
3.845700 
3.846300 
3.846300 
3.847700 
3.848100 
3.849400 
3.849500 
3.849900 
3.850700 
3.851400 
3.851700 
3.852500 
3.852500 
3.859900 
3.860000 
3.860800 
3.861300 
3.861300 
3.862100 
3.863000 
3.863000 
3.864000 
3.864500 
3.866000 
3.866100 
3.866300 
3.866600 
3.866700 
3.866900 
3.869900 
3.871100 
3.872900 
3.873300 
3.873600 
3.875400 
3.876100 
3.876400 
3.877200 
3.877200 
3.877600 
3.877800 
3.877900 
3.878100 
3.878500 
3.878900 
3.879000 
3.879100 
3.879200 
3.880000 
3.881200 
3.881800 
3.882000 
3.883100 
3.883600 
3.883600 
3.884300 
3.884600 
3.885700 
3.885800 
3.885900 
3.886600 
3.886800 
3.887800 
3.888800 
3.888800 
3.889800 
3.890100 
3.890200 
3.891300 
3.893500 
3.893700 
3.894200 
3.894200 
3.894500 
3.894500 
3.894800 
3.895200 
3.895800 
3.898100 
3.898500 
3.899600 
3.900000 
3.900500 
3.900600 
3.900700 
3.900900 
3.903100 
3.903500 
3.903800 
3.904000 
3.905300 
3.905500 
3.905900 
3.906400 
3.906600 
3.906700 
3.907100 
3.909100 
3.909500 
3.909700 
3.910300 
3.910400 
3.912500 
3.912600 
3.912800 
3.914000 
3.914400 
3.914700 
3.915100 
3.915200 
3.916200 
3.918200 
3.919200 
3.919300 
3.920400 
3.921000 
3.921900 
3.922000 
3.922600 
3.923700 
3.925100 
3.925800 
3.926500 
3.927500 
3.929600 
3.930000 
3.930700 
3.932100 
3.932700 
3.933100 
3.934500 
3.934900 
3.935300 
3.935600 
3.935800 
3.937100 
3.937100 
3.939600 
3.939900 
3.940500 
3.941200 
3.942700 
3.943200 
3.944400 
3.944400 
3.944700 
3.946000 
3.947300 
3.948100 
3.948600 
3.952900 
3.953500 
3.954800 
3.954900 
3.956100 
3.956300 
3.956700 
3.956700 
3.956900 
3.957000 
3.957100 
3.957400 
3.958200 
3.958400 
3.958400 
3.959000 
3.961500 
3.962800 
3.963200 
3.963700 
3.963700 
3.963800 
3.965200 
3.966100 
3.966100 
3.967000 
3.967900 
3.968300 
3.969800 
3.969900 
3.970800 
3.970800 
3.971100 
3.971600 
3.972600 
3.974300 
3.974500 
3.974600 
3.978300 
3.978500 
3.978600 
3.979300 
3.980900 
3.981800 
3.982600 
3.983500 
3.983900 
3.983900 
3.985300 
3.987500 
3.988000 
3.988800 
3.989100 
3.989200 
3.991200 
3.991200 
3.992300 
3.993400 
3.993500 
3.994400 
3.994400 
3.995200 
3.997900 
3.998200 
3.998600 
3.999700 
4.000500 
4.001600 
4.002200 
4.003900 
4.005000 
4.005400 
4.005600 
4.006200 
4.006400 
4.006900 
4.007100 
4.007400 
4.008200 
4.008600 
4.008600 
4.011300 
4.012600 
4.012700 
4.012900 
4.013100 
4.013700 
4.015500 
4.016400 
4.016700 
4.016800 
4.017000 
4.017300 
4.018800 
4.019300 
4.020000 
4.021800 
4.023300 
4.026100 
4.026200 
4.026800 
4.027200 
4.028300 
4.029700 
4.030800 
4.030900 
4.032000 
4.032400 
4.036200 
4.036700 
4.037100 
4.037100 
4.037200 
4.040100 
4.040200 
4.040500 
4.040500 
4.041100 
4.042300 
4.042900 
4.044200 
4.045100 
4.046900 
4.046900 
4.047000 
4.047400 
4.048900 
4.050000 
4.050200 
4.050600 
4.050700 
4.050800 
4.052200 
4.052900 
4.053400 
4.053800 
4.053800 
4.057200 
4.057600 
4.058500 
4.059800 
4.059800 
4.059900 
4.060400 
4.061000 
4.061700 
4.061800 
4.062400 
4.062500 
4.062500 
4.062800 
4.062800 
4.063200 
4.063700 
4.064400 
4.064800 
4.065000 
4.066700 
4.067500 
4.068300 
4.068900 
4.069500 
4.069600 
4.070000 
4.070000 
4.070200 
4.070800 
4.071600 
4.072500 
4.073000 
4.073600 
4.074700 
4.074900 
4.074900 
4.075500 
4.075600 
4.076300 
4.076800 
4.077000 
4.077200 
4.078600 
4.078800 
4.079600 
4.079900 
4.081800 
4.081900 
4.082200 
4.082300 
4.082700 
4.083200 
4.084400 
4.085600 
4.085700 
4.086000 
4.086200 
4.086800 
4.087000 
4.087200 
4.089600 
4.090100 
4.090200 
4.090600 
4.092500 
4.092800 
4.092800 
4.094400 
4.095600 
4.096400 
4.096500 
4.096800 
4.097200 
4.097200 
4.097700 
4.099900 
4.100300 
4.100400 
4.100600 
4.101500 
4.102800 
4.102900 
4.104900 
4.105300 
4.106700 
4.107300 
4.107800 
4.108900 
4.109300 
4.110800 
4.111300 
4.111500 
4.112100 
4.112500 
4.114400 
4.115800 
4.116200 
4.116200 
4.116400 
4.116400 
4.117300 
4.117900 
4.117900 
4.118600 
4.118800 
4.119800 
4.120400 
4.120500 
4.125000 
4.125300 
4.125500 
4.126300 
4.127100 
4.127400 
4.127800 
4.127900 
4.128200 
4.128600 
4.129000 
4.130400 
4.131200 
4.131400 
4.132000 
4.132100 
4.132100 
4.133300 
4.133300 
4.134600 
4.134600 
4.134800 
4.135000 
4.135300 
4.135300 
4.135300 
4.136400 
4.136900 
4.137100 
4.137600 
4.137900 
4.138000 
4.140000 
4.140400 
4.140700 
4.141100 
4.141900 
4.142400 
4.143400 
4.145800 
4.146000 
4.146400 
4.147400 
4.148200 
4.149500 
4.149600 
4.149800 
4.149900 
4.150400 
4.151300 
4.151300 
4.152100 
4.152100 
4.152400 
4.152600 
4.152800 
4.153300 
4.154200 
4.155600 
4.156000 
4.156500 
4.156600 
4.158500 
4.161900 
4.163300 
4.163500 
4.164200 
4.164800 
4.166300 
4.167700 
4.167800 
4.168000 
4.168500 
4.168900 
4.169600 
4.169700 
4.170800 
4.171100 
4.171400 
4.171500 
4.172300 
4.172400 
4.173100 
4.173600 
4.173600 
4.175400 
4.175500 
4.176300 
4.176300 
4.177300 
4.177400 
4.177500 
4.178200 
4.178500 
4.178500 
4.178900 
4.179000 
4.179200 
4.180400 
4.180600 
4.181500 
4.182300 
4.183700 
4.184600 
4.184800 
4.184900 
4.185300 
4.190200 
4.190400 
4.192200 
4.193800 
4.194400 
4.194500 
4.195300 
4.196500 
4.197000 
4.197200 
4.197800 
4.197900 
4.198400 
4.198900 
4.198900 
4.200200 
4.200800 
4.201400 
4.201700 
4.202000 
4.202200 
4.203200 
4.203200 
4.203300 
4.204700 
4.205000 
4.205800 
4.205800 
4.206000 
4.206100 
4.206500 
4.206800 
4.207200 
4.207500 
4.207700 
4.208400 
4.208500 
4.209700 
4.210700 
4.211100 
4.211300 
4.211800 
4.212800 
4.213400 
4.214100 
4.214800 
4.215000 
4.215700 
4.215800 
4.216500 
4.217400 
4.217400 
4.217900 
4.219000 
4.219400 
4.219700 
4.220500 
4.222200 
4.223500 
4.224400 
4.226400 
4.226800 
4.228000 
4.228100 
4.229300 
4.230300 
4.230800 
4.231200 
4.231700 
4.232000 
4.232500 
4.232500 
4.232600 
4.232800 
4.233000 
4.233900 
4.235800 
4.236000 
4.237600 
4.238400 
4.239900 
4.240600 
4.241400 
4.241800 
4.242700 
4.242900 
4.243100 
4.244300 
4.245500 
4.249100 
4.250600 
4.252700 
4.253300 
4.255100 
4.255800 
4.256000 
4.256300 
4.256500 
4.257000 
4.257300 
4.258500 
4.258900 
4.259900 
4.260500 
4.263000 
4.263500 
4.263700 
4.264000 
4.264800 
4.265200 
4.265600 
4.265900 
4.267300 
4.268400 
4.268600 
4.268700 
4.270500 
4.271400 
4.272900 
4.272900 
4.273200 
4.273600 
4.274000 
4.275400 
4.277000 
4.277200 
4.278000 
4.278500 
4.280100 
4.281200 
4.283200 
4.283200 
4.284500 
4.284900 
4.286100 
4.286200 
4.286600 
4.287000 
4.287400 
4.287700 
4.287900 
4.289100 
4.290300 
4.290300 
4.291100 
4.292100 
4.292400 
4.292700 
4.294000 
4.294900 
4.295500 
4.295500 
4.296400 
4.296600 
4.297500 
4.298100 
4.298300 
4.301300 
4.301600 
4.302500 
4.302600 
4.303300 
4.304000 
4.304000 
4.304600 
4.306700 
4.307100 
4.307300 
4.308000 
4.308600 
4.308600 
4.309600 
4.311200 
4.311200 
4.312100 
4.312600 
4.313200 
4.314400 
4.314700 
4.315300 
4.315700 
4.315800 
4.316500 
4.316700 
4.317000 
4.317100 
4.318100 
4.319800 
4.320400 
4.320500 
4.320600 
4.322300 
4.322600 
4.323500 
4.323600 
4.324000 
4.324100 
4.325300 
4.325500 
4.325800 
4.326600 
4.326800 
4.327700 
4.327900 
4.330000 
4.330200 
4.331500 
4.332700 
4.333300 
4.334800 
4.335400 
4.335400 
4.336200 
4.337700 
4.338300 
4.338500 
4.339600 
4.339700 
4.339900 
4.342200 
4.342300 
4.342900 
4.343400 
4.344000 
4.345900 
4.345900 
4.346700 
4.347000 
4.348100 
4.350000 
4.351000 
4.351900 
4.352800 
4.354400 
4.354500 
4.355400 
4.356600 
4.357700 
4.357800 
4.358400 
4.359100 
4.359300 
4.361400 
4.361600 
4.362300 
4.362300 
4.362600 
4.362800 
4.363200 
4.363700 
4.363700 
4.363800 
4.364500 
4.364800 
4.365400 
4.366200 
4.368800 
4.369800 
4.370000 
4.371200 
4.371300 
4.371600 
4.372100 
4.372400 
4.374000 
4.376200 
4.376600 
4.378100 
4.378700 
4.378800 
4.379000 
4.380800 
4.380900 
4.381700 
4.382300 
4.382400 
4.382900 
4.383300 
4.383600 
4.383800 
4.384500 
4.384900 
4.385600 
4.386300 
4.386600 
4.387000 
4.387800 
4.387900 
4.388200 
4.388800 
4.388800 
4.389700 
4.389900 
4.390500 
4.393300 
4.394700 
4.395400 
4.398400 
4.400400 
4.401500 
4.401800 
4.403700 
4.403800 
4.403900 
4.404400 
4.404900 
4.405000 
4.406900 
4.408100 
4.408100 
4.408200 
4.408700 
4.409400 
4.411700 
4.412600 
4.412900 
4.413700 
4.414000 
4.414300 
4.414800 
4.415000 
4.416300 
4.416500 
4.416500 
4.419000 
4.420200 
4.421900 
4.422600 
4.423400 
4.424100 
4.426100 
4.426900 
4.427200 
4.427400 
4.427600 
4.429500 
4.430400 
4.430700 
4.431600 
4.432500 
4.433800 
4.436100 
4.436200 
4.436200 
4.436300 
4.436700 
4.437300 
4.437700 
4.437800 
4.438900 
4.439500 
4.441300 
4.442000 
4.442600 
4.442800 
4.443200 
4.443700 
4.444000 
4.444500 
4.444700 
4.446200 
4.447100 
4.447200 
4.448600 
4.450500 
4.450900 
4.452900 
4.455500 
4.455700 
4.456200 
4.458900 
4.460000 
4.460100 
4.460500 
4.460900 
4.462800 
4.463100 
4.463600 
4.464000 
4.464400 
4.468200 
4.468300 
4.468400 
4.469300 
4.470200 
4.470200 
4.470400 
4.470800 
4.471400 
4.471500 
4.472800 
4.473300 
4.474200 
4.474400 
4.475400 
4.475500 
4.475900 
4.476100 
4.476200 
4.476300 
4.476700 
4.476900 
4.477500 
4.478300 
4.478700 
4.478800 
4.478900 
4.480200 
4.480300 
4.481100 
4.481300 
4.481900 
4.481900 
4.482600 
4.482900 
4.483200 
4.483300 
4.483900 
4.484000 
4.484300 
4.484400 
4.484600 
4.485100 
4.485200 
4.487100 
4.489400 
4.489500 
4.489700 
4.489800 
4.491600 
4.492100 
4.492500 
4.492600 
4.493400 
4.495100 
4.495600 
4.498300 
4.498800 
4.498900 
4.499400 
4.500100 
4.500100 
4.500600 
4.501200 
4.501900 
4.502400 
4.502900 
4.503700 
4.505400 
4.505500 
4.506300 
4.507600 
4.508200 
4.508200 
4.508800 
4.509100 
4.510400 
4.510500 
4.510600 
4.511100 
4.511400 
4.512200 
4.512400 
4.512500 
4.514700 
4.515000 
4.515600 
4.515600 
4.518100 
4.518300 
4.518900 
4.519900 
4.519900 
4.520600 
4.520800 
4.521200 
4.521200 
4.521900 
4.523300 
4.524500 
4.524600 
4.524800 
4.527000 
4.527600 
4.527900 
4.528200 
4.531300 
4.533500 
4.533900 
4.534000 
4.534000 
4.534700 
4.535000 
4.535700 
4.536300 
4.536400 
4.536800 
4.538100 
4.538100 
4.538400 
4.539400 
4.541400 
4.542000 
4.542300 
4.542700 
4.546000 
4.546100 
4.550100 
4.550300 
4.550300 
4.550900 
4.551000 
4.552000 
4.552800 
4.552900 
4.553100 
4.553500 
4.553500 
4.554500 
4.554600 
4.555800 
4.555900 
4.556200 
4.556300 
4.557200 
4.559500 
4.559600 
4.559700 
4.560100 
4.560100 
4.561000 
4.563300 
4.564200 
4.565500 
4.566500 
4.566700 
4.566900 
4.568700 
4.568900 
4.569200 
4.569500 
4.569800 
4.570100 
4.570200 
4.573500 
4.574500 
4.574900 
4.575000 
4.575200 
4.575900 
4.576100 
4.576200 
4.576700 
4.577400 
4.580700 
4.581000 
4.581000 
4.582300 
4.583300 
4.584200 
4.584300 
4.584500 
4.585000 
4.585200 
4.586800 
4.587000 
4.587700 
4.588300 
4.588900 
4.589100 
4.591800 
4.592200 
4.592200 
4.592400 
4.592400 
4.592900 
4.593400 
4.595200 
4.595800 
4.595900 
4.595900 
4.596200 
4.596800 
4.602500 
4.602500 
4.603400 
4.604100 
4.605100 
4.606200 
4.606300 
4.606600 
4.607600 
4.608500 
4.608700 
4.611900 
4.612900 
4.613400 
4.613700 
4.614600 
4.614700 
4.614800 
4.615400 
4.615900 
4.617500 
4.618100 
4.618500 
4.618700 
4.618800 
4.619500 
4.619800 
4.620400 
4.621300 
4.622300 
4.623100 
4.623300 
4.623500 
4.624400 
4.624700 
4.625400 
4.626400 
4.627300 
4.627500 
4.627900 
4.629100 
4.629500 
4.630800 
4.632500 
4.632800 
4.633000 
4.635600 
4.636100 
4.636400 
4.637400 
4.637500 
4.637700 
4.638100 
4.638700 
4.639000 
4.639100 
4.641400 
4.641500 
4.644200 
4.644600 
4.644900 
4.645100 
4.645900 
4.647500 
4.647700 
4.649400 
4.650800 
4.652800 
4.654500 
4.655300 
4.655600 
4.656400 
4.657800 
4.660300 
4.660400 
4.660900 
4.661100 
4.661500 
4.661600 
4.662200 
4.663600 
4.664600 
4.665100 
4.665300 
4.666800 
4.667200 
4.667600 
4.668500 
4.670400 
4.670800 
4.671100 
4.671500 
4.672500 
4.672500 
4.673000 
4.673600 
4.673800 
4.674500 
4.674700 
4.675600 
4.676700 
4.678100 
4.678900 
4.679100 
4.679200 
4.681000 
4.682100 
4.682800 
4.683000 
4.683100 
4.684100 
4.684300 
4.684900 
4.685200 
4.686100 
4.687400 
4.687900 
4.688600 
4.688800 
4.688800 
4.690200 
4.690400 
4.691300 
4.692800 
4.692900 
4.692900 
4.693000 
4.695300 
4.695600 
4.696500 
4.696800 
4.697300 
4.697700 
4.697900 
4.698100 
4.698300 
4.700200 
4.700800 
4.700900 
4.702000 
4.702800 
4.702900 
4.702900 
4.704900 
4.705500 
4.706300 
4.706800 
4.707300 
4.707400 
4.708300 
4.710900 
4.711200 
4.712200 
4.713300 
4.713400 
4.715300 
4.715300 
4.716700 
4.717800 
4.717900 
4.719000 
4.719500 
4.720100 
4.720400 
4.720500 
4.720900 
4.721500 
4.724600 
4.724600 
4.725600 
4.728400 
4.728600 
4.729000 
4.729800 
4.730200 
4.730200 
4.731700 
4.731700 
4.732100 
4.733800 
4.734200 
4.734700 
4.735800 
4.735900 
4.735900 
4.736400 
4.737900 
4.740200 
4.742600 
4.743000 
4.743900 
4.744200 
4.746000 
4.746900 
4.748900 
4.749100 
4.750200 
4.751300 
4.751900 
4.752100 
4.752200 
4.753000 
4.753900 
4.754700 
4.755100 
4.756200 
4.756200 
4.756600 
4.756900 
4.757900 
4.758100 
4.758200 
4.758500 
4.759800 
4.760800 
4.761600 
4.762200 
4.765000 
4.765300 
4.765700 
4.766000 
4.766300 
4.766800 
4.767900 
4.768200 
4.768900 
4.768900 
4.769200 
4.769300 
4.772900 
4.773100 
4.773600 
4.773900 
4.774400 
4.774600 
4.775400 
4.776200 
4.776400 
4.776600 
4.776900 
4.777400 
4.777700 
4.778200 
4.779100 
4.780000 
4.781600 
4.782500 
4.782500 
4.783500 
4.784900 
4.785300 
4.785500 
4.785600 
4.788600 
4.788800 
4.789000 
4.789300 
4.793000 
4.793000 
4.794200 
4.794900 
4.795600 
4.796100 
4.797000 
4.797300 
4.798700 
4.798800 
4.800000 
4.800000 
4.801000 
4.801000 
4.802500 
4.802800 
4.802900 
4.804100 
4.805200 
4.805400 
4.805600 
4.806000 
4.807400 
4.807800 
4.808600 
4.809700 
4.809800 
4.810400 
4.811000 
4.811600 
4.811700 
4.812100 
4.812600 
4.812700 
4.813400 
4.814500 
4.814900 
4.815800 
4.815900 
4.816200 
4.817300 
4.818300 
4.818800 
4.819200 
4.819700 
4.819800 
4.821800 
4.822800 
4.823400 
4.824200 
4.824800 
4.825200 
4.825800 
4.827300 
4.827700 
4.828500 
4.828800 
4.828800 
4.828800 
4.829600 
4.829900 
4.830700 
4.830900 
4.830900 
4.831200 
4.831200 
4.832200 
4.832700 
4.832700 
4.832900 
4.833300 
4.833900 
4.834900 
4.835200 
4.836400 
4.836500 
4.836700 
4.838300 
4.840300 
4.842200 
4.844300 
4.844400 
4.844500 
4.844600 
4.844800 
4.845600 
4.846800 
4.847100 
4.847700 
4.847800 
4.847900 
4.847900 
4.848200 
4.848500 
4.849700 
4.850500 
4.851700 
4.852300 
4.853100 
4.854100 
4.854300 
4.854500 
4.855400 
4.856600 
4.857400 
4.857600 
4.858200 
4.859100 
4.859400 
4.859900 
4.861400 
4.861500 
4.861900 
4.862000 
4.863400 
4.864500 
4.864600 
4.865100 
4.865700 
4.867100 
4.867500 
4.868200 
4.869900 
4.871100 
4.871200 
4.871800 
4.871900 
4.872100 
4.872200 
4.873800 
4.875800 
4.875900 
4.876700 
4.877000 
4.877200 
4.877800 
4.881100 
4.881200 
4.882100 
4.884100 
4.885200 
4.886000 
4.888400 
4.890800 
4.891000 
4.891000 
4.891600 
4.894000 
4.895800 
4.896300 
4.897500 
4.898600 
4.899100 
4.899300 
4.900000 
4.900100 
4.900700 
4.900900 
4.901400 
4.901900 
4.903000 
4.903900 
4.905300 
4.905500 
4.905700 
4.906000 
4.906900 
4.907200 
4.908200 
4.908200 
4.911100 
4.911200 
4.912900 
4.914600 
4.915500 
4.915500 
4.916100 
4.916700 
4.918200 
4.919300 
4.919800 
4.920400 
4.920400 
4.922100 
4.922500 
4.923000 
4.923400 
4.924400 
4.925400 
4.926100 
4.926500 
4.928300 
4.929300 
4.929700 
4.929800 
4.929900 
4.930000 
4.931200 
4.931600 
4.931900 
4.932300 
4.932700 
4.932800 
4.932900 
4.933200 
4.934000 
4.934900 
4.935200 
4.935500 
4.935800 
4.935800 
4.937200 
4.937600 
4.938600 
4.938900 
4.939500 
4.940100 
4.940100 
4.940600 
4.941200 
4.941800 
4.942300 
4.942300 
4.943300 
4.943800 
4.943900 
4.944000 
4.944000 
4.944400 
4.945300 
4.945400 
4.945900 
4.946700 
4.946800 
4.947600 
4.948500 
4.949000 
4.949300 
4.949500 
4.951300 
4.951300 
4.951700 
4.952300 
4.954300 
4.954900 
4.955500 
4.955700 
4.956500 
4.956800 
4.956900 
4.958100 
4.958300 
4.958400 
4.958700 
4.960500 
4.962500 
4.964400 
4.964700 
4.965700 
4.965900 
4.966500 
4.967900 
4.968400 
4.969000 
4.969900 
4.970100 
4.970700 
4.970800 
4.972600 
4.973100 
4.973600 
4.975300 
4.975300 
4.975700 
4.975900 
4.977000 
4.977300 
4.978100 
4.978200 
4.980500 
4.980700 
4.981400 
4.981600 
4.982000 
4.982300 
4.983100 
4.985100 
4.987100 
4.987500 
4.987700 
4.987800 
4.988800 
4.989400 
4.991700 
4.992200 
4.993500 
4.993700 
4.994600 
4.994800 
4.997300 
4.997600 
4.999600 
