94 
162 
144 
90 
31 
147 
165 
88 
98 
44 
142 
73 
52 
77 
50 
78 
4 
12 
130 
93 
39 
8 
98 
105 
50 
23 
169 
129 
49 
146 
9 
69 
139 
172 
140 
112 
131 
68 
136 
152 
57 
79 
123 
67 
138 
144 
15 
46 
10 
98 
32 
44 
129 
116 
101 
42 
89 
151 
53 
79 
5 
160 
175 
33 
28 
177 
17 
37 
66 
60 
33 
117 
137 
112 
91 
157 
43 
20 
176 
33 
119 
175 
160 
82 
106 
50 
104 
11 
22 
139 
128 
61 
158 
136 
156 
172 
130 
66 
19 
29 
97 
116 
87 
133 
93 
17 
52 
65 
15 
148 
127 
159 
132 
105 
145 
66 
154 
99 
98 
82 
50 
71 
95 
16 
42 
55 
20 
37 
28 
12 
147 
40 
165 
66 
47 
8 
27 
110 
119 
11 
93 
21 
100 
44 
98 
107 
25 
24 
75 
118 
103 
69 
108 
116 
54 
11 
73 
2 
31 
156 
84 
112 
52 
46 
13 
146 
140 
62 
117 
81 
65 
143 
59 
72 
173 
159 
109 
82 
7 
155 
112 
25 
51 
56 
95 
164 
131 
134 
9 
40 
145 
105 
83 
128 
48 
38 
49 
88 
169 
124 
53 
85 
139 
30 
35 
103 
34 
97 
161 
19 
27 
108 
106 
151 
135 
110 
2 
30 
112 
140 
101 
142 
76 
119 
128 
88 
106 
160 
158 
73 
64 
9 
80 
164 
21 
34 
66 
16 
20 
102 
111 
140 
108 
132 
110 
82 
86 
141 
101 
122 
109 
165 
36 
156 
66 
146 
119 
121 
30 
72 
148 
88 
76 
51 
42 
152 
130 
145 
13 
33 
98 
138 
163 
91 
126 
111 
121 
92 
143 
38 
54 
114 
67 
127 
140 
158 
110 
27 
48 
166 
35 
93 
75 
62 
27 
98 
79 
81 
65 
153 
108 
97 
66 
123 
13 
156 
106 
25 
76 
48 
43 
93 
58 
67 
20 
170 
92 
79 
168 
9 
162 
55 
139 
82 
157 
129 
144 
23 
126 
28 
150 
31 
19 
29 
101 
112 
66 
143 
162 
144 
95 
54 
25 
72 
132 
108 
150 
141 
67 
86 
111 
139 
40 
66 
120 
129 
135 
30 
134 
50 
73 
79 
146 
23 
74 
17 
10 
76 
4 
119 
159 
175 
127 
170 
171 
97 
22 
115 
11 
169 
109 
13 
148 
126 
25 
51 
114 
121 
173 
55 
155 
24 
66 
150 
42 
4 
115 
143 
71 
74 
23 
158 
146 
134 
106 
27 
129 
82 
99 
76 
173 
25 
19 
73 
47 
53 
115 
136 
44 
79 
75 
121 
82 
19 
164 
130 
11 
60 
52 
141 
25 
117 
16 
135 
175 
84 
94 
2 
136 
140 
1 
137 
164 
31 
68 
111 
157 
81 
99 
153 
105 
114 
58 
33 
83 
172 
121 
90 
79 
1 
25 
152 
22 
66 
5 
168 
97 
62 
34 
108 
142 
110 
44 
153 
171 
9 
118 
80 
163 
156 
71 
12 
62 
77 
90 
28 
106 
84 
75 
15 
129 
153 
118 
177 
83 
94 
19 
2 
45 
126 
63 
97 
40 
68 
148 
116 
107 
43 
91 
64 
104 
9 
167 
50 
34 
59 
122 
132 
126 
65 
125 
100 
84 
5 
157 
115 
103 
136 
133 
20 
110 
146 
116 
21 
0 
90 
67 
59 
99 
84 
88 
93 
71 
95 
31 
25 
16 
168 
72 
26 
132 
156 
101 
162 
155 
106 
161 
118 
141 
13 
151 
65 
110 
150 
76 
157 
69 
170 
53 
33 
125 
9 
75 
24 
32 
5 
127 
148 
137 
19 
154 
168 
172 
92 
1 
36 
159 
100 
120 
15 
160 
171 
3 
84 
122 
2 
176 
120 
87 
168 
49 
173 
123 
114 
0 
144 
142 
105 
57 
129 
2 
148 
9 
133 
34 
121 
50 
95 
122 
13 
82 
77 
154 
8 
115 
43 
12 
14 
54 
65 
28 
151 
4 
85 
51 
174 
41 
26 
45 
17 
36 
82 
114 
142 
106 
84 
165 
100 
120 
125 
161 
164 
102 
24 
115 
175 
49 
119 
0 
68 
134 
159 
18 
64 
65 
149 
90 
29 
57 
91 
129 
52 
123 
128 
108 
122 
4 
67 
114 
46 
99 
113 
54 
95 
169 
164 
17 
51 
50 
76 
170 
37 
167 
108 
115 
60 
147 
69 
118 
12 
84 
133 
71 
96 
1 
170 
101 
34 
24 
166 
129 
112 
19 
76 
78 
171 
154 
123 
148 
57 
36 
37 
111 
25 
175 
16 
131 
142 
177 
50 
26 
13 
66 
155 
36 
39 
59 
97 
80 
120 
157 
160 
87 
168 
154 
78 
43 
81 
57 
138 
137 
174 
132 
14 
10 
131 
55 
66 
152 
72 
177 
88 
41 
24 
121 
149 
53 
176 
59 
68 
49 
87 
126 
166 
136 
163 
103 
128 
111 
151 
154 
146 
39 
50 
121 
117 
70 
19 
31 
45 
120 
147 
79 
110 
150 
13 
140 
139 
106 
66 
100 
75 
61 
118 
158 
120 
25 
168 
54 
115 
3 
47 
96 
136 
162 
69 
171 
64 
131 
66 
9 
156 
158 
48 
60 
0 
59 
161 
166 
98 
176 
177 
108 
23 
47 
82 
149 
153 
132 
22 
172 
76 
167 
121 
40 
95 
28 
164 
33 
175 
169 
74 
8 
113 
31 
14 
154 
173 
117 
92 
90 
85 
158 
121 
125 
61 
69 
84 
18 
17 
80 
108 
19 
22 
145 
91 
27 
111 
77 
32 
86 
176 
5 
140 
108 
153 
169 
123 
143 
6 
138 
13 
29 
134 
173 
149 
122 
162 
67 
172 
109 
145 
118 
126 
176 
63 
36 
6 
87 
15 
73 
22 
116 
67 
84 
10 
26 
147 
88 
156 
35 
169 
52 
176 
164 
61 
97 
6 
134 
43 
127 
14 
150 
175 
47 
97 
77 
67 
86 
147 
38 
118 
93 
102 
72 
161 
44 
5 
167 
162 
166 
98 
47 
174 
40 
120 
168 
96 
81 
114 
18 
0 
53 
176 
125 
159 
160 
156 
58 
6 
119 
92 
165 
69 
114 
27 
169 
100 
96 
22 
105 
39 
141 
163 
3 
135 
107 
27 
119 
74 
54 
33 
110 
82 
103 
97 
24 
49 
157 
165 
176 
111 
164 
152 
163 
89 
150 
43 
74 
105 
60 
2 
88 
107 
77 
117 
68 
72 
170 
129 
116 
156 
164 
113 
104 
66 
75 
110 
16 
141 
152 
122 
163 
94 
136 
175 
65 
23 
125 
59 
113 
50 
97 
66 
165 
5 
163 
4 
10 
147 
167 
97 
91 
14 
171 
37 
48 
154 
62 
109 
120 
115 
153 
64 
92 
67 
174 
103 
9 
172 
118 
11 
12 
19 
66 
23 
107 
156 
134 
69 
55 
115 
24 
20 
14 
162 
135 
66 
174 
45 
143 
156 
71 
24 
41 
118 
145 
10 
100 
27 
39 
48 
62 
104 
108 
124 
157 
148 
132 
34 
60 
46 
103 
125 
120 
45 
42 
155 
104 
162 
121 
70 
105 
57 
47 
122 
102 
94 
130 
118 
150 
137 
98 
36 
106 
99 
110 
70 
175 
116 
114 
168 
128 
164 
46 
69 
74 
9 
137 
41 
98 
76 
65 
77 
26 
153 
20 
61 
101 
152 
45 
112 
36 
73 
167 
139 
5 
27 
155 
158 
67 
138 
128 
1 
129 
144 
113 
88 
127 
24 
22 
9 
8 
79 
115 
126 
99 
95 
146 
14 
90 
160 
158 
4 
101 
132 
30 
150 
38 
138 
43 
65 
52 
94 
157 
135 
63 
35 
119 
105 
32 
0 
146 
94 
1 
59 
163 
177 
147 
17 
27 
28 
148 
142 
72 
138 
109 
93 
173 
121 
98 
111 
58 
69 
57 
120 
151 
119 
115 
4 
62 
25 
73 
6 
61 
79 
136 
38 
104 
177 
102 
10 
121 
115 
86 
137 
41 
83 
94 
55 
124 
11 
63 
167 
6 
33 
151 
80 
12 
136 
122 
96 
150 
46 
123 
120 
158 
49 
100 
29 
70 
176 
99 
10 
9 
135 
22 
20 
140 
34 
104 
49 
57 
177 
63 
71 
107 
147 
23 
170 
123 
21 
150 
12 
10 
76 
75 
106 
103 
87 
11 
120 
0 
123 
160 
101 
81 
90 
43 
165 
141 
157 
94 
127 
149 
79 
73 
42 
172 
56 
175 
1 
169 
19 
70 
89 
48 
57 
26 
49 
171 
93 
121 
159 
103 
145 
154 
28 
5 
122 
6 
155 
151 
16 
133 
64 
105 
14 
95 
17 
126 
161 
91 
0 
4 
71 
151 
35 
8 
47 
16 
77 
162 
129 
140 
70 
34 
21 
116 
32 
40 
164 
83 
152 
77 
108 
107 
117 
158 
150 
12 
155 
129 
71 
56 
112 
148 
9 
78 
34 
174 
54 
160 
144 
157 
10 
73 
76 
109 
120 
52 
37 
19 
6 
12 
149 
71 
133 
20 
129 
135 
69 
147 
16 
176 
49 
144 
171 
60 
27 
106 
86 
169 
26 
18 
92 
158 
168 
61 
160 
162 
41 
79 
27 
75 
78 
19 
24 
69 
127 
76 
130 
26 
11 
96 
120 
153 
173 
0 
31 
33 
154 
150 
80 
88 
18 
85 
21 
108 
164 
54 
11 
131 
136 
152 
43 
47 
150 
147 
69 
63 
9 
33 
131 
117 
88 
85 
66 
38 
171 
75 
49 
54 
1 
158 
81 
59 
170 
41 
154 
90 
163 
72 
33 
47 
149 
79 
111 
145 
71 
94 
154 
130 
174 
165 
50 
115 
90 
42 
160 
169 
10 
166 
140 
56 
29 
25 
163 
158 
52 
121 
85 
122 
5 
164 
27 
22 
92 
126 
82 
14 
43 
24 
33 
100 
38 
55 
110 
99 
5 
98 
174 
1 
18 
57 
95 
41 
172 
49 
81 
2 
24 
131 
16 
87 
149 
48 
145 
7 
121 
76 
61 
85 
4 
78 
40 
32 
143 
71 
132 
94 
19 
83 
9 
66 
8 
61 
14 
72 
151 
76 
34 
168 
5 
54 
86 
57 
69 
75 
93 
135 
117 
122 
94 
144 
160 
142 
41 
10 
45 
55 
82 
81 
145 
21 
37 
46 
70 
53 
119 
93 
117 
8 
29 
150 
62 
36 
0 
9 
54 
137 
111 
113 
127 
104 
165 
142 
85 
69 
136 
3 
59 
29 
162 
170 
118 
65 
92 
41 
49 
135 
39 
157 
107 
28 
94 
176 
159 
163 
24 
148 
167 
15 
78 
101 
108 
54 
114 
120 
37 
172 
146 
18 
2 
125 
38 
165 
79 
162 
152 
115 
143 
112 
166 
17 
106 
168 
71 
119 
52 
131 
156 
29 
9 
82 
67 
136 
68 
95 
90 
144 
61 
73 
54 
0 
100 
93 
35 
162 
124 
133 
41 
39 
137 
161 
158 
94 
92 
33 
59 
48 
7 
84 
134 
43 
113 
115 
176 
79 
147 
80 
55 
151 
163 
160 
31 
3 
40 
35 
129 
20 
9 
145 
101 
97 
137 
159 
37 
41 
169 
22 
45 
75 
39 
96 
40 
29 
117 
23 
103 
72 
49 
142 
147 
121 
172 
162 
11 
74 
89 
90 
20 
59 
28 
131 
66 
150 
163 
69 
174 
85 
126 
160 
13 
146 
82 
20 
124 
69 
3 
34 
49 
137 
78 
62 
92 
153 
144 
84 
176 
128 
18 
133 
131 
103 
164 
50 
132 
142 
36 
75 
43 
168 
93 
126 
56 
163 
112 
134 
113 
5 
108 
143 
75 
136 
159 
94 
50 
109 
28 
6 
70 
4 
111 
32 
132 
134 
166 
62 
135 
67 
61 
131 
97 
42 
176 
4 
21 
79 
7 
18 
87 
47 
169 
9 
151 
55 
123 
84 
133 
153 
86 
72 
132 
6 
33 
114 
148 
67 
117 
122 
158 
31 
54 
176 
38 
117 
15 
88 
92 
143 
44 
4 
79 
68 
7 
134 
123 
171 
47 
103 
82 
80 
27 
12 
77 
166 
52 
170 
153 
175 
119 
46 
140 
24 
174 
166 
122 
162 
109 
126 
93 
113 
114 
47 
30 
83 
161 
145 
12 
21 
107 
146 
19 
96 
158 
32 
133 
165 
26 
95 
57 
132 
167 
110 
53 
26 
142 
105 
71 
78 
94 
12 
117 
54 
48 
90 
124 
129 
171 
10 
147 
33 
69 
19 
127 
100 
152 
40 
37 
28 
87 
123 
126 
39 
14 
24 
21 
110 
34 
156 
85 
137 
130 
37 
67 
110 
26 
7 
85 
70 
51 
128 
104 
6 
166 
154 
169 
136 
63 
141 
160 
54 
156 
100 
162 
20 
167 
119 
174 
63 
130 
27 
43 
21 
143 
68 
163 
44 
167 
33 
69 
80 
67 
38 
145 
124 
66 
101 
112 
27 
36 
141 
100 
87 
43 
89 
163 
1 
46 
160 
162 
167 
48 
148 
71 
158 
107 
24 
143 
53 
104 
15 
155 
86 
26 
14 
60 
64 
135 
65 
49 
157 
114 
131 
164 
141 
168 
4 
33 
58 
158 
136 
88 
142 
29 
1 
145 
83 
81 
17 
151 
117 
61 
90 
129 
3 
147 
74 
145 
96 
76 
92 
154 
174 
68 
122 
37 
141 
142 
13 
14 
52 
143 
156 
140 
25 
171 
132 
35 
131 
104 
49 
96 
169 
29 
128 
66 
100 
27 
166 
3 
46 
106 
141 
12 
113 
162 
23 
101 
45 
121 
153 
103 
117 
148 
129 
72 
10 
150 
96 
135 
139 
169 
20 
13 
81 
53 
45 
1 
141 
28 
158 
60 
116 
93 
25 
86 
127 
134 
121 
123 
105 
81 
175 
119 
1 
16 
34 
143 
133 
43 
27 
109 
87 
70 
21 
53 
156 
148 
106 
125 
42 
89 
110 
4 
136 
20 
163 
151 
162 
80 
150 
48 
139 
146 
74 
71 
108 
124 
12 
117 
41 
62 
96 
73 
58 
107 
28 
80 
21 
68 
118 
143 
20 
10 
152 
71 
61 
175 
158 
125 
90 
26 
33 
98 
122 
154 
106 
109 
12 
164 
169 
57 
99 
2 
174 
92 
19 
160 
50 
127 
100 
17 
118 
115 
98 
8 
9 
142 
52 
72 
56 
48 
90 
30 
133 
102 
96 
154 
62 
113 
135 
2 
24 
33 
164 
37 
46 
97 
153 
9 
158 
174 
149 
144 
40 
167 
87 
171 
164 
111 
90 
98 
62 
128 
110 
54 
5 
172 
10 
112 
140 
44 
26 
36 
124 
134 
79 
51 
115 
136 
159 
141 
125 
64 
91 
142 
55 
132 
173 
90 
65 
170 
40 
167 
34 
95 
14 
78 
99 
115 
46 
74 
61 
83 
68 
143 
41 
107 
111 
127 
24 
128 
35 
17 
98 
167 
152 
86 
63 
37 
13 
142 
109 
175 
143 
133 
14 
15 
144 
103 
112 
17 
161 
49 
147 
149 
86 
13 
165 
46 
54 
62 
142 
138 
28 
83 
90 
126 
170 
135 
57 
42 
79 
72 
101 
50 
153 
47 
106 
161 
133 
177 
38 
110 
174 
7 
98 
57 
69 
86 
163 
28 
71 
67 
33 
63 
100 
116 
76 
80 
144 
62 
70 
150 
143 
146 
174 
17 
33 
98 
152 
30 
2 
66 
136 
13 
31 
109 
171 
54 
172 
64 
130 
131 
29 
41 
12 
37 
110 
164 
1 
34 
2 
96 
60 
19 
45 
101 
100 
140 
121 
11 
17 
110 
24 
112 
91 
87 
81 
168 
122 
164 
35 
62 
123 
104 
94 
58 
103 
2 
3 
14 
11 
80 
98 
4 
157 
6 
71 
77 
12 
51 
107 
177 
10 
42 
47 
164 
147 
158 
171 
16 
88 
56 
68 
80 
65 
62 
8 
176 
131 
40 
85 
103 
140 
64 
159 
95 
24 
166 
169 
171 
86 
161 
71 
28 
120 
114 
46 
5 
15 
29 
55 
99 
142 
38 
137 
122 
109 
10 
36 
41 
60 
91 
67 
158 
74 
82 
155 
31 
142 
8 
41 
121 
99 
73 
146 
135 
88 
7 
115 
10 
130 
75 
109 
152 
1 
61 
102 
120 
24 
68 
158 
54 
18 
53 
55 
61 
59 
144 
113 
81 
25 
2 
148 
83 
32 
27 
47 
68 
44 
65 
115 
40 
2 
155 
16 
50 
28 
12 
49 
130 
42 
177 
127 
109 
90 
93 
169 
43 
71 
35 
148 
162 
135 
152 
97 
58 
134 
73 
61 
78 
141 
14 
11 
126 
142 
10 
13 
45 
47 
3 
160 
159 
119 
48 
97 
165 
20 
147 
15 
91 
141 
136 
59 
44 
22 
2 
82 
133 
83 
116 
29 
20 
9 
141 
121 
95 
107 
114 
153 
76 
110 
129 
49 
79 
111 
155 
127 
11 
143 
156 
22 
3 
23 
116 
59 
134 
123 
54 
120 
78 
60 
70 
161 
95 
12 
84 
39 
105 
57 
6 
103 
40 
126 
81 
13 
174 
87 
106 
166 
168 
9 
80 
102 
172 
119 
70 
167 
35 
106 
20 
149 
42 
53 
59 
69 
139 
100 
49 
168 
114 
160 
137 
171 
24 
11 
139 
133 
92 
110 
12 
44 
36 
127 
101 
40 
98 
135 
81 
165 
105 
100 
115 
75 
8 
24 
28 
42 
137 
122 
34 
3 
27 
32 
0 
93 
46 
86 
116 
145 
111 
21 
18 
59 
35 
96 
160 
47 
176 
57 
3 
125 
53 
61 
153 
50 
94 
22 
135 
142 
5 
4 
11 
164 
21 
34 
157 
143 
156 
24 
9 
113 
146 
33 
45 
176 
102 
133 
89 
62 
170 
22 
172 
52 
122 
27 
131 
17 
13 
111 
168 
63 
87 
148 
149 
0 
7 
94 
170 
54 
69 
3 
74 
22 
160 
119 
6 
105 
123 
8 
84 
162 
25 
83 
176 
50 
117 
34 
52 
132 
24 
61 
152 
14 
110 
119 
107 
26 
166 
98 
56 
94 
171 
72 
76 
134 
60 
8 
161 
113 
177 
101 
17 
69 
142 
73 
115 
118 
79 
145 
83 
33 
109 
148 
160 
140 
146 
119 
6 
77 
123 
85 
126 
59 
107 
47 
53 
170 
90 
129 
66 
176 
10 
136 
81 
8 
49 
162 
1 
42 
153 
34 
131 
114 
26 
151 
109 
173 
87 
89 
99 
78 
25 
159 
59 
120 
41 
84 
169 
145 
91 
35 
54 
150 
157 
2 
125 
152 
71 
43 
161 
69 
135 
106 
121 
64 
34 
105 
171 
172 
123 
15 
33 
83 
67 
108 
22 
53 
94 
82 
127 
173 
84 
87 
4 
88 
89 
25 
31 
98 
36 
154 
7 
71 
57 
148 
118 
80 
59 
96 
152 
145 
0 
53 
46 
89 
138 
169 
44 
124 
150 
2 
136 
171 
50 
107 
34 
163 
102 
140 
127 
139 
117 
28 
55 
7 
79 
14 
21 
56 
152 
26 
88 
0 
77 
76 
104 
65 
40 
127 
124 
114 
48 
64 
10 
168 
154 
110 
41 
171 
94 
149 
153 
147 
169 
56 
51 
95 
133 
34 
145 
151 
137 
160 
46 
1 
135 
68 
0 
24 
63 
123 
100 
105 
44 
18 
164 
175 
39 
155 
124 
96 
161 
102 
143 
104 
74 
168 
137 
95 
170 
29 
83 
113 
150 
114 
156 
4 
111 
51 
142 
70 
84 
48 
21 
33 
58 
73 
53 
55 
38 
164 
3 
168 
82 
60 
112 
40 
9 
67 
146 
111 
22 
23 
1 
37 
151 
97 
24 
150 
90 
121 
42 
91 
4 
124 
28 
30 
171 
166 
77 
18 
10 
0 
95 
152 
151 
66 
144 
175 
114 
96 
73 
142 
151 
98 
148 
118 
47 
65 
147 
155 
57 
73 
26 
140 
165 
127 
32 
56 
71 
17 
63 
39 
126 
74 
138 
173 
174 
34 
136 
33 
42 
62 
172 
1 
105 
109 
21 
158 
106 
153 
159 
145 
126 
10 
96 
66 
75 
40 
18 
55 
17 
79 
122 
20 
69 
104 
74 
38 
1 
13 
51 
139 
175 
17 
167 
8 
28 
11 
58 
176 
82 
9 
159 
50 
109 
0 
174 
20 
62 
36 
43 
46 
71 
172 
9 
76 
44 
155 
177 
170 
59 
88 
150 
64 
119 
139 
55 
30 
54 
157 
18 
4 
116 
117 
163 
73 
111 
161 
93 
133 
147 
17 
29 
101 
68 
26 
153 
35 
127 
8 
123 
77 
54 
15 
9 
160 
30 
11 
39 
37 
51 
110 
138 
69 
59 
128 
52 
105 
17 
98 
169 
48 
61 
53 
104 
25 
135 
79 
124 
13 
87 
16 
21 
111 
122 
1 
24 
131 
3 
174 
34 
156 
26 
64 
90 
48 
23 
123 
160 
2 
36 
106 
7 
110 
58 
85 
152 
75 
154 
167 
155 
101 
56 
38 
169 
40 
13 
157 
90 
142 
21 
29 
156 
17 
160 
73 
137 
31 
143 
126 
86 
98 
22 
5 
44 
149 
14 
163 
29 
80 
81 
121 
85 
139 
165 
145 
48 
41 
92 
75 
76 
99 
166 
88 
176 
40 
81 
101 
83 
127 
154 
148 
170 
95 
144 
69 
78 
21 
122 
77 
160 
137 
64 
23 
1 
38 
7 
152 
157 
53 
170 
103 
130 
134 
62 
5 
12 
2 
171 
31 
131 
60 
19 
34 
3 
26 
147 
10 
14 
117 
61 
28 
65 
175 
45 
136 
138 
63 
59 
31 
164 
103 
82 
61 
146 
39 
32 
76 
66 
3 
42 
99 
127 
5 
45 
1 
83 
86 
126 
64 
124 
73 
48 
34 
170 
140 
176 
165 
4 
84 
8 
118 
30 
57 
20 
148 
108 
72 
63 
97 
175 
166 
22 
157 
38 
2 
41 
27 
91 
4 
106 
69 
170 
81 
28 
16 
62 
90 
70 
3 
82 
60 
78 
173 
158 
17 
113 
138 
126 
30 
121 
56 
24 
136 
62 
51 
88 
38 
132 
59 
15 
174 
35 
125 
89 
40 
23 
153 
30 
55 
94 
82 
152 
126 
67 
144 
44 
