17 
98 
97 
119 
32 
33 
123 
51 
41 
75 
97 
106 
96 
93 
122 
29 
110 
121 
61 
12 
111 
101 
8 
75 
105 
51 
25 
119 
58 
100 
78 
65 
59 
120 
121 
107 
10 
0 
85 
105 
97 
24 
72 
108 
55 
115 
61 
63 
69 
4 
86 
89 
102 
76 
79 
49 
71 
121 
125 
39 
19 
111 
109 
98 
104 
96 
24 
50 
26 
79 
5 
78 
95 
130 
42 
45 
40 
113 
24 
68 
110 
117 
70 
30 
61 
89 
58 
86 
115 
101 
77 
23 
122 
54 
67 
7 
16 
34 
3 
125 
112 
118 
29 
129 
93 
27 
114 
70 
28 
100 
81 
36 
92 
43 
110 
42 
4 
107 
55 
103 
46 
37 
109 
2 
64 
72 
114 
25 
111 
35 
34 
67 
126 
69 
112 
105 
1 
26 
108 
60 
100 
117 
87 
51 
5 
37 
2 
19 
77 
47 
31 
18 
3 
17 
103 
13 
4 
35 
30 
97 
61 
126 
28 
86 
59 
42 
98 
96 
21 
110 
95 
51 
86 
6 
127 
24 
7 
19 
99 
30 
52 
79 
112 
68 
32 
106 
27 
65 
61 
73 
71 
130 
15 
127 
10 
119 
49 
51 
2 
40 
107 
76 
90 
1 
18 
8 
38 
125 
74 
54 
59 
26 
122 
37 
34 
14 
103 
41 
43 
116 
124 
0 
70 
8 
85 
109 
17 
78 
93 
86 
39 
118 
19 
103 
58 
90 
112 
106 
48 
8 
4 
57 
116 
125 
36 
2 
44 
39 
3 
84 
49 
119 
108 
117 
69 
40 
28 
14 
105 
43 
87 
112 
54 
66 
25 
50 
7 
58 
124 
22 
98 
1 
85 
38 
84 
14 
76 
44 
78 
88 
113 
69 
42 
102 
29 
40 
101 
125 
20 
37 
25 
111 
8 
16 
42 
13 
19 
66 
54 
116 
127 
125 
102 
101 
96 
48 
81 
76 
124 
115 
82 
63 
94 
12 
38 
21 
87 
78 
86 
6 
30 
51 
104 
122 
103 
29 
34 
78 
61 
35 
68 
1 
15 
21 
81 
80 
62 
103 
105 
82 
22 
90 
0 
48 
106 
11 
67 
115 
128 
64 
70 
26 
85 
125 
24 
29 
101 
65 
97 
61 
123 
11 
35 
122 
36 
117 
14 
64 
98 
125 
105 
5 
120 
12 
89 
124 
10 
24 
90 
40 
88 
1 
29 
95 
25 
83 
18 
13 
108 
97 
81 
21 
101 
112 
53 
114 
130 
66 
115 
120 
56 
124 
105 
23 
65 
21 
33 
90 
60 
125 
6 
12 
34 
108 
84 
112 
79 
82 
41 
20 
47 
55 
17 
33 
115 
99 
96 
11 
128 
39 
94 
34 
104 
73 
105 
10 
13 
74 
1 
114 
76 
90 
78 
39 
25 
35 
108 
118 
69 
74 
71 
7 
19 
65 
38 
42 
101 
60 
56 
0 
116 
31 
91 
107 
100 
23 
67 
26 
121 
63 
99 
34 
27 
37 
128 
85 
127 
81 
78 
117 
4 
112 
67 
27 
34 
84 
17 
28 
43 
124 
26 
11 
31 
2 
116 
74 
4 
53 
40 
93 
45 
75 
128 
6 
37 
79 
89 
125 
23 
15 
44 
38 
86 
58 
35 
22 
29 
103 
127 
119 
61 
36 
87 
108 
68 
18 
70 
48 
64 
30 
62 
38 
86 
43 
85 
76 
74 
0 
114 
104 
32 
109 
17 
16 
112 
52 
92 
31 
69 
8 
96 
40 
57 
34 
35 
124 
0 
47 
106 
113 
21 
93 
32 
74 
54 
2 
24 
4 
52 
63 
10 
85 
108 
7 
53 
88 
125 
91 
17 
92 
85 
71 
29 
6 
4 
119 
36 
49 
11 
106 
81 
63 
67 
69 
128 
124 
48 
38 
13 
26 
120 
24 
62 
121 
0 
1 
3 
95 
8 
49 
25 
108 
121 
94 
34 
7 
78 
74 
40 
64 
125 
51 
93 
53 
112 
67 
50 
80 
48 
74 
129 
70 
107 
15 
67 
109 
23 
0 
119 
26 
27 
128 
58 
114 
13 
65 
17 
33 
35 
117 
67 
113 
24 
91 
36 
82 
3 
59 
54 
5 
122 
32 
53 
44 
118 
52 
80 
119 
78 
115 
65 
83 
66 
109 
60 
22 
117 
92 
73 
68 
21 
3 
27 
15 
74 
34 
127 
16 
13 
91 
86 
72 
48 
29 
83 
111 
49 
17 
61 
110 
6 
7 
102 
107 
46 
4 
103 
96 
86 
15 
88 
89 
9 
39 
8 
18 
76 
99 
11 
24 
5 
91 
21 
98 
100 
124 
87 
94 
20 
29 
12 
10 
75 
2 
130 
31 
105 
16 
15 
114 
58 
7 
126 
97 
41 
93 
0 
17 
12 
85 
87 
13 
36 
18 
44 
119 
2 
6 
42 
95 
10 
108 
99 
118 
127 
31 
89 
16 
106 
43 
47 
40 
21 
126 
12 
103 
46 
72 
25 
45 
110 
97 
41 
111 
24 
109 
75 
104 
6 
28 
73 
48 
50 
42 
18 
106 
69 
65 
58 
1 
119 
123 
15 
11 
16 
25 
113 
79 
68 
46 
117 
27 
101 
103 
20 
38 
8 
52 
76 
58 
108 
55 
124 
90 
3 
84 
13 
45 
63 
64 
10 
36 
65 
9 
61 
102 
50 
87 
78 
53 
89 
30 
39 
10 
35 
19 
103 
23 
57 
37 
114 
75 
0 
121 
12 
20 
59 
13 
94 
48 
73 
5 
8 
93 
95 
17 
98 
16 
30 
126 
70 
81 
50 
0 
32 
100 
118 
111 
62 
107 
91 
78 
92 
11 
34 
103 
46 
107 
25 
128 
18 
111 
96 
85 
127 
43 
74 
21 
38 
83 
66 
17 
77 
24 
63 
54 
103 
29 
59 
53 
76 
99 
14 
6 
71 
39 
117 
25 
79 
128 
2 
95 
109 
112 
127 
44 
70 
8 
61 
26 
118 
7 
68 
41 
52 
22 
50 
88 
113 
19 
125 
55 
43 
59 
103 
38 
5 
33 
32 
75 
8 
111 
30 
10 
51 
4 
78 
108 
14 
48 
128 
6 
2 
87 
34 
115 
52 
70 
23 
129 
54 
65 
37 
12 
121 
31 
108 
111 
105 
71 
49 
24 
101 
7 
84 
107 
109 
19 
35 
124 
9 
94 
130 
43 
103 
38 
110 
45 
3 
10 
24 
16 
86 
99 
59 
48 
64 
76 
9 
12 
78 
63 
0 
11 
80 
5 
128 
58 
25 
89 
123 
74 
96 
30 
46 
4 
79 
36 
27 
81 
69 
103 
24 
6 
128 
42 
115 
127 
99 
108 
38 
126 
95 
77 
48 
118 
73 
14 
98 
58 
5 
103 
41 
8 
118 
120 
94 
109 
68 
90 
95 
130 
126 
22 
35 
127 
91 
28 
106 
122 
111 
20 
100 
33 
107 
48 
121 
13 
75 
78 
11 
62 
17 
7 
87 
52 
74 
50 
63 
5 
108 
40 
69 
37 
26 
2 
97 
92 
45 
103 
1 
81 
105 
43 
21 
110 
111 
50 
4 
64 
78 
124 
73 
29 
85 
99 
11 
13 
68 
89 
35 
104 
17 
122 
87 
121 
120 
128 
53 
71 
51 
9 
127 
125 
18 
81 
27 
110 
63 
1 
96 
111 
112 
10 
40 
5 
4 
88 
100 
30 
3 
41 
72 
116 
1 
21 
65 
31 
24 
64 
6 
91 
47 
77 
27 
63 
97 
17 
16 
74 
49 
8 
122 
126 
64 
7 
65 
114 
89 
129 
83 
79 
110 
19 
90 
93 
103 
8 
51 
72 
115 
113 
29 
77 
62 
121 
31 
64 
33 
125 
50 
83 
118 
60 
73 
106 
74 
95 
101 
11 
35 
13 
34 
103 
92 
22 
0 
84 
70 
30 
98 
80 
4 
77 
120 
50 
125 
15 
32 
90 
56 
115 
51 
87 
35 
3 
79 
27 
119 
12 
5 
13 
83 
30 
59 
8 
115 
57 
102 
2 
112 
52 
43 
33 
51 
130 
97 
110 
45 
106 
74 
49 
59 
7 
23 
60 
95 
44 
107 
98 
40 
121 
127 
124 
1 
35 
63 
90 
102 
116 
50 
14 
84 
89 
114 
113 
8 
28 
70 
130 
74 
128 
30 
6 
23 
95 
55 
11 
75 
77 
5 
89 
103 
9 
16 
121 
101 
104 
117 
68 
14 
31 
45 
6 
13 
24 
92 
3 
94 
20 
127 
21 
105 
2 
17 
35 
114 
109 
84 
116 
32 
33 
44 
126 
41 
63 
40 
1 
52 
85 
80 
120 
4 
81 
24 
43 
113 
117 
0 
95 
37 
75 
82 
107 
102 
13 
23 
9 
66 
109 
68 
30 
26 
97 
34 
102 
5 
57 
130 
90 
39 
115 
101 
38 
108 
37 
122 
19 
123 
113 
109 
66 
59 
43 
33 
3 
111 
61 
84 
99 
24 
40 
127 
81 
49 
83 
31 
89 
98 
68 
13 
41 
96 
80 
124 
92 
76 
108 
27 
11 
85 
62 
67 
115 
43 
59 
73 
113 
36 
29 
51 
83 
86 
10 
37 
88 
15 
24 
61 
105 
107 
33 
56 
93 
52 
60 
84 
106 
62 
129 
81 
20 
92 
18 
21 
125 
25 
90 
88 
39 
81 
118 
51 
119 
63 
79 
108 
27 
37 
7 
78 
106 
3 
109 
18 
15 
67 
127 
61 
38 
31 
82 
94 
111 
13 
46 
27 
108 
52 
40 
34 
57 
101 
1 
30 
63 
50 
28 
91 
81 
119 
122 
0 
41 
6 
15 
87 
34 
20 
80 
8 
127 
66 
98 
71 
86 
9 
70 
121 
61 
110 
56 
18 
95 
126 
98 
62 
19 
102 
66 
27 
68 
93 
54 
73 
65 
122 
16 
17 
48 
117 
66 
26 
9 
109 
126 
34 
8 
128 
82 
44 
108 
80 
61 
24 
2 
19 
97 
25 
85 
23 
89 
0 
115 
43 
118 
98 
22 
73 
105 
68 
121 
110 
38 
8 
67 
118 
89 
23 
106 
103 
90 
64 
40 
49 
38 
81 
25 
63 
100 
116 
125 
60 
17 
65 
98 
108 
42 
99 
18 
41 
56 
78 
81 
19 
46 
75 
7 
80 
51 
45 
25 
44 
50 
96 
122 
97 
59 
68 
108 
121 
13 
101 
1 
76 
127 
23 
40 
20 
54 
11 
28 
41 
71 
58 
43 
15 
4 
27 
83 
35 
115 
0 
26 
69 
90 
93 
46 
109 
87 
57 
25 
106 
72 
41 
103 
130 
121 
73 
33 
97 
84 
107 
67 
34 
13 
93 
83 
59 
19 
39 
105 
125 
119 
12 
10 
35 
65 
129 
71 
106 
72 
119 
55 
84 
89 
90 
18 
24 
99 
75 
23 
63 
5 
114 
94 
56 
61 
8 
6 
32 
127 
22 
82 
51 
70 
27 
95 
118 
92 
128 
98 
34 
12 
130 
68 
64 
17 
13 
41 
76 
124 
120 
63 
36 
108 
67 
44 
23 
11 
70 
102 
12 
99 
118 
100 
89 
25 
81 
43 
107 
24 
5 
98 
96 
105 
92 
87 
114 
40 
46 
111 
48 
102 
56 
41 
28 
110 
32 
11 
24 
38 
0 
106 
14 
130 
17 
98 
47 
25 
66 
121 
29 
26 
1 
8 
41 
27 
19 
96 
57 
24 
33 
73 
129 
37 
116 
120 
70 
47 
108 
24 
65 
43 
103 
7 
6 
10 
5 
3 
63 
0 
12 
45 
7 
37 
14 
121 
97 
71 
77 
31 
110 
76 
8 
13 
96 
106 
103 
56 
129 
107 
116 
19 
30 
40 
114 
44 
105 
108 
35 
15 
128 
62 
76 
73 
6 
57 
33 
41 
99 
126 
90 
102 
19 
18 
63 
125 
78 
74 
30 
116 
3 
39 
107 
8 
108 
98 
33 
12 
10 
76 
72 
37 
114 
44 
50 
105 
24 
69 
53 
63 
87 
82 
68 
15 
108 
103 
94 
119 
43 
96 
73 
118 
13 
98 
17 
39 
8 
51 
62 
44 
112 
49 
56 
74 
118 
69 
106 
27 
128 
53 
13 
7 
58 
75 
77 
17 
59 
45 
47 
21 
86 
30 
1 
61 
79 
42 
24 
0 
105 
27 
93 
112 
119 
20 
69 
99 
110 
39 
56 
73 
66 
115 
41 
13 
96 
44 
45 
43 
59 
102 
1 
89 
37 
12 
7 
113 
81 
21 
67 
76 
107 
17 
82 
8 
127 
61 
105 
90 
100 
74 
110 
6 
29 
26 
103 
24 
96 
37 
55 
97 
46 
123 
21 
4 
82 
5 
101 
113 
13 
85 
38 
53 
86 
1 
7 
63 
66 
19 
87 
11 
48 
77 
97 
9 
89 
126 
103 
5 
78 
45 
104 
8 
54 
37 
18 
101 
102 
16 
124 
13 
98 
109 
120 
40 
90 
58 
91 
73 
105 
99 
104 
1 
110 
15 
53 
120 
16 
61 
22 
87 
56 
11 
101 
107 
127 
37 
99 
82 
80 
0 
39 
58 
100 
102 
97 
63 
33 
110 
53 
3 
61 
13 
79 
44 
89 
7 
125 
54 
74 
31 
113 
115 
10 
2 
120 
84 
17 
81 
43 
127 
42 
103 
9 
71 
74 
79 
105 
38 
22 
78 
104 
130 
55 
60 
34 
73 
33 
3 
106 
7 
100 
12 
30 
61 
76 
72 
86 
36 
93 
63 
84 
15 
89 
26 
11 
13 
0 
83 
109 
40 
20 
125 
111 
57 
106 
107 
67 
42 
49 
35 
63 
93 
59 
100 
70 
102 
83 
124 
89 
111 
37 
75 
68 
123 
66 
64 
38 
16 
117 
125 
23 
52 
122 
77 
99 
45 
37 
61 
8 
11 
103 
43 
105 
86 
92 
26 
41 
96 
38 
4 
63 
57 
33 
51 
102 
103 
81 
85 
53 
125 
118 
48 
73 
128 
8 
62 
23 
88 
46 
124 
126 
45 
24 
66 
77 
130 
82 
99 
100 
71 
0 
35 
92 
43 
114 
123 
80 
45 
125 
18 
98 
29 
97 
119 
106 
32 
2 
53 
57 
5 
19 
82 
92 
25 
89 
108 
46 
31 
105 
110 
61 
88 
112 
69 
117 
103 
33 
15 
64 
5 
129 
91 
24 
122 
51 
109 
84 
11 
36 
8 
64 
96 
24 
55 
74 
115 
119 
44 
102 
73 
118 
103 
128 
14 
71 
37 
35 
40 
51 
82 
77 
47 
25 
7 
85 
52 
102 
53 
104 
118 
45 
127 
21 
124 
30 
16 
38 
76 
87 
97 
110 
9 
54 
117 
99 
47 
55 
79 
77 
106 
67 
19 
120 
108 
111 
64 
17 
123 
5 
43 
2 
109 
28 
29 
110 
79 
84 
119 
61 
51 
95 
101 
14 
92 
21 
55 
65 
33 
39 
63 
71 
27 
112 
10 
54 
109 
36 
28 
0 
115 
79 
122 
16 
40 
108 
74 
112 
91 
129 
37 
105 
90 
88 
87 
77 
8 
98 
97 
103 
43 
14 
89 
99 
30 
106 
84 
11 
115 
9 
79 
18 
81 
38 
64 
17 
3 
128 
125 
69 
34 
127 
88 
47 
50 
92 
52 
76 
109 
42 
39 
74 
62 
31 
19 
12 
79 
17 
61 
5 
103 
106 
55 
40 
8 
97 
27 
52 
25 
21 
30 
85 
47 
7 
117 
104 
1 
73 
0 
22 
16 
87 
121 
60 
4 
76 
80 
24 
28 
106 
115 
17 
32 
41 
44 
94 
73 
61 
86 
62 
88 
98 
42 
121 
63 
108 
128 
52 
74 
123 
34 
69 
13 
125 
14 
54 
109 
24 
118 
91 
78 
103 
77 
50 
9 
71 
23 
86 
82 
111 
30 
73 
53 
74 
48 
0 
88 
42 
102 
43 
93 
11 
110 
60 
24 
15 
66 
107 
19 
97 
79 
122 
105 
87 
80 
31 
116 
57 
89 
17 
125 
99 
128 
36 
14 
5 
59 
99 
13 
117 
49 
96 
88 
54 
63 
9 
72 
94 
42 
20 
124 
119 
60 
108 
15 
80 
43 
114 
54 
22 
25 
96 
101 
64 
0 
82 
59 
117 
36 
19 
24 
5 
98 
40 
114 
47 
42 
55 
26 
92 
104 
29 
13 
6 
61 
107 
120 
70 
93 
0 
114 
128 
32 
51 
67 
8 
59 
91 
43 
46 
92 
124 
54 
72 
70 
99 
94 
96 
112 
98 
61 
57 
93 
41 
108 
69 
24 
73 
130 
15 
29 
55 
44 
60 
3 
31 
127 
89 
21 
74 
99 
7 
4 
80 
45 
119 
83 
59 
12 
111 
95 
10 
8 
76 
63 
39 
50 
89 
72 
121 
128 
109 
93 
125 
77 
53 
31 
79 
8 
127 
92 
69 
11 
119 
97 
128 
100 
5 
126 
103 
89 
98 
27 
24 
29 
48 
101 
18 
65 
43 
75 
102 
9 
68 
52 
123 
57 
13 
73 
53 
128 
130 
33 
41 
99 
36 
34 
127 
10 
54 
125 
73 
38 
30 
37 
1 
12 
105 
97 
88 
129 
76 
116 
115 
74 
1 
92 
34 
126 
114 
44 
102 
97 
7 
59 
77 
9 
37 
82 
54 
124 
127 
3 
100 
114 
99 
1 
35 
69 
22 
20 
15 
88 
4 
59 
3 
70 
86 
10 
80 
99 
28 
128 
75 
111 
122 
12 
129 
112 
77 
34 
76 
43 
126 
39 
28 
13 
8 
21 
54 
33 
24 
82 
101 
104 
56 
57 
35 
42 
69 
60 
105 
40 
130 
8 
59 
97 
78 
5 
75 
43 
82 
70 
48 
13 
106 
81 
6 
127 
53 
89 
99 
60 
0 
10 
95 
18 
4 
14 
106 
91 
10 
11 
124 
39 
34 
16 
24 
37 
85 
70 
78 
118 
31 
23 
61 
34 
30 
7 
71 
103 
44 
54 
4 
90 
15 
119 
66 
13 
0 
74 
92 
35 
29 
12 
98 
38 
122 
121 
124 
78 
127 
5 
18 
8 
24 
53 
4 
14 
63 
75 
114 
105 
67 
127 
99 
129 
90 
120 
5 
119 
31 
60 
15 
77 
58 
16 
115 
35 
93 
83 
4 
6 
119 
66 
51 
122 
105 
94 
102 
5 
15 
36 
10 
7 
98 
88 
71 
90 
12 
74 
49 
104 
78 
72 
118 
86 
28 
67 
130 
90 
100 
14 
69 
128 
30 
52 
55 
56 
89 
96 
127 
31 
112 
21 
73 
85 
83 
92 
126 
107 
47 
15 
79 
86 
1 
8 
102 
38 
40 
69 
9 
101 
37 
48 
118 
80 
103 
8 
112 
108 
51 
107 
127 
45 
49 
3 
58 
40 
31 
1 
0 
38 
2 
36 
65 
61 
43 
15 
22 
57 
101 
78 
25 
53 
16 
126 
112 
84 
20 
76 
100 
7 
93 
27 
17 
29 
0 
114 
38 
86 
50 
39 
59 
128 
99 
20 
6 
60 
4 
80 
45 
104 
44 
49 
1 
105 
127 
102 
46 
94 
101 
48 
53 
103 
38 
33 
15 
81 
77 
27 
109 
124 
68 
101 
51 
94 
70 
5 
32 
58 
102 
104 
24 
65 
50 
69 
42 
80 
11 
72 
87 
36 
120 
129 
15 
60 
35 
0 
34 
73 
113 
77 
94 
85 
61 
123 
20 
111 
62 
58 
96 
107 
24 
88 
47 
0 
117 
11 
3 
56 
31 
7 
13 
124 
120 
98 
64 
91 
97 
42 
117 
39 
107 
115 
12 
125 
93 
59 
52 
38 
80 
4 
23 
50 
34 
120 
84 
1 
98 
70 
128 
46 
94 
62 
119 
67 
83 
46 
113 
63 
75 
58 
18 
123 
122 
112 
49 
42 
70 
1 
57 
74 
35 
126 
95 
100 
68 
125 
9 
10 
50 
73 
29 
43 
24 
2 
108 
129 
87 
103 
123 
1 
128 
5 
101 
119 
104 
107 
95 
39 
114 
88 
61 
2 
54 
33 
70 
115 
20 
71 
44 
103 
19 
81 
6 
94 
56 
88 
93 
108 
116 
60 
112 
124 
83 
37 
23 
81 
8 
117 
10 
71 
97 
30 
26 
119 
79 
29 
15 
84 
95 
58 
13 
56 
49 
73 
107 
87 
98 
43 
111 
102 
42 
129 
96 
11 
65 
116 
34 
88 
93 
86 
39 
30 
24 
126 
8 
6 
14 
81 
98 
38 
101 
100 
111 
34 
15 
128 
17 
49 
22 
109 
21 
25 
24 
79 
117 
51 
47 
119 
56 
108 
55 
77 
114 
99 
53 
84 
43 
48 
7 
34 
120 
109 
97 
93 
81 
127 
19 
66 
74 
51 
105 
112 
98 
38 
8 
125 
28 
69 
79 
118 
13 
94 
52 
119 
111 
42 
28 
112 
67 
103 
89 
32 
72 
1 
5 
88 
3 
87 
74 
93 
98 
77 
18 
