0.013900 
0.020400 
0.022700 
0.027200 
0.027300 
0.029000 
0.033100 
0.033100 
0.033800 
0.036100 
0.036600 
0.037700 
0.038100 
0.038900 
0.040200 
0.040400 
0.041000 
0.041200 
0.042200 
0.043600 
0.044800 
0.047100 
0.051500 
0.053500 
0.054000 
0.054600 
0.055700 
0.058200 
0.058600 
0.060500 
0.061100 
0.061500 
0.064300 
0.067500 
0.067600 
0.069900 
0.071100 
0.075200 
0.079600 
0.083700 
0.086700 
0.086800 
0.089100 
0.093400 
0.096500 
0.096800 
0.097800 
0.097900 
0.102200 
0.102700 
0.104500 
0.107700 
0.111000 
0.114800 
0.117900 
0.118600 
0.118700 
0.119300 
0.122100 
0.122900 
0.124100 
0.124500 
0.126000 
0.127300 
0.127400 
0.129200 
0.129500 
0.132800 
0.133000 
0.133800 
0.134200 
0.134300 
0.139100 
0.141700 
0.142700 
0.143400 
0.144200 
0.144700 
0.146700 
0.147000 
0.149300 
0.153100 
0.153800 
0.157900 
0.159800 
0.160500 
0.160800 
0.165300 
0.166000 
0.168300 
0.170000 
0.171000 
0.171900 
0.172500 
0.176200 
0.178000 
0.178700 
0.179900 
0.180100 
0.183000 
0.184900 
0.185600 
0.186100 
0.187000 
0.187400 
0.187800 
0.190700 
0.193800 
0.199500 
0.202200 
0.205100 
0.208300 
0.209400 
0.210800 
0.212800 
0.212900 
0.214900 
0.215600 
0.220000 
0.220700 
0.220800 
0.221200 
0.224900 
0.227000 
0.231500 
0.235000 
0.243300 
0.243300 
0.244400 
0.245900 
0.247600 
0.247800 
0.249500 
0.249600 
0.252300 
0.253200 
0.255000 
0.256500 
0.272100 
0.273400 
0.273500 
0.277100 
0.277500 
0.279000 
0.280700 
0.280800 
0.283500 
0.287800 
0.289000 
0.291600 
0.293300 
0.293800 
0.296800 
0.297400 
0.298800 
0.301300 
0.301900 
0.303100 
0.304300 
0.306800 
0.309100 
0.310400 
0.311400 
0.312400 
0.313900 
0.314100 
0.317500 
0.318500 
0.318600 
0.319900 
0.324700 
0.326300 
0.327600 
0.332000 
0.332300 
0.334400 
0.334800 
0.335100 
0.336200 
0.337500 
0.338000 
0.341600 
0.343600 
0.346800 
0.347100 
0.349300 
0.350100 
0.352500 
0.353000 
0.353600 
0.357600 
0.360000 
0.362200 
0.364500 
0.365100 
0.366300 
0.373400 
0.374600 
0.376500 
0.376800 
0.376800 
0.377100 
0.381000 
0.381900 
0.383600 
0.385900 
0.386100 
0.387400 
0.389200 
0.393300 
0.396000 
0.400500 
0.403600 
0.405800 
0.406200 
0.408300 
0.409200 
0.410300 
0.413800 
0.414500 
0.415000 
0.415100 
0.415200 
0.418400 
0.418900 
0.421100 
0.422200 
0.424700 
0.428800 
0.431200 
0.433000 
0.437900 
0.439700 
0.441100 
0.442000 
0.444200 
0.444600 
0.444900 
0.445200 
0.446200 
0.448100 
0.450200 
0.452900 
0.453100 
0.454700 
0.461600 
0.466100 
0.467800 
0.467900 
0.469000 
0.470400 
0.471000 
0.471700 
0.471700 
0.472500 
0.475200 
0.476100 
0.476200 
0.477800 
0.478000 
0.479100 
0.481800 
0.482900 
0.484900 
0.484900 
0.488000 
0.490900 
0.491500 
0.496100 
0.497400 
0.497500 
0.498800 
0.501200 
0.503600 
0.503800 
0.504300 
0.504900 
0.505700 
0.508800 
0.510500 
0.511600 
0.514500 
0.515100 
0.518100 
0.519700 
0.521000 
0.522800 
0.524100 
0.524200 
0.524300 
0.526200 
0.527300 
0.528800 
0.529800 
0.532500 
0.538500 
0.540500 
0.545100 
0.545700 
0.545800 
0.546100 
0.551500 
0.552000 
0.553900 
0.556300 
0.557900 
0.558600 
0.559100 
0.561600 
0.563100 
0.566100 
0.566400 
0.568600 
0.569200 
0.577100 
0.577500 
0.578600 
0.580300 
0.580700 
0.582600 
0.583700 
0.583900 
0.585900 
0.586800 
0.591000 
0.593400 
0.594700 
0.596100 
0.596600 
0.598100 
0.600700 
0.601200 
0.602700 
0.604500 
0.604900 
0.605000 
0.606000 
0.606500 
0.608900 
0.610900 
0.612700 
0.613100 
0.613700 
0.619500 
0.621900 
0.629400 
0.630700 
0.631000 
0.633200 
0.634900 
0.635800 
0.636700 
0.637900 
0.639700 
0.642000 
0.642100 
0.642100 
0.649900 
0.654000 
0.654400 
0.654500 
0.654600 
0.655100 
0.658500 
0.664300 
0.666400 
0.668700 
0.672000 
0.673100 
0.675600 
0.677600 
0.680600 
0.681100 
0.681200 
0.681300 
0.682400 
0.685600 
0.687400 
0.694500 
0.695000 
0.699900 
0.701300 
0.704400 
0.709800 
0.711800 
0.712200 
0.713700 
0.713800 
0.713800 
0.714200 
0.717000 
0.719900 
0.720100 
0.721100 
0.722200 
0.722900 
0.726200 
0.727200 
0.728500 
0.733400 
0.736200 
0.736600 
0.738100 
0.739100 
0.741200 
0.741700 
0.744200 
0.745500 
0.746500 
0.747100 
0.751600 
0.752200 
0.755800 
0.757300 
0.757400 
0.760200 
0.761500 
0.762500 
0.764000 
0.764500 
0.764600 
0.766400 
0.773300 
0.773300 
0.780000 
0.782400 
0.784200 
0.784200 
0.784700 
0.786100 
0.788400 
0.792100 
0.792600 
0.792700 
0.796400 
0.796400 
0.798600 
0.798800 
0.801200 
0.801800 
0.803200 
0.804600 
0.805100 
0.807000 
0.808800 
0.810200 
0.811400 
0.813300 
0.814400 
0.815100 
0.815700 
0.816100 
0.825100 
0.825700 
0.826800 
0.826900 
0.828200 
0.831300 
0.833300 
0.834100 
0.835700 
0.841500 
0.842900 
0.845800 
0.849400 
0.850000 
0.853400 
0.853800 
0.855500 
0.856100 
0.858000 
0.858600 
0.861000 
0.862900 
0.863800 
0.863900 
0.864900 
0.868300 
0.871400 
0.876400 
0.882700 
0.888100 
0.890100 
0.892100 
0.895300 
0.895600 
0.895700 
0.896200 
0.898400 
0.899200 
0.906400 
0.912800 
0.912900 
0.914800 
0.922500 
0.923800 
0.924500 
0.924800 
0.925600 
0.925700 
0.926900 
0.931000 
0.931500 
0.932200 
0.933600 
0.936000 
0.938900 
0.942900 
0.943900 
0.946600 
0.948700 
0.948700 
0.952000 
0.952400 
0.955500 
0.956700 
0.958600 
0.960400 
0.961200 
0.966200 
0.973500 
0.975200 
0.976100 
0.976300 
0.977000 
0.978000 
0.980800 
0.982200 
0.992000 
0.992900 
0.993100 
0.996800 
0.996800 
0.997500 
0.999400 
1.002700 
1.003400 
1.004400 
1.007400 
1.008300 
1.012500 
1.013500 
1.015600 
1.015700 
1.016500 
1.016800 
1.018500 
1.021000 
1.022200 
1.024300 
1.026000 
1.028900 
1.030000 
1.032800 
1.044700 
1.044800 
1.045700 
1.050200 
1.053300 
1.053800 
1.055200 
1.055600 
1.055800 
1.055800 
1.057500 
1.058500 
1.059800 
1.062700 
1.065400 
1.068100 
1.068500 
1.069200 
1.069300 
1.070400 
1.073700 
1.078500 
1.080700 
1.083300 
1.085800 
1.089000 
1.092400 
1.094200 
1.097100 
1.097700 
1.098000 
1.099200 
1.099400 
1.101100 
1.101800 
1.103800 
1.110500 
1.113100 
1.113400 
1.114100 
1.114400 
1.114500 
1.117800 
1.121300 
1.124100 
1.124700 
1.126000 
1.126200 
1.127100 
1.128100 
1.130600 
1.133700 
1.134100 
1.137000 
1.137300 
1.139000 
1.139300 
1.139600 
1.143800 
1.143900 
1.144600 
1.144700 
1.148500 
1.150600 
1.153100 
1.154500 
1.154900 
1.157400 
1.166000 
1.174100 
1.175100 
1.175500 
1.178200 
1.178500 
1.180500 
1.183400 
1.187800 
1.189400 
1.190300 
1.194600 
1.195100 
1.195900 
1.196400 
1.198400 
1.201300 
1.203600 
1.203600 
1.204900 
1.207200 
1.207700 
1.208100 
1.210200 
1.211500 
1.211900 
1.212100 
1.218500 
1.218700 
1.218800 
1.219600 
1.226200 
1.226400 
1.228200 
1.229400 
1.230300 
1.231200 
1.231400 
1.233800 
1.234000 
1.234200 
1.235800 
1.235900 
1.236800 
1.237500 
1.238400 
1.239000 
1.240600 
1.241000 
1.246300 
1.246400 
1.247500 
1.247700 
1.250000 
1.254800 
1.255300 
1.257300 
1.257300 
1.262800 
1.263300 
1.265600 
1.266200 
1.269200 
1.272100 
1.272500 
1.273000 
1.276000 
1.280600 
1.281600 
1.283000 
1.284100 
1.286600 
1.287200 
1.287500 
1.288700 
1.289900 
1.292400 
1.293300 
1.293600 
1.293900 
1.294300 
1.295500 
1.297500 
1.300000 
1.304500 
1.308600 
1.308800 
1.309700 
1.309700 
1.309800 
1.311900 
1.312700 
1.313200 
1.313700 
1.315300 
1.319800 
1.320000 
1.329800 
1.330900 
1.335600 
1.336900 
1.337400 
1.337500 
1.337900 
1.338700 
1.345400 
1.348700 
1.353700 
1.355300 
1.359000 
1.361700 
1.363900 
1.366800 
1.367600 
1.369900 
1.370600 
1.372800 
1.373700 
1.373700 
1.376000 
1.377200 
1.377800 
1.379700 
1.379800 
1.384500 
1.385800 
1.386700 
1.387500 
1.391500 
1.394100 
1.394800 
1.395400 
1.396300 
1.396400 
1.398600 
1.399700 
1.402000 
1.402800 
1.403000 
1.404700 
1.409400 
1.410200 
1.411500 
1.414300 
1.415800 
1.416800 
1.418700 
1.419000 
1.419500 
1.420200 
1.424400 
1.424500 
1.426200 
1.429600 
1.433300 
1.435000 
1.435800 
1.436200 
1.438800 
1.439700 
1.445500 
1.446700 
1.447100 
1.451400 
1.451600 
1.452700 
1.454400 
1.455600 
1.456100 
1.456600 
1.459900 
1.462600 
1.464200 
1.465500 
1.466200 
1.467100 
1.471300 
1.472100 
1.472800 
1.474200 
1.476200 
1.479600 
1.481000 
1.484500 
1.485300 
1.486100 
1.486800 
1.487800 
1.491000 
1.491600 
1.495400 
1.496400 
1.496400 
1.497300 
1.498300 
1.498300 
1.498600 
1.502300 
1.503900 
1.504000 
1.504300 
1.504300 
1.504600 
1.505900 
1.508300 
1.510900 
1.514200 
1.515700 
1.520000 
1.520300 
1.521500 
1.524000 
1.528100 
1.529200 
1.529700 
1.529900 
1.530200 
1.539000 
1.541700 
1.543700 
1.545600 
1.548900 
1.551600 
1.554700 
1.554900 
1.557300 
1.560300 
1.560400 
1.561100 
1.561800 
1.563300 
1.563900 
1.564100 
1.565100 
1.567900 
1.568500 
1.568800 
1.570600 
1.570800 
1.573900 
1.574300 
1.574800 
1.575200 
1.576600 
1.577200 
1.579300 
1.579700 
1.582000 
1.582500 
1.583700 
1.583900 
1.585600 
1.590100 
1.591400 
1.592100 
1.593300 
1.596900 
1.597400 
1.598600 
1.599000 
1.599900 
1.599900 
1.601300 
1.602800 
1.603600 
1.604700 
1.606800 
1.607600 
1.608800 
1.612100 
1.612600 
1.613800 
1.615800 
1.616500 
1.617600 
1.619300 
1.620200 
1.620500 
1.633500 
1.634600 
1.635200 
1.636400 
1.637600 
1.638800 
1.642600 
1.643200 
1.643300 
1.643500 
1.646800 
1.649100 
1.651700 
1.654100 
1.656800 
1.657800 
1.658000 
1.658500 
1.658700 
1.660300 
1.663400 
1.667200 
1.667900 
1.668100 
1.668400 
1.669000 
1.673200 
1.676800 
1.679300 
1.681800 
1.682200 
1.684000 
1.684500 
1.684800 
1.685400 
1.687600 
1.689000 
1.689400 
1.690300 
1.693100 
1.694900 
1.695000 
1.704500 
1.704700 
1.707100 
1.708800 
1.711500 
1.712700 
1.713600 
1.714200 
1.718500 
1.718600 
1.719600 
1.720400 
1.722100 
1.726700 
1.733600 
1.735100 
1.735300 
1.737800 
1.738600 
1.739100 
1.740300 
1.740600 
1.749800 
1.750300 
1.751900 
1.753200 
1.756400 
1.756600 
1.759800 
1.761000 
1.761400 
1.761700 
1.762500 
1.766900 
1.769500 
1.771600 
1.772800 
1.774500 
1.775700 
1.777900 
1.778000 
1.778000 
1.780300 
1.782400 
1.782700 
1.787100 
1.789800 
1.792000 
1.792400 
1.794400 
1.797200 
1.801100 
1.801600 
1.804000 
1.806900 
1.808200 
1.814800 
1.815400 
1.816600 
1.816700 
1.820100 
1.823600 
1.824500 
1.828200 
1.828300 
1.828600 
1.829900 
1.830300 
1.830900 
1.831800 
1.834200 
1.835300 
1.836900 
1.838800 
1.843400 
1.845100 
1.848400 
1.854900 
1.855200 
1.856900 
1.857500 
1.860800 
1.863700 
1.865900 
1.866100 
1.867700 
1.868700 
1.870700 
1.870800 
1.871400 
1.872600 
1.873000 
1.873900 
1.876500 
1.877100 
1.879100 
1.880800 
1.880900 
1.881300 
1.881700 
1.882500 
1.888400 
1.890200 
1.890300 
1.890700 
1.891500 
1.893400 
1.899100 
1.899200 
1.899400 
1.901700 
1.906400 
1.908500 
1.911900 
1.914000 
1.914500 
1.917000 
1.919400 
1.924600 
1.928900 
1.932900 
1.936200 
1.937800 
1.941000 
1.943200 
1.944100 
1.945600 
1.947000 
1.951600 
1.951700 
1.954200 
1.954300 
1.955600 
1.955700 
1.958100 
1.958200 
1.959500 
1.961200 
1.963200 
1.963900 
1.964500 
1.966300 
1.967000 
1.967000 
1.968800 
1.970600 
1.972700 
1.973000 
1.977000 
1.981700 
1.982200 
1.984800 
1.985600 
1.985900 
1.989000 
1.989100 
1.990300 
1.992400 
1.992600 
1.993700 
1.995600 
1.996600 
1.997300 
1.998700 
2.001100 
2.001700 
2.002400 
2.006000 
2.006100 
2.006800 
2.007300 
2.011900 
2.017300 
2.020300 
2.024300 
2.024900 
2.025800 
2.027400 
2.028600 
2.028900 
2.029500 
2.029900 
2.030300 
2.034200 
2.036600 
2.037500 
2.037900 
2.039900 
2.040300 
2.040900 
2.045200 
2.049400 
2.049600 
2.049900 
2.052300 
2.057300 
2.059100 
2.061600 
2.062100 
2.064900 
2.065600 
2.069700 
2.070000 
2.070800 
2.071200 
2.071400 
2.074700 
2.075800 
2.076000 
2.077300 
2.081500 
2.083000 
2.083400 
2.089900 
2.090900 
2.091700 
2.091800 
2.093300 
2.094000 
2.095300 
2.098600 
2.099800 
2.101700 
2.102900 
2.105600 
2.106100 
2.106700 
2.108400 
2.109200 
2.112300 
2.112500 
2.113100 
2.113800 
2.114000 
2.114900 
2.117100 
2.118000 
2.119200 
2.119700 
2.121700 
2.126400 
2.129200 
2.130300 
2.132000 
2.132900 
2.133900 
2.134200 
2.134800 
2.137700 
2.141500 
2.143400 
2.146300 
2.150100 
2.152600 
2.154200 
2.154400 
2.155400 
2.156500 
2.156800 
2.157400 
2.157600 
2.159800 
2.161800 
2.162900 
2.162900 
2.166400 
2.167400 
2.169100 
2.170600 
2.173200 
2.176800 
2.180700 
2.184400 
2.185500 
2.188800 
2.195800 
2.196600 
2.201200 
2.202200 
2.202200 
2.203100 
2.204100 
2.206400 
2.208400 
2.210200 
2.212300 
2.213400 
2.215400 
2.218500 
2.220800 
2.223000 
2.224300 
2.225300 
2.227600 
2.237200 
2.241100 
2.241900 
2.244200 
2.244800 
2.245500 
2.245500 
2.247100 
2.249300 
2.249500 
2.251000 
2.253900 
2.258200 
2.258500 
2.263800 
2.264700 
2.264700 
2.265900 
2.267800 
2.269700 
2.271000 
2.271000 
2.272700 
2.275400 
2.278100 
2.281600 
2.284100 
2.284700 
2.286200 
2.288900 
2.289900 
2.290700 
2.291900 
2.294200 
2.296600 
2.297800 
2.298300 
2.302800 
2.304600 
2.305900 
2.306700 
2.307000 
2.307900 
2.309800 
2.312000 
2.318100 
2.318100 
2.324600 
2.324700 
2.325000 
2.325500 
2.325900 
2.327900 
2.330300 
2.335400 
2.335500 
2.336200 
2.337500 
2.337900 
2.338000 
2.338600 
2.338700 
2.339000 
2.343100 
2.343500 
2.347800 
2.349800 
2.350900 
2.352000 
2.353800 
2.354600 
2.355800 
2.356500 
2.361400 
2.362100 
2.362700 
2.364100 
2.364400 
2.364900 
2.366500 
2.367700 
2.368600 
2.370700 
2.373200 
2.374900 
2.375300 
2.377100 
2.377600 
2.377700 
2.380100 
2.380500 
2.383500 
2.385600 
2.388200 
2.390300 
2.391000 
2.391000 
2.391000 
2.392400 
2.394200 
2.394500 
2.397400 
2.398000 
2.399900 
2.400000 
2.401000 
2.402800 
2.402900 
2.404400 
2.412900 
2.414300 
2.415000 
2.417000 
2.421100 
2.421700 
2.422600 
2.424200 
2.425400 
2.428000 
2.431100 
2.432200 
2.432300 
2.435000 
2.435700 
2.436000 
2.436000 
2.437300 
2.439000 
2.439300 
2.442000 
2.443300 
2.450800 
2.454900 
2.456300 
2.458000 
2.458500 
2.460200 
2.464100 
2.464700 
2.465400 
2.466900 
2.468100 
2.469300 
2.471200 
2.474200 
2.474900 
2.477200 
2.480100 
2.484400 
2.484700 
2.486500 
2.487400 
2.487500 
2.488300 
2.489900 
2.490000 
2.491400 
2.492500 
2.492800 
2.494700 
2.496100 
2.496800 
2.497600 
2.498700 
2.499500 
2.500800 
2.501300 
2.502000 
2.504500 
2.504900 
2.505000 
2.507300 
2.510200 
2.513500 
2.513600 
2.513900 
2.515800 
2.516100 
2.516400 
2.517800 
2.518600 
2.520800 
2.521900 
2.523600 
2.524700 
2.526000 
2.527100 
2.531300 
2.531900 
2.533400 
2.534600 
2.535500 
2.536500 
2.536700 
2.536900 
2.540800 
2.541500 
2.544600 
2.545500 
2.546600 
2.548200 
2.549600 
2.554200 
2.554400 
2.556600 
2.560200 
2.560700 
2.562900 
2.565300 
2.567700 
2.568400 
2.568800 
2.569100 
2.575400 
2.577500 
2.579100 
2.579800 
2.581400 
2.583300 
2.584200 
2.584300 
2.589000 
2.591900 
2.592300 
2.595300 
2.597700 
2.598900 
2.599700 
2.602100 
2.602200 
2.602300 
2.602400 
2.603200 
2.604900 
2.607400 
2.609300 
2.610900 
2.612800 
2.612900 
2.613300 
2.618400 
2.619200 
2.619400 
2.619500 
2.620600 
2.620600 
2.633500 
2.639700 
2.642000 
2.644600 
2.647400 
2.652000 
2.652000 
2.652300 
2.657000 
2.658300 
2.658900 
2.659600 
2.660500 
2.661200 
2.661500 
2.662600 
2.663200 
2.664100 
2.664400 
2.664800 
2.667100 
2.667700 
2.667900 
2.670800 
2.672600 
2.677000 
2.678100 
2.678900 
2.679300 
2.681000 
2.681800 
2.682800 
2.684800 
2.686100 
2.689600 
2.690400 
2.693600 
2.694400 
2.698100 
2.704000 
2.704700 
2.706000 
2.708800 
2.709800 
2.714100 
2.714100 
2.715600 
2.717800 
2.719700 
2.720200 
2.720300 
2.720600 
2.721400 
2.724000 
2.726700 
2.728600 
2.730000 
2.733300 
2.737000 
2.737600 
2.737800 
2.738500 
2.739900 
2.740200 
2.741300 
2.745800 
2.747600 
2.748800 
2.749300 
2.750400 
2.751500 
2.755400 
2.758900 
2.759300 
2.762200 
2.762700 
2.764000 
2.764400 
2.768600 
2.769600 
2.770900 
2.773600 
2.773900 
2.774400 
2.775000 
2.777500 
2.780200 
2.780600 
2.781500 
2.781700 
2.784000 
2.787600 
2.788400 
2.792400 
2.792700 
2.793000 
2.793800 
2.793800 
2.796000 
2.797200 
2.797400 
2.797800 
2.798800 
2.799100 
2.799800 
2.800900 
2.803900 
2.804100 
2.807300 
2.808000 
2.808100 
2.810600 
2.812000 
2.813100 
2.814400 
2.815100 
2.820100 
2.822500 
2.826300 
2.826800 
2.834400 
2.835600 
2.837300 
2.842800 
2.843500 
2.845300 
2.846500 
2.850900 
2.852400 
2.852500 
2.856200 
2.856600 
2.857300 
2.858000 
2.859200 
2.862400 
2.863600 
2.863800 
2.864100 
2.867200 
2.869800 
2.871600 
2.873600 
2.874000 
2.875000 
2.875800 
2.881300 
2.881400 
2.882200 
2.882300 
2.885600 
2.888300 
2.891400 
2.891800 
2.898200 
2.898400 
2.899700 
2.900300 
2.902600 
2.902800 
2.906900 
2.907400 
2.907700 
2.909200 
2.909800 
2.911600 
2.912000 
2.913200 
2.915200 
2.916100 
2.918300 
2.921900 
2.924700 
2.928500 
2.928700 
2.929900 
2.930000 
2.932900 
2.933200 
2.935000 
2.935400 
2.937200 
2.941100 
2.941400 
2.945900 
2.947300 
2.947700 
2.947900 
2.949000 
2.950000 
2.953600 
2.955400 
2.959500 
2.964100 
2.964700 
2.967900 
2.970500 
2.971200 
2.972200 
2.972200 
2.973100 
2.973800 
2.974200 
2.975200 
2.978500 
2.980400 
2.982200 
2.982400 
2.982900 
2.983000 
2.991300 
2.991700 
2.992200 
2.992800 
2.993000 
2.993600 
2.997500 
3.007400 
3.008400 
3.013000 
3.015700 
3.016300 
3.016900 
3.017200 
3.018700 
3.022300 
3.023200 
3.026000 
3.029400 
3.036100 
3.039000 
3.043000 
3.044100 
3.044500 
3.045700 
3.046400 
3.047500 
3.047900 
3.048100 
3.048100 
3.049000 
3.049300 
3.049400 
3.050300 
3.052000 
3.054900 
3.055800 
3.055900 
3.059700 
3.060100 
3.065400 
3.066100 
3.067500 
3.067600 
3.068400 
3.069100 
3.071900 
3.072700 
3.074000 
3.075900 
3.078300 
3.085000 
3.088100 
3.088500 
3.088500 
3.089300 
3.094200 
3.097200 
3.106100 
3.108300 
3.108700 
3.111000 
3.111300 
3.112900 
3.116000 
3.124600 
3.125300 
3.125400 
3.125800 
3.126400 
3.128600 
3.128800 
3.129800 
3.129800 
3.130100 
3.130300 
3.130400 
3.131300 
3.131500 
3.134400 
3.137100 
3.137500 
3.138000 
3.141200 
3.141500 
3.143300 
3.143300 
3.143400 
3.143900 
3.144000 
3.144500 
3.145600 
3.146900 
3.148800 
3.152300 
3.152500 
3.153400 
3.153800 
3.154300 
3.154500 
3.155200 
3.158600 
3.160500 
3.162200 
3.168400 
3.168600 
3.168900 
3.169000 
3.171300 
3.171400 
3.171800 
3.173900 
3.178300 
3.179000 
3.180200 
3.180800 
3.184000 
3.185000 
3.186200 
3.187000 
3.189500 
3.189700 
3.190100 
3.191100 
3.191900 
3.192200 
3.196700 
3.199200 
3.199200 
3.199700 
3.201400 
3.201600 
3.202200 
3.203000 
3.204700 
3.204700 
3.206200 
3.210300 
3.210300 
3.211100 
3.213900 
3.217500 
3.218300 
3.219600 
3.220400 
3.221100 
3.222400 
3.223300 
3.225500 
3.228100 
3.229700 
3.231100 
3.235400 
3.236300 
3.236600 
3.240100 
3.240200 
3.241300 
3.241800 
3.243700 
3.245500 
3.247500 
3.248000 
3.248400 
3.248800 
3.251000 
3.251300 
3.255600 
3.255800 
3.256100 
3.258800 
3.259700 
3.261300 
3.264800 
3.267300 
3.268000 
3.268700 
3.270800 
3.271100 
3.271100 
3.271600 
3.274800 
3.275600 
3.275800 
3.277700 
3.277900 
3.285800 
3.286200 
3.288900 
3.290000 
3.291600 
3.292000 
3.293200 
3.300200 
3.300800 
3.301200 
3.303200 
3.304700 
3.305500 
3.306400 
3.309400 
3.310100 
3.313300 
3.313600 
3.313700 
3.314500 
3.314900 
3.317300 
3.321400 
3.324000 
3.325000 
3.325500 
3.327400 
3.327500 
3.327900 
3.328100 
3.329200 
3.330000 
3.336000 
3.337700 
3.338800 
3.339000 
3.339100 
3.341600 
3.341800 
3.346200 
3.346300 
3.346700 
3.350100 
3.353200 
3.354700 
3.355400 
3.357600 
3.361700 
3.362100 
3.364100 
3.365300 
3.365400 
3.365800 
3.366800 
3.367200 
3.371400 
3.372600 
3.372800 
3.380000 
3.382100 
3.382500 
3.383500 
3.385100 
3.386200 
3.386400 
3.389300 
3.389600 
3.390300 
3.391600 
3.392200 
3.392600 
3.394600 
3.397900 
3.405300 
3.406600 
3.407600 
3.408100 
3.408300 
3.408800 
3.409300 
3.410500 
3.413100 
3.413400 
3.416700 
3.421100 
3.421600 
3.424600 
3.425100 
3.425600 
3.425800 
3.428400 
3.428700 
3.429200 
3.429400 
3.437400 
3.437900 
3.438600 
3.438900 
3.439800 
3.439900 
3.440100 
3.440800 
3.443800 
3.444400 
3.444800 
3.448700 
3.448800 
3.449400 
3.449900 
3.450400 
3.451000 
3.451600 
3.451800 
3.456100 
3.458300 
3.459100 
3.460400 
3.461100 
3.462100 
3.464200 
3.465000 
3.469500 
3.469800 
3.471000 
3.471300 
3.479100 
3.479100 
3.481200 
3.482400 
3.484300 
3.486100 
3.491200 
3.491700 
3.492400 
3.492400 
3.494300 
3.494700 
3.495500 
3.495800 
3.497600 
3.501700 
3.504800 
3.509400 
3.510400 
3.512000 
3.515100 
3.517300 
3.518200 
3.518900 
3.522200 
3.523000 
3.523500 
3.525800 
3.526900 
3.527900 
3.528000 
3.533500 
3.537300 
3.537700 
3.538600 
3.540200 
3.541900 
3.543900 
3.544300 
3.544500 
3.544600 
3.546800 
3.548400 
3.552200 
3.553500 
3.557600 
3.557900 
3.558100 
3.558800 
3.560100 
3.560600 
3.563200 
3.563700 
3.565400 
3.567900 
3.568700 
3.571300 
3.572200 
3.572800 
3.573100 
3.574800 
3.575200 
3.576300 
3.577200 
3.578600 
3.580000 
3.580300 
3.581200 
3.582400 
3.582500 
3.582700 
3.583000 
3.585500 
3.586100 
3.586800 
3.594500 
3.595100 
3.596000 
3.597300 
3.598800 
3.599400 
3.600500 
3.604600 
3.604700 
3.605200 
3.607300 
3.612700 
3.618500 
3.621100 
3.622100 
3.624500 
3.625000 
3.626400 
3.626400 
3.629300 
3.629500 
3.631300 
3.632200 
3.633200 
3.634600 
3.634800 
3.641000 
3.642600 
3.642600 
3.643200 
3.644900 
3.648000 
3.650000 
3.651000 
3.653100 
3.654700 
3.655500 
3.656100 
3.656700 
3.657400 
3.659200 
3.661600 
3.662900 
3.663100 
3.663800 
3.664600 
3.666500 
3.667700 
3.671500 
3.674800 
3.675000 
3.678300 
3.679100 
3.680600 
3.682100 
3.683300 
3.685500 
3.685800 
3.687500 
3.689900 
3.690800 
3.691700 
3.696300 
3.698800 
3.701900 
3.706300 
3.707100 
3.707400 
3.707800 
3.708900 
3.709400 
3.709500 
3.710500 
3.712900 
3.714500 
3.714500 
3.715100 
3.717500 
3.718000 
3.718700 
3.719900 
3.723800 
3.731200 
3.734400 
3.735000 
3.735500 
3.735600 
3.735900 
3.738100 
3.738300 
3.739000 
3.740600 
3.742500 
3.747000 
3.747100 
3.748500 
3.751600 
3.754700 
3.755000 
3.758600 
3.760100 
3.762300 
3.764700 
3.765300 
3.769100 
3.769700 
3.770100 
3.770300 
3.772500 
3.774000 
3.774700 
3.774700 
3.775200 
3.775300 
3.776100 
3.778100 
3.778600 
3.779100 
3.780700 
3.783500 
3.787200 
3.792500 
3.792600 
3.793500 
3.806000 
3.806900 
3.808300 
3.808500 
3.808600 
3.810500 
3.814200 
3.816700 
3.819600 
3.819800 
3.820700 
3.823100 
3.823300 
3.823600 
3.825300 
3.827400 
3.828600 
3.836600 
3.837600 
3.841700 
3.843600 
3.843800 
3.844100 
3.847100 
3.847500 
3.847800 
3.850100 
3.850400 
3.850400 
3.852500 
3.854700 
3.858200 
3.858200 
3.859300 
3.859500 
3.860400 
3.860600 
3.862800 
3.863000 
3.863300 
3.868500 
3.870500 
3.874400 
3.874600 
3.876200 
3.876500 
3.877500 
3.878100 
3.880600 
3.881200 
3.881300 
3.882000 
3.882500 
3.886700 
3.888700 
3.889500 
3.891400 
3.893200 
3.895200 
3.896000 
3.902400 
3.903700 
3.903900 
3.907700 
3.908900 
3.909300 
3.910900 
3.911200 
3.912400 
3.914000 
3.915800 
3.917700 
3.924600 
3.926100 
3.926500 
3.926700 
3.928400 
3.929700 
3.930100 
3.931900 
3.933400 
3.934400 
3.935200 
3.939000 
3.941400 
3.943700 
3.946300 
3.947000 
3.947200 
3.949300 
3.949900 
3.951100 
3.951500 
3.952100 
3.952500 
3.953900 
3.961200 
3.961900 
3.963100 
3.964500 
3.964600 
3.965300 
3.966400 
3.967500 
3.975800 
3.977500 
3.982000 
3.984500 
3.984900 
3.987600 
3.990400 
3.993200 
3.993500 
3.994700 
3.994800 
3.994800 
3.996400 
3.996500 
4.000800 
4.001300 
4.002100 
4.003000 
4.003400 
4.003600 
4.004900 
4.005300 
4.007800 
4.010500 
4.011500 
4.012200 
4.013800 
4.014100 
4.016500 
4.017900 
4.018100 
4.019700 
4.021300 
4.029900 
4.033300 
4.034200 
4.034500 
4.037700 
4.041400 
4.042500 
4.042600 
4.044100 
4.044800 
4.045100 
4.045200 
4.045500 
4.046700 
4.046800 
4.046800 
4.048000 
4.049000 
4.049100 
4.050000 
4.054500 
4.054500 
4.056000 
4.060900 
4.064000 
4.064800 
4.067000 
4.071200 
4.076400 
4.076900 
4.078100 
4.083900 
4.086400 
4.089900 
4.093100 
4.097800 
4.101200 
4.101300 
4.102600 
4.103800 
4.106500 
4.107500 
4.111800 
4.112800 
4.113100 
4.114400 
4.115100 
4.116700 
4.117000 
4.117500 
4.118700 
4.119700 
4.120200 
4.121800 
4.123500 
4.125200 
4.125500 
4.126600 
4.129200 
4.131400 
4.131800 
4.135000 
4.135300 
4.136700 
4.137000 
4.140200 
4.141500 
4.141800 
4.143400 
4.143700 
4.147400 
4.148000 
4.148400 
4.151000 
4.151900 
4.152400 
4.153900 
4.155800 
4.156200 
4.156600 
4.159300 
4.159500 
4.160400 
4.160800 
4.161100 
4.161600 
4.164400 
4.165000 
4.165200 
4.165500 
4.167200 
4.168200 
4.168300 
4.169200 
4.172300 
4.172500 
4.175800 
4.177600 
4.180100 
4.183500 
4.185200 
4.186200 
4.188300 
4.188900 
4.189500 
4.190600 
4.193100 
4.193900 
4.196700 
4.199700 
4.201900 
4.203000 
4.203500 
4.203800 
4.204800 
4.205900 
4.206800 
4.209400 
4.210400 
4.210600 
4.211300 
4.212400 
4.213100 
4.214500 
4.215800 
4.216600 
4.218100 
4.220200 
4.222000 
4.224200 
4.225500 
4.226100 
4.227000 
4.227500 
4.229300 
4.229900 
4.230800 
4.232700 
4.232900 
4.233000 
4.235300 
4.236400 
4.239000 
4.239300 
4.242000 
4.243400 
4.243500 
4.243900 
4.245000 
4.248400 
4.251400 
4.251800 
4.253600 
4.253900 
4.254800 
4.256200 
4.257800 
4.259000 
4.259200 
4.259600 
4.259700 
4.261200 
4.263500 
4.264500 
4.267700 
4.267900 
4.270000 
4.274500 
4.275400 
4.276600 
4.278400 
4.278900 
4.279100 
4.280200 
4.280400 
4.285800 
4.286100 
4.288300 
4.288300 
4.288500 
4.289400 
4.289600 
4.290300 
4.292000 
4.295700 
4.296900 
4.301300 
4.301500 
4.302700 
4.304800 
4.305100 
4.307100 
4.308500 
4.308800 
4.310100 
4.311400 
4.311700 
4.312100 
4.314500 
4.315400 
4.327800 
4.328900 
4.330000 
4.332600 
4.333500 
4.334200 
4.335100 
4.335900 
4.337100 
4.338400 
4.338600 
4.339300 
4.340200 
4.341300 
4.342100 
4.344800 
4.345900 
4.347600 
4.348900 
4.350600 
4.350800 
4.352400 
4.354600 
4.356100 
4.360100 
4.361500 
4.364800 
4.365800 
4.366800 
4.367600 
4.368000 
4.370000 
4.380500 
4.383400 
4.384500 
4.386100 
4.386700 
4.389200 
4.389500 
4.391700 
4.400300 
4.400900 
4.401800 
4.401900 
4.402400 
4.402900 
4.405000 
4.407900 
4.410800 
4.411800 
4.411900 
4.412400 
4.412500 
4.413400 
4.418700 
4.422700 
4.428300 
4.433200 
4.433600 
4.434400 
4.439300 
4.439600 
4.445300 
4.446600 
4.447600 
4.449800 
4.451100 
4.451200 
4.451700 
4.452600 
4.453100 
4.453800 
4.457300 
4.458100 
4.459500 
4.466200 
4.467000 
4.469300 
4.473500 
4.476300 
4.477300 
4.478500 
4.478700 
4.481400 
4.483000 
4.487700 
4.489200 
4.490200 
4.491500 
4.495800 
4.497800 
4.501500 
4.501600 
4.507200 
4.508000 
4.509000 
4.510100 
4.510100 
4.511900 
4.511900 
4.512200 
4.514100 
4.515100 
4.515600 
4.516400 
4.519200 
4.521800 
4.524000 
4.525800 
4.526500 
4.526700 
4.534700 
4.536000 
4.538100 
4.538900 
4.539300 
4.540400 
4.540700 
4.541600 
4.542900 
4.543100 
4.543600 
4.546000 
4.546100 
4.547000 
4.548000 
4.550500 
4.550600 
4.551500 
4.554100 
4.554200 
4.554600 
4.556100 
4.562100 
4.566000 
4.566600 
4.568300 
4.568400 
4.568900 
4.570000 
4.571100 
4.573100 
4.575300 
4.575400 
4.577200 
4.579500 
4.581300 
4.582200 
4.583100 
4.587100 
4.587400 
4.589500 
4.590400 
4.591400 
4.593400 
4.594200 
4.595300 
4.598900 
4.600600 
4.600900 
4.601100 
4.606600 
4.607500 
4.608100 
4.609300 
4.613000 
4.614500 
4.615100 
4.615400 
4.615900 
4.618500 
4.619000 
4.621900 
4.624700 
4.630000 
4.630400 
4.630900 
4.630900 
4.631300 
4.633900 
4.633900 
4.634800 
4.635100 
4.636100 
4.637100 
4.637400 
4.637800 
4.639700 
4.640300 
4.645200 
4.645400 
4.647600 
4.653600 
4.654200 
4.655000 
4.657100 
4.657300 
4.661800 
4.663000 
4.663400 
4.663600 
4.663900 
4.664600 
4.664900 
4.671600 
4.672800 
4.674500 
4.674800 
4.675300 
4.677300 
4.678000 
4.679900 
4.683000 
4.684100 
4.685600 
4.687400 
4.689000 
4.691500 
4.693700 
4.694100 
4.694200 
4.695100 
4.696000 
4.697700 
4.697900 
4.700300 
4.701200 
4.703600 
4.703700 
4.704100 
4.705700 
4.708900 
4.712400 
4.715400 
4.715400 
4.715500 
4.716200 
4.717400 
4.720700 
4.723600 
4.724200 
4.724400 
4.727300 
4.729000 
4.729500 
4.730100 
4.733400 
4.735700 
4.736000 
4.740000 
4.740500 
4.741400 
4.744400 
4.745200 
4.746000 
4.747300 
4.747300 
4.747300 
4.748500 
4.750100 
4.751800 
4.752400 
4.752600 
4.753300 
4.760000 
4.760500 
4.761800 
4.765600 
4.766900 
4.767000 
4.769500 
4.769900 
4.772200 
4.772400 
4.775600 
4.776100 
4.779600 
4.780300 
4.782500 
4.784200 
4.785600 
4.788100 
4.788200 
4.788300 
4.788600 
4.789500 
4.790700 
4.792100 
4.793300 
4.796400 
4.797200 
4.797500 
4.801700 
4.802400 
4.805600 
4.806200 
4.806200 
4.809200 
4.814100 
4.814800 
4.816200 
4.816700 
4.817300 
4.817600 
4.818300 
4.819400 
4.822100 
4.823200 
4.824000 
4.824100 
4.825800 
4.826800 
4.829200 
4.830900 
4.831200 
4.834000 
4.835000 
4.835600 
4.842000 
4.843100 
4.845000 
4.845800 
4.847900 
4.848600 
4.852500 
4.853200 
4.860400 
4.860700 
4.863200 
4.865100 
4.865900 
4.868000 
4.868000 
4.868300 
4.869700 
4.869900 
4.870500 
4.871600 
4.873700 
4.875500 
4.876700 
4.876800 
4.880400 
4.888600 
4.892300 
4.894500 
4.895100 
4.898600 
4.903200 
4.906800 
4.907200 
4.908500 
4.910900 
4.911700 
4.912500 
4.918300 
4.920400 
4.920600 
4.924700 
4.927300 
4.927900 
4.928600 
4.929100 
4.935500 
4.936200 
4.937000 
4.937500 
4.940400 
4.944600 
4.945700 
4.948300 
4.948300 
4.951300 
4.952700 
4.955300 
4.958900 
4.964400 
4.966300 
4.966600 
4.970300 
4.972000 
4.974500 
4.975100 
4.976500 
4.977800 
4.978300 
4.979900 
4.982800 
4.983100 
4.986100 
4.986200 
4.988200 
4.989200 
4.990600 
4.991000 
4.994100 
4.994900 
4.996000 
4.996400 
4.997700 
4.997800 
