21
6
11
13
13
18
13
11
12
17
18
22
12
13
12
23
12
13
17
14
16
18
13
19
15
12
17
12
13
17
15
11
6
18
14
19
17
14
19
17
9
21
19
17
14
11
11
17
22
19
14
8
14
11
17
16
12
23
12
14
15
14
7
17
13
11
15
15
25
11
9
11
11
13
21
11
12
19
18
18
14
14
14
16
12
15
16
15
23
9
12
12
13
16
19
21
19
15
11
17
20
12
16
33
16
25
13
5
25
14
12
9
15
19
16
21
10
15
17
23
12
25
6
11
18
10
17
9
18
17
17
16
15
13
10
14
10
14
21
13
13
11
15
18
12
20
14
17
12
21
10
12
9
19
15
16
22
20
14
16
21
9
27
18
11
9
15
23
12
15
14
15
25
8
16
21
15
14
16
15
13
19
19
15
15
19
17
14
15
12
16
13
19
12
10
13
21
20
12
14
11
18
14
17
21
15
13
13
19
16
18
12
20
20
9
16
10
9
18
19
14
7
15
