14
7
17
12
22
13
17
15
15
26
24
16
13
16
14
23
18
14
23
11
13
21
17
25
17
14
19
24
19
19
9
18
24
16
16
18
21
14
15
22
26
26
15
20
23
14
15
17
16
14
18
23
26
14
16
19
14
20
14
11
18
24
19
20
18
20
17
14
10
23
17
15
17
19
14
24
19
11
10
15
18
13
17
18
15
13
19
25
19
19
23
25
13
16
19
16
18
8
16
14
15
14
16
14
8
17
18
19
20
11
22
24
18
17
11
18
11
16
19
18
16
15
13
13
14
15
24
20
11
17
21
12
22
19
21
13
17
12
12
13
15
21
14
18
13
21
20
17
24
14
16
19
15
19
17
18
26
13
20
11
10
16
15
19
18
21
21
12
19
13
12
17
18
23
20
17
18
23
12
18
19
20
22
15
22
14
18
15
15
13
20
16
19
22
13
14
19
18
17
26
17
9
19
20
16
11
16
19
13
24
21
13
13
13
17
21
19
17
19
25
19
13
16
19
18
13
25
16
17
7
25
20
13
20
18
14
23
15
20
15
15
11
19
16
18
15
17
17
10
16
22
21
15
18
13
20
16
18
16
19
18
15
16
13
23
19
21
22
18
29
23
10
19
10
25
11
12
19
10
7
17
20
17
20
15
16
18
13
21
21
14
14
19
18
17
18
12
8
12
16
12
15
14
21
22
21
14
16
17
13
20
18
19
15
19
14
17
14
18
12
15
12
16
15
15
14
18
17
22
13
17
14
17
12
8
20
18
19
12
15
21
11
13
18
18
19
10
16
16
10
19
26
21
12
11
14
21
12
20
24
16
13
12
21
10
14
21
16
14
20
11
18
29
15
20
10
19
9
18
11
21
25
16
18
18
12
9
20
18
11
16
19
21
15
15
17
15
23
17
26
15
16
25
19
19
15
12
20
15
16
9
10
12
14
8
25
11
12
12
19
13
12
17
10
14
13
15
18
13
21
16
16
19
22
14
21
14
23
18
15
19
14
21
16
15
14
20
15
11
17
13
13
17
15
19
14
20
18
13
13
16
26
20
24
21
22
19
10
20
11
25
11
22
20
15
20
21
18
16
13
18
11
18
15
18
10
17
12
20
9
23
21
18
14
12
12
9
14
16
24
12
17
25
15
16
12
22
19
19
12
17
11
28
13
17
22
19
15
18
21
17
20
23
16
14
10
18
26
11
24
18
18
15
21
13
16
13
16
18
10
12
19
23
18
17
16
10
19
11
9
11
26
20
16
9
22
17
10
18
18
14
16
15
16
19
15
16
27
15
13
15
16
13
17
15
10
21
21
18
11
18
14
18
17
18
17
15
17
13
15
14
21
15
14
16
20
17
15
12
23
16
17
18
18
18
20
17
16
18
17
17
15
18
20
12
22
10
18
12
14
13
15
20
17
10
17
10
14
16
11
15
15
21
13
15
17
22
14
16
19
16
16
18
13
14
19
13
19
13
16
22
18
15
16
17
22
19
19
11
18
20
13
23
21
12
15
15
15
16
18
15
18
18
8
13
24
13
28
19
14
13
18
15
13
18
16
15
17
26
11
16
16
18
17
21
14
20
16
17
16
15
22
26
21
16
20
16
21
16
8
17
20
12
19
24
22
22
14
14
10
14
17
17
11
14
13
25
26
15
15
23
15
21
10
18
18
19
15
23
19
