9
17
9
19
17
9
12
12
11
10
18
15
18
16
7
6
15
20
16
19
15
18
15
16
4
10
14
14
17
13
12
7
16
4
9
11
10
12
11
15
19
17
11
9
17
13
16
9
9
14
15
16
11
14
13
21
17
13
17
17
9
22
9
14
10
14
9
15
18
7
17
22
14
17
12
16
15
10
11
16
13
17
8
14
13
12
11
17
13
11
6
13
12
14
21
10
13
12
23
17
12
14
14
17
17
15
15
16
16
11
13
12
14
17
14
12
16
11
12
10
12
13
14
15
18
12
14
14
12
15
15
11
15
15
21
12
9
17
15
16
11
10
14
12
9
17
15
13
9
20
16
16
15
20
8
11
12
19
8
7
7
14
7
12
12
17
11
13
11
7
16
15
21
15
17
12
12
15
16
14
12
13
14
19
19
14
11
17
14
11
14
12
14
16
14
18
14
10
12
10
8
15
15
15
10
9
19
12
11
10
13
10
10
10
11
7
18
17
