0.069200 
0.083000 
0.085900 
0.087700 
0.089100 
0.090500 
0.093700 
0.095800 
0.097900 
0.099100 
0.099900 
0.100900 
0.101300 
0.107800 
0.109800 
0.111800 
0.111900 
0.113800 
0.114000 
0.116300 
0.116400 
0.117100 
0.117100 
0.117400 
0.118700 
0.119300 
0.120100 
0.121100 
0.122600 
0.123600 
0.124400 
0.128500 
0.131600 
0.131700 
0.134700 
0.135300 
0.135800 
0.135900 
0.136800 
0.138200 
0.138300 
0.139900 
0.140100 
0.144100 
0.145000 
0.147100 
0.148600 
0.148700 
0.149600 
0.153600 
0.153600 
0.154200 
0.155800 
0.156100 
0.158100 
0.160700 
0.161800 
0.164400 
0.164900 
0.164900 
0.166600 
0.166900 
0.167400 
0.167900 
0.169100 
0.169100 
0.171300 
0.171600 
0.172800 
0.174700 
0.180200 
0.181200 
0.181400 
0.181500 
0.183500 
0.187400 
0.192300 
0.197200 
0.197900 
0.198900 
0.199500 
0.200200 
0.201500 
0.202500 
0.202900 
0.203900 
0.204100 
0.205000 
0.205000 
0.205200 
0.206400 
0.209600 
0.210200 
0.210600 
0.210700 
0.210900 
0.215100 
0.215200 
0.215900 
0.216000 
0.216900 
0.218000 
0.218300 
0.220100 
0.220100 
0.222200 
0.224000 
0.224900 
0.226400 
0.227500 
0.229300 
0.230000 
0.232100 
0.232400 
0.233900 
0.234700 
0.235700 
0.236100 
0.236500 
0.236700 
0.237400 
0.238100 
0.238800 
0.238800 
0.239000 
0.239700 
0.240100 
0.242900 
0.243200 
0.243600 
0.244300 
0.244700 
0.244900 
0.245600 
0.245800 
0.246300 
0.246800 
0.247600 
0.248500 
0.248900 
0.249100 
0.249200 
0.249900 
0.250800 
0.251900 
0.252400 
0.252800 
0.253100 
0.254500 
0.256000 
0.256900 
0.258000 
0.261000 
0.261300 
0.262100 
0.263600 
0.264100 
0.264900 
0.267700 
0.267800 
0.268400 
0.268800 
0.268900 
0.269300 
0.269300 
0.271900 
0.273400 
0.275400 
0.276200 
0.278700 
0.279200 
0.279300 
0.279300 
0.281000 
0.281600 
0.283000 
0.283400 
0.284200 
0.285600 
0.285700 
0.286000 
0.288000 
0.288900 
0.289600 
0.289600 
0.289700 
0.289800 
0.290000 
0.292000 
0.292700 
0.293300 
0.296400 
0.298200 
0.300500 
0.301300 
0.301900 
0.303900 
0.305000 
0.305600 
0.308200 
0.308700 
0.308800 
0.309300 
0.309500 
0.311100 
0.312200 
0.312800 
0.314900 
0.316400 
0.316500 
0.316900 
0.317200 
0.317200 
0.317500 
0.318200 
0.320000 
0.320500 
0.320600 
0.321000 
0.321600 
0.322100 
0.324300 
0.325000 
0.325200 
0.326500 
0.326800 
0.327000 
0.330200 
0.330700 
0.331200 
0.331900 
0.332700 
0.333600 
0.334900 
0.336900 
0.339200 
0.342200 
0.342700 
0.343200 
0.344200 
0.344200 
0.346400 
0.350700 
0.351200 
0.351300 
0.352600 
0.353700 
0.353800 
0.355600 
0.355700 
0.356400 
0.356600 
0.356900 
0.359600 
0.359900 
0.360100 
0.363100 
0.365500 
0.365600 
0.366000 
0.366100 
0.367500 
0.370000 
0.371300 
0.371800 
0.373100 
0.373200 
0.376100 
0.376500 
0.376900 
0.377000 
0.378200 
0.380900 
0.381500 
0.382100 
0.384100 
0.385900 
0.386000 
0.388400 
0.389100 
0.389500 
0.390100 
0.392500 
0.392900 
0.397700 
0.397900 
0.399100 
0.401800 
0.402400 
0.402600 
0.404000 
0.404300 
0.404900 
0.408500 
0.409200 
0.410200 
0.410700 
0.411000 
0.411300 
0.411900 
0.412700 
0.413800 
0.414000 
0.414700 
0.415100 
0.415900 
0.416300 
0.417500 
0.418400 
0.419000 
0.420500 
0.423900 
0.424100 
0.425100 
0.425300 
0.425800 
0.426200 
0.429700 
0.430700 
0.433500 
0.433800 
0.434400 
0.434800 
0.435200 
0.437300 
0.438300 
0.439100 
0.439200 
0.439600 
0.440200 
0.441900 
0.442000 
0.446100 
0.448100 
0.449000 
0.451800 
0.452700 
0.454700 
0.455400 
0.455800 
0.460700 
0.463500 
0.464200 
0.464300 
0.464400 
0.465400 
0.465500 
0.467700 
0.469600 
0.469700 
0.470900 
0.474900 
0.475200 
0.475900 
0.476100 
0.476400 
0.477700 
0.478100 
0.479000 
0.479300 
0.479400 
0.479700 
0.480200 
0.480200 
0.481100 
0.481400 
0.482000 
0.482200 
0.485800 
0.488200 
0.489400 
0.490500 
0.491300 
0.491700 
0.494500 
0.495200 
0.495400 
0.495400 
0.495600 
0.497200 
0.499600 
0.499600 
0.500600 
0.500900 
0.502000 
0.502500 
0.502900 
0.503600 
0.506000 
0.506200 
0.507100 
0.507700 
0.510700 
0.512100 
0.512300 
0.513900 
0.514500 
0.514600 
0.517700 
0.518700 
0.519000 
0.519400 
0.519700 
0.520300 
0.520400 
0.520600 
0.522900 
0.524700 
0.526500 
0.527000 
0.528100 
0.529800 
0.531800 
0.533100 
0.533500 
0.533700 
0.533800 
0.534500 
0.534900 
0.536400 
0.536900 
0.536900 
0.539700 
0.540200 
0.540700 
0.542600 
0.542700 
0.543100 
0.543200 
0.543900 
0.545200 
0.545200 
0.545500 
0.546500 
0.547400 
0.548900 
0.549400 
0.550400 
0.552500 
0.553500 
0.553800 
0.554600 
0.554800 
0.555300 
0.556600 
0.557800 
0.558000 
0.561700 
0.563300 
0.564400 
0.567500 
0.569400 
0.569900 
0.570900 
0.571000 
0.574300 
0.575900 
0.577200 
0.577200 
0.577300 
0.577500 
0.579300 
0.582400 
0.583100 
0.585000 
0.585200 
0.585600 
0.586500 
0.587600 
0.587900 
0.589700 
0.589800 
0.589900 
0.589900 
0.590400 
0.591900 
0.592200 
0.592700 
0.593000 
0.593900 
0.594700 
0.594700 
0.597700 
0.598000 
0.598500 
0.598700 
0.600200 
0.600600 
0.602100 
0.603700 
0.609700 
0.610100 
0.610200 
0.613000 
0.613300 
0.613800 
0.617100 
0.617600 
0.618400 
0.618500 
0.620100 
0.620200 
0.621800 
0.624000 
0.624600 
0.626200 
0.626800 
0.627300 
0.629300 
0.633600 
0.634300 
0.636900 
0.636900 
0.637400 
0.637700 
0.638800 
0.639800 
0.642200 
0.644500 
0.645600 
0.646500 
0.648900 
0.650100 
0.651400 
0.652000 
0.653000 
0.654700 
0.655200 
0.655900 
0.656900 
0.658400 
0.659800 
0.662300 
0.662800 
0.663000 
0.663200 
0.664200 
0.664800 
0.665400 
0.665900 
0.667100 
0.667300 
0.669100 
0.669500 
0.669600 
0.671500 
0.673100 
0.673300 
0.673700 
0.674500 
0.674900 
0.676800 
0.677100 
0.677300 
0.677700 
0.678200 
0.679400 
0.680800 
0.681600 
0.681600 
0.682200 
0.682300 
0.683200 
0.683900 
0.684200 
0.686100 
0.686300 
0.688700 
0.688800 
0.692100 
0.692200 
0.693600 
0.694300 
0.695800 
0.698300 
0.699600 
0.700000 
0.700500 
0.701000 
0.701000 
0.701300 
0.703200 
0.703800 
0.705400 
0.705500 
0.709700 
0.709700 
0.709800 
0.710800 
0.712100 
0.712700 
0.714300 
0.714700 
0.715100 
0.715600 
0.715700 
0.719200 
0.720700 
0.721900 
0.723100 
0.723300 
0.723600 
0.724800 
0.724800 
0.726200 
0.726900 
0.727000 
0.727100 
0.728300 
0.731100 
0.731100 
0.731200 
0.731300 
0.732100 
0.732300 
0.733300 
0.733800 
0.734700 
0.740400 
0.740900 
0.741600 
0.742500 
0.742700 
0.746000 
0.746200 
0.747100 
0.747900 
0.748900 
0.750200 
0.751200 
0.752800 
0.754000 
0.754800 
0.755400 
0.756900 
0.757100 
0.757100 
0.759700 
0.761900 
0.762400 
0.763200 
0.766200 
0.767700 
0.769200 
0.769300 
0.769900 
0.770200 
0.770700 
0.773500 
0.774000 
0.776200 
0.777300 
0.777700 
0.778700 
0.778800 
0.780800 
0.781400 
0.782500 
0.782600 
0.784500 
0.785500 
0.787800 
0.788500 
0.790200 
0.791900 
0.793000 
0.794200 
0.794900 
0.796100 
0.796800 
0.796800 
0.796900 
0.797300 
0.798100 
0.798900 
0.800000 
0.802500 
0.804800 
0.804900 
0.806300 
0.806600 
0.806900 
0.807300 
0.810400 
0.810500 
0.810600 
0.810800 
0.812200 
0.812500 
0.813600 
0.815400 
0.818000 
0.819200 
0.819700 
0.820900 
0.821600 
0.822100 
0.823000 
0.823100 
0.824000 
0.824700 
0.825000 
0.827100 
0.827400 
0.828000 
0.828500 
0.828900 
0.829500 
0.831500 
0.831900 
0.833100 
0.833900 
0.834700 
0.835000 
0.836500 
0.836900 
0.837000 
0.838500 
0.838900 
0.839000 
0.841600 
0.844900 
0.846300 
0.846600 
0.847500 
0.848400 
0.849800 
0.854100 
0.856600 
0.860100 
0.860700 
0.860800 
0.862300 
0.863400 
0.867300 
0.868900 
0.869400 
0.870600 
0.874900 
0.875100 
0.875400 
0.876200 
0.876400 
0.876800 
0.877000 
0.877100 
0.878300 
0.878900 
0.879900 
0.882600 
0.883500 
0.883600 
0.884000 
0.884000 
0.884100 
0.885400 
0.885900 
0.886400 
0.887600 
0.889600 
0.890400 
0.891100 
0.892400 
0.892700 
0.893100 
0.894100 
0.894800 
0.894900 
0.895500 
0.895500 
0.897100 
0.897700 
0.899000 
0.900300 
0.902000 
0.906800 
0.907900 
0.909800 
0.910300 
0.911500 
0.912400 
0.914400 
0.917600 
0.917600 
0.917700 
0.918300 
0.919400 
0.919400 
0.922100 
0.922500 
0.922600 
0.923700 
0.924700 
0.926000 
0.926000 
0.928400 
0.928900 
0.929400 
0.929700 
0.930300 
0.930600 
0.930800 
0.932800 
0.933000 
0.934100 
0.934300 
0.935300 
0.935700 
0.936500 
0.937000 
0.938200 
0.941500 
0.941700 
0.942700 
0.944000 
0.945200 
0.946000 
0.947300 
0.947600 
0.947700 
0.947900 
0.948500 
0.948600 
0.950500 
0.955300 
0.956800 
0.957300 
0.958600 
0.958900 
0.960400 
0.967800 
0.968300 
0.970100 
0.970900 
0.971400 
0.972600 
0.976100 
0.976400 
0.977400 
0.978500 
0.978600 
0.979300 
0.979900 
0.981700 
0.983200 
0.985100 
0.986000 
0.986200 
0.986800 
0.987400 
0.987900 
0.989400 
0.991300 
0.992000 
0.992300 
0.992500 
0.993800 
0.994900 
0.995000 
0.995600 
0.997200 
0.997600 
0.997800 
0.999400 
0.999800 
1.000000 
1.000300 
1.000400 
1.000600 
1.001700 
1.003900 
1.004200 
1.004300 
1.005000 
1.006600 
1.008900 
1.010200 
1.010400 
1.012700 
1.013200 
1.013900 
1.017700 
1.018700 
1.019500 
1.022400 
1.022600 
1.022800 
1.023900 
1.025000 
1.025200 
1.025600 
1.025900 
1.027200 
1.028400 
1.028500 
1.029100 
1.030400 
1.031300 
1.031700 
1.032300 
1.032400 
1.032500 
1.033400 
1.034100 
1.034400 
1.034500 
1.034500 
1.034500 
1.035000 
1.036000 
1.036400 
1.037000 
1.037800 
1.038800 
1.040600 
1.040800 
1.041200 
1.041400 
1.041900 
1.042600 
1.043100 
1.044200 
1.044400 
1.044400 
1.045300 
1.045500 
1.045600 
1.046100 
1.046200 
1.046600 
1.046700 
1.047600 
1.049000 
1.049100 
1.049500 
1.049600 
1.050200 
1.051500 
1.051500 
1.052400 
1.052400 
1.052700 
1.052800 
1.053000 
1.053800 
1.054100 
1.054500 
1.054600 
1.054600 
1.054900 
1.054900 
1.055000 
1.056500 
1.057000 
1.057000 
1.057100 
1.057500 
1.057800 
1.057900 
1.058700 
1.059800 
1.060500 
1.060500 
1.060600 
1.061100 
1.061400 
1.061700 
1.063600 
1.063800 
1.064400 
1.064500 
1.065100 
1.065300 
1.065600 
1.065700 
1.066200 
1.067800 
1.069800 
1.070000 
1.070700 
1.070900 
1.070900 
1.071200 
1.072700 
1.073000 
1.073800 
1.075700 
1.076100 
1.076700 
1.076800 
1.077200 
1.078800 
1.079500 
1.079900 
1.081000 
1.083100 
1.084100 
1.084300 
1.085200 
1.085300 
1.085500 
1.085500 
1.086000 
1.086800 
1.087300 
1.088300 
1.088900 
1.089500 
1.089800 
1.090500 
1.090500 
1.092600 
1.093500 
1.093500 
1.094100 
1.095200 
1.095500 
1.095600 
1.096100 
1.096200 
1.097600 
1.097700 
1.099800 
1.099900 
1.099900 
1.101900 
1.102400 
1.103200 
1.104500 
1.105000 
1.105400 
1.106000 
1.106500 
1.106900 
1.107900 
1.108100 
1.108300 
1.109600 
1.109900 
1.110300 
1.110400 
1.110500 
1.110700 
1.110900 
1.111200 
1.111800 
1.112000 
1.112700 
1.113800 
1.114400 
1.115800 
1.116900 
1.117100 
1.117600 
1.118200 
1.118500 
1.119300 
1.119300 
1.119600 
1.120200 
1.120500 
1.120500 
1.121300 
1.121800 
1.123400 
1.123600 
1.123900 
1.124100 
1.124900 
1.125800 
1.126900 
1.126900 
1.127900 
1.129800 
1.130000 
1.130200 
1.130900 
1.131000 
1.131700 
1.131800 
1.132400 
1.134000 
1.134700 
1.135200 
1.135800 
1.135900 
1.136700 
1.138200 
1.139200 
1.139300 
1.139700 
1.140200 
1.142400 
1.142700 
1.143300 
1.143300 
1.143800 
1.143900 
1.144200 
1.144700 
1.145800 
1.146700 
1.147200 
1.147400 
1.147400 
1.147500 
1.150000 
1.150500 
1.152900 
1.153000 
1.153000 
1.153100 
1.153400 
1.154000 
1.154100 
1.156600 
1.157100 
1.158100 
1.159000 
1.160600 
1.161200 
1.161300 
1.162900 
1.163900 
1.164900 
1.165500 
1.166900 
1.166900 
1.168900 
1.170000 
1.170800 
1.172200 
1.172700 
1.172800 
1.173000 
1.173500 
1.173800 
1.174600 
1.174800 
1.174900 
1.174900 
1.175700 
1.176000 
1.176100 
1.176100 
1.176900 
1.176900 
1.177500 
1.177800 
1.178400 
1.178400 
1.179800 
1.180200 
1.180700 
1.180700 
1.181100 
1.181400 
1.182300 
1.183300 
1.183400 
1.183600 
1.185000 
1.185600 
1.185800 
1.186000 
1.186600 
1.187300 
1.188300 
1.188400 
1.189100 
1.190300 
1.190500 
1.191000 
1.191300 
1.192100 
1.192400 
1.194000 
1.194400 
1.195600 
1.195700 
1.195700 
1.195700 
1.195800 
1.196600 
1.197000 
1.198400 
1.199000 
1.199400 
1.199500 
1.199700 
1.199800 
1.199900 
1.200000 
1.200200 
1.202300 
1.202400 
1.202600 
1.203200 
1.203200 
1.203800 
1.205000 
1.205500 
1.207300 
1.207700 
1.207700 
1.208400 
1.208500 
1.209500 
1.210700 
1.211100 
1.212000 
1.212500 
1.212700 
1.213000 
1.213800 
1.214100 
1.214200 
1.214400 
1.214800 
1.215400 
1.215600 
1.215700 
1.216400 
1.217300 
1.217500 
1.217800 
1.217800 
1.217800 
1.219100 
1.220100 
1.220700 
1.221200 
1.222200 
1.222300 
1.222700 
1.223800 
1.228400 
1.228800 
1.229100 
1.229100 
1.229200 
1.230100 
1.230800 
1.231200 
1.231200 
1.232200 
1.232400 
1.232900 
1.233600 
1.234100 
1.234500 
1.234600 
1.235000 
1.236300 
1.236400 
1.236700 
1.236700 
1.237700 
1.237800 
1.238800 
1.238800 
1.239500 
1.239700 
1.239800 
1.240600 
1.243300 
1.243700 
1.244000 
1.244500 
1.244600 
1.245400 
1.245500 
1.246200 
1.246300 
1.247200 
1.247400 
1.247600 
1.247700 
1.248200 
1.248800 
1.248900 
1.249400 
1.250600 
1.250800 
1.251200 
1.253300 
1.253300 
1.253700 
1.255100 
1.255600 
1.256200 
1.257400 
1.257700 
1.257800 
1.258000 
1.258400 
1.259300 
1.259900 
1.259900 
1.260800 
1.261200 
1.261400 
1.261500 
1.261800 
1.261800 
1.262100 
1.262900 
1.263800 
1.263900 
1.264900 
1.265300 
1.267100 
1.267200 
1.268100 
1.269400 
1.270700 
1.271000 
1.271800 
1.272500 
1.273100 
1.275400 
1.278400 
1.279400 
1.280000 
1.281400 
1.281800 
1.282000 
1.282200 
1.282900 
1.283900 
1.284400 
1.285700 
1.286000 
1.287100 
1.287400 
1.287800 
1.288800 
1.289300 
1.290800 
1.291700 
1.292500 
1.293700 
1.293700 
1.293900 
1.294500 
1.295300 
1.295900 
1.296600 
1.297900 
1.298200 
1.298500 
1.299800 
1.300200 
1.300500 
1.300500 
1.301000 
1.301200 
1.303300 
1.303300 
1.303900 
1.304200 
1.304600 
1.304700 
1.304900 
1.306100 
1.306400 
1.307000 
1.307100 
1.307900 
1.308500 
1.309100 
1.309300 
1.309400 
1.309500 
1.311400 
1.311800 
1.313100 
1.313300 
1.314100 
1.314200 
1.314700 
1.315700 
1.316600 
1.316800 
1.318000 
1.318400 
1.318600 
1.320300 
1.320500 
1.320500 
1.320600 
1.321400 
1.323000 
1.324700 
1.325700 
1.326600 
1.327000 
1.327200 
1.327300 
1.327500 
1.327800 
1.327900 
1.328600 
1.329200 
1.330000 
1.330500 
1.330500 
1.331200 
1.331800 
1.332100 
1.332200 
1.332300 
1.332500 
1.332700 
1.334100 
1.334200 
1.334700 
1.335300 
1.335300 
1.336000 
1.336300 
1.337100 
1.338000 
1.338700 
1.338900 
1.339300 
1.339700 
1.340100 
1.340400 
1.341200 
1.341300 
1.341300 
1.342500 
1.343800 
1.344600 
1.345300 
1.345600 
1.346800 
1.347100 
1.347800 
1.348100 
1.348500 
1.349000 
1.349000 
1.349400 
1.350100 
1.350500 
1.350700 
1.351200 
1.351800 
1.352800 
1.353200 
1.353800 
1.354500 
1.354800 
1.356500 
1.356700 
1.356700 
1.356900 
1.358100 
1.359300 
1.360600 
1.360700 
1.361600 
1.361900 
1.362000 
1.362200 
1.362200 
1.362700 
1.362700 
1.364000 
1.364100 
1.364900 
1.365100 
1.366000 
1.366100 
1.366300 
1.366500 
1.368200 
1.368200 
1.368200 
1.368300 
1.368300 
1.368800 
1.369000 
1.369800 
1.370500 
1.370900 
1.371000 
1.371400 
1.371700 
1.371800 
1.372000 
1.372200 
1.372700 
1.373000 
1.373100 
1.373300 
1.373900 
1.374000 
1.374700 
1.375500 
1.376300 
1.376300 
1.376300 
1.376800 
1.376900 
1.376900 
1.377100 
1.377500 
1.377600 
1.379800 
1.380600 
1.380700 
1.381700 
1.381800 
1.382600 
1.384800 
1.385100 
1.385700 
1.386200 
1.386900 
1.387000 
1.388200 
1.388600 
1.388800 
1.389200 
1.389400 
1.390500 
1.390900 
1.391000 
1.391200 
1.391300 
1.391800 
1.392500 
1.392700 
1.395900 
1.396800 
1.397400 
1.397500 
1.397900 
1.399400 
1.400500 
1.400700 
1.401700 
1.401900 
1.402900 
1.402900 
1.403000 
1.403000 
1.403100 
1.404300 
1.404900 
1.405300 
1.405800 
1.406300 
1.406800 
1.406900 
1.406900 
1.407100 
1.407700 
1.407800 
1.408300 
1.408500 
1.409900 
1.410100 
1.411400 
1.411600 
1.411600 
1.412000 
1.412500 
1.413200 
1.413300 
1.414200 
1.414500 
1.415000 
1.415500 
1.415600 
1.415900 
1.415900 
1.416300 
1.416400 
1.416700 
1.417400 
1.417400 
1.418000 
1.418400 
1.419100 
1.419100 
1.419500 
1.419700 
1.420000 
1.420000 
1.420000 
1.420400 
1.421500 
1.422400 
1.422400 
1.422700 
1.423000 
1.424600 
1.425500 
1.427000 
1.427200 
1.427500 
1.427700 
1.427800 
1.427800 
1.427900 
1.428200 
1.428200 
1.428400 
1.428700 
1.429000 
1.429100 
1.429200 
1.429300 
1.430200 
1.431100 
1.432900 
1.433100 
1.434400 
1.434700 
1.435700 
1.436400 
1.436400 
1.437200 
1.437300 
1.437800 
1.439000 
1.439400 
1.439600 
1.440200 
1.440500 
1.440500 
1.441200 
1.441600 
1.442200 
1.443400 
1.443400 
1.443800 
1.444000 
1.444400 
1.445300 
1.445400 
1.446000 
1.446400 
1.446400 
1.446600 
1.446600 
1.447100 
1.447200 
1.447200 
1.449000 
1.449200 
1.450300 
1.450500 
1.450600 
1.451000 
1.451000 
1.451400 
1.451800 
1.452400 
1.452500 
1.455800 
1.456100 
1.457000 
1.457200 
1.458000 
1.459200 
1.459700 
1.459900 
1.461100 
1.461800 
1.462000 
1.462300 
1.462800 
1.463300 
1.463300 
1.463800 
1.464200 
1.464400 
1.465200 
1.465200 
1.465400 
1.465400 
1.466200 
1.466300 
1.467300 
1.467800 
1.468400 
1.468800 
1.468800 
1.468900 
1.469500 
1.469600 
1.470100 
1.470300 
1.471800 
1.472400 
1.472500 
1.472600 
1.473400 
1.473400 
1.473800 
1.474200 
1.474400 
1.475100 
1.475100 
1.475300 
1.475600 
1.475600 
1.476000 
1.476400 
1.477600 
1.478900 
1.479100 
1.480700 
1.480900 
1.482400 
1.482900 
1.483200 
1.483700 
1.484500 
1.486600 
1.486800 
1.486900 
1.487100 
1.487200 
1.488000 
1.488300 
1.488400 
1.488400 
1.488400 
1.488500 
1.488900 
1.488900 
1.489400 
1.489500 
1.489800 
1.489900 
1.490600 
1.491300 
1.491400 
1.491700 
1.491800 
1.492000 
1.492100 
1.492700 
1.493100 
1.493600 
1.494100 
1.494500 
1.494700 
1.496100 
1.497400 
1.497700 
1.498100 
1.498200 
1.498400 
1.498500 
1.498600 
1.499800 
1.499900 
1.500300 
1.501300 
1.501500 
1.501700 
1.501700 
1.502600 
1.503300 
1.503300 
1.503400 
1.504000 
1.504000 
1.504700 
1.505200 
1.505400 
1.506500 
1.509000 
1.509200 
1.509300 
1.509500 
1.510500 
1.510500 
1.511500 
1.511700 
1.512100 
1.512200 
1.512400 
1.512500 
1.513200 
1.513700 
1.514200 
1.515300 
1.515800 
1.515900 
1.515900 
1.516600 
1.516800 
1.516900 
1.517000 
1.517300 
1.518300 
1.518600 
1.518800 
1.519100 
1.519400 
1.519500 
1.520300 
1.520600 
1.520700 
1.520800 
1.521200 
1.521600 
1.521800 
1.522400 
1.522600 
1.523200 
1.523200 
1.523800 
1.524700 
1.526300 
1.526800 
1.526900 
1.527700 
1.528900 
1.528900 
1.529600 
1.529600 
1.529900 
1.530200 
1.531000 
1.532300 
1.532500 
1.533400 
1.533800 
1.534200 
1.534300 
1.534400 
1.534400 
1.535500 
1.535600 
1.536200 
1.536300 
1.538800 
1.538900 
1.539300 
1.540200 
1.540600 
1.541100 
1.543600 
1.544600 
1.544700 
1.546200 
1.546200 
1.546300 
1.547200 
1.547200 
1.547300 
1.547300 
1.548200 
1.548300 
1.548500 
1.549000 
1.549000 
1.549500 
1.549700 
1.549800 
1.549800 
1.550300 
1.550900 
1.551300 
1.552300 
1.553400 
1.553800 
1.554000 
1.554300 
1.555000 
1.555600 
1.556400 
1.556400 
1.556800 
1.557000 
1.557300 
1.557900 
1.558300 
1.558400 
1.558500 
1.558600 
1.558700 
1.559900 
1.561000 
1.561900 
1.562600 
1.563700 
1.564200 
1.564400 
1.566700 
1.568400 
1.568600 
1.569200 
1.570500 
1.571600 
1.572900 
1.572900 
1.573100 
1.573400 
1.573700 
1.574400 
1.574700 
1.574800 
1.575000 
1.575300 
1.575400 
1.576200 
1.576300 
1.577200 
1.577500 
1.578700 
1.579200 
1.579800 
1.580200 
1.580600 
1.580900 
1.581000 
1.581100 
1.581700 
1.581700 
1.581900 
1.582200 
1.582900 
1.583200 
1.583400 
1.583600 
1.584200 
1.585000 
1.585300 
1.585700 
1.586000 
1.587300 
1.587500 
1.587500 
1.587900 
1.588100 
1.589000 
1.589900 
1.590300 
1.590900 
1.591700 
1.592000 
1.592900 
1.593300 
1.593500 
1.594300 
1.594400 
1.595600 
1.597000 
1.599200 
1.599600 
1.599600 
1.599600 
1.600300 
1.600800 
1.600800 
1.601000 
1.602500 
1.603200 
1.603800 
1.603900 
1.604000 
1.604000 
1.604400 
1.604700 
1.604700 
1.605100 
1.608200 
1.608600 
1.608900 
1.609100 
1.609900 
1.610000 
1.610300 
1.610400 
1.610600 
1.611300 
1.611600 
1.611700 
1.612500 
1.613100 
1.613100 
1.614100 
1.614200 
1.614600 
1.616700 
1.617100 
1.618000 
1.619300 
1.620100 
1.620400 
1.621700 
1.622000 
1.622000 
1.622300 
1.623200 
1.623900 
1.624300 
1.624400 
1.624700 
1.625300 
1.626100 
1.627000 
1.627300 
1.627400 
1.627600 
1.628200 
1.628500 
1.629300 
1.630300 
1.630600 
1.631200 
1.632900 
1.633000 
1.633300 
1.633300 
1.633500 
1.633500 
1.634300 
1.636300 
1.636300 
1.636500 
1.637200 
1.638000 
1.638400 
1.639300 
1.639900 
1.640400 
1.640500 
1.641200 
1.642000 
1.642900 
1.643600 
1.643600 
1.644200 
1.644600 
1.645200 
1.645300 
1.645400 
1.646400 
1.646900 
1.647200 
1.647300 
1.647500 
1.648400 
1.649200 
1.649200 
1.649400 
1.649500 
1.650500 
1.651100 
1.651200 
1.651800 
1.652500 
1.653200 
1.654000 
1.654200 
1.654200 
1.654200 
1.654300 
1.654700 
1.656200 
1.656500 
1.657200 
1.657600 
1.657700 
1.657900 
1.658800 
1.659700 
1.661400 
1.662000 
1.665400 
1.665900 
1.666000 
1.667100 
1.667200 
1.667400 
1.667500 
1.667600 
1.668500 
1.669100 
1.670000 
1.670300 
1.670300 
1.670600 
1.670800 
1.670900 
1.671400 
1.672200 
1.672400 
1.673300 
1.673500 
1.673600 
1.673800 
1.674700 
1.675100 
1.675600 
1.676400 
1.676900 
1.676900 
1.677800 
1.678900 
1.679000 
1.679000 
1.679700 
1.680400 
1.680500 
1.680600 
1.681000 
1.681400 
1.682800 
1.683400 
1.683500 
1.683800 
1.683800 
1.684400 
1.684400 
1.685800 
1.686000 
1.686100 
1.686500 
1.686500 
1.687500 
1.687700 
1.687900 
1.688100 
1.689000 
1.689500 
1.689600 
1.690200 
1.690800 
1.690800 
1.690900 
1.691300 
1.691400 
1.691500 
1.691500 
1.691900 
1.692100 
1.692300 
1.692400 
1.692600 
1.693100 
1.693200 
1.694700 
1.695000 
1.696100 
1.696200 
1.697200 
1.697900 
1.698500 
1.698600 
1.699000 
1.699400 
1.699800 
1.701000 
1.701700 
1.701700 
1.701700 
1.701800 
1.702500 
1.703100 
1.703500 
1.704000 
1.704500 
1.704800 
1.704900 
1.705000 
1.706200 
1.707100 
1.707700 
1.709000 
1.709300 
1.709500 
1.711200 
1.712400 
1.712500 
1.713400 
1.713400 
1.713500 
1.714400 
1.714800 
1.715000 
1.716900 
1.718300 
1.721300 
1.721400 
1.721600 
1.722000 
1.722200 
1.722400 
1.722500 
1.723400 
1.724300 
1.724800 
1.725100 
1.725500 
1.726100 
1.726200 
1.726200 
1.728100 
1.729500 
1.730000 
1.730000 
1.730500 
1.731000 
1.732000 
1.732500 
1.732700 
1.732700 
1.732800 
1.734700 
1.735000 
1.735900 
1.738900 
1.740000 
1.740600 
1.740800 
1.742100 
1.742500 
1.742700 
1.742700 
1.742800 
1.743900 
1.744600 
1.744900 
1.745500 
1.745900 
1.746100 
1.747500 
1.747700 
1.747900 
1.748100 
1.748700 
1.748900 
1.750600 
1.750600 
1.750700 
1.752700 
1.752900 
1.753100 
1.754200 
1.754600 
1.754700 
1.755200 
1.755800 
1.755900 
1.756200 
1.757000 
1.758200 
1.759000 
1.760000 
1.760200 
1.760200 
1.762400 
1.762700 
1.762900 
1.763500 
1.763800 
1.764300 
1.764400 
1.764400 
1.765900 
1.766100 
1.766300 
1.768200 
1.768300 
1.768600 
1.769700 
1.770100 
1.772000 
1.772400 
1.773400 
1.773600 
1.774200 
1.775200 
1.776100 
1.776400 
1.777500 
1.777500 
1.778200 
1.778400 
1.778600 
1.779000 
1.779100 
1.781200 
1.781200 
1.781400 
1.781600 
1.781700 
1.781700 
1.782800 
1.783300 
1.783400 
1.784100 
1.784600 
1.785200 
1.785700 
1.786000 
1.787100 
1.787500 
1.787700 
1.787800 
1.789400 
1.789500 
1.790400 
1.792200 
1.793300 
1.795900 
1.796000 
1.796100 
1.796700 
1.796700 
1.797000 
1.798100 
1.799700 
1.800000 
1.801100 
1.801200 
1.801500 
1.802100 
1.802300 
1.802700 
1.803000 
1.803800 
1.804100 
1.804800 
1.804900 
1.805000 
1.805600 
1.805800 
1.806400 
1.806900 
1.807400 
1.807700 
1.807800 
1.808100 
1.809200 
1.810400 
1.810400 
1.810900 
1.812400 
1.812600 
1.812800 
1.813500 
1.814500 
1.814700 
1.815200 
1.815200 
1.816000 
1.816200 
1.816700 
1.818200 
1.818500 
1.819200 
1.819600 
1.819600 
1.820500 
1.820500 
1.820700 
1.821400 
1.821400 
1.821600 
1.821900 
1.822200 
1.822300 
1.823300 
1.823900 
1.824400 
1.824500 
1.824800 
1.825000 
1.825400 
1.825500 
1.826100 
1.826100 
1.828000 
1.828200 
1.828500 
1.830400 
1.830600 
1.830700 
1.831300 
1.831400 
1.831900 
1.832400 
1.832400 
1.832600 
1.832600 
1.832900 
1.833400 
1.833900 
1.834400 
1.834400 
1.834600 
1.834600 
1.834800 
1.834900 
1.834900 
1.835000 
1.835300 
1.835800 
1.835900 
1.836100 
1.836200 
1.836900 
1.837000 
1.837600 
1.839200 
1.839300 
1.839600 
1.839900 
1.840100 
1.840600 
1.840800 
1.841600 
1.842400 
1.842600 
1.843300 
1.843400 
1.843600 
1.844200 
1.844800 
1.845200 
1.846000 
1.846900 
1.847000 
1.847100 
1.847300 
1.847600 
1.847800 
1.847900 
1.847900 
1.848700 
1.849000 
1.849700 
1.850300 
1.850500 
1.850700 
1.851400 
1.851600 
1.851800 
1.852800 
1.852800 
1.853100 
1.853800 
1.854900 
1.855500 
1.857000 
1.857700 
1.858300 
1.858300 
1.858400 
1.859400 
1.860300 
1.862200 
1.863600 
1.863800 
1.865100 
1.865100 
1.865600 
1.866000 
1.866800 
1.866900 
1.867000 
1.867100 
1.867200 
1.867400 
1.868900 
1.869800 
1.870000 
1.870000 
1.870500 
1.870600 
1.870900 
1.871800 
1.871900 
1.872800 
1.873300 
1.873400 
1.873600 
1.874200 
1.875100 
1.876100 
1.876400 
1.876900 
1.878200 
1.879600 
1.880400 
1.881100 
1.881500 
1.881700 
1.882400 
1.882500 
1.882800 
1.883100 
1.883100 
1.883700 
1.883800 
1.883800 
1.883900 
1.884600 
1.885400 
1.885800 
1.886200 
1.886300 
1.887100 
1.887500 
1.888100 
1.888100 
1.888200 
1.888300 
1.888400 
1.888500 
1.888900 
1.889600 
1.891500 
1.891700 
1.891800 
1.892000 
1.892000 
1.894400 
1.894800 
1.894900 
1.895500 
1.895800 
1.895900 
1.896100 
1.896400 
1.896500 
1.897200 
1.898200 
1.898600 
1.899700 
1.900500 
1.900800 
1.901300 
1.902400 
1.902700 
1.903600 
1.904300 
1.904400 
1.904600 
1.904800 
1.905100 
1.905400 
1.906500 
1.906600 
1.907000 
1.907400 
1.907400 
1.908400 
1.908500 
1.908800 
1.909900 
1.910300 
1.912100 
1.912200 
1.912600 
1.912800 
1.915700 
1.916200 
1.916500 
1.919000 
1.920100 
1.920200 
1.920200 
1.920300 
1.921600 
1.922000 
1.922300 
1.922700 
1.922900 
1.922900 
1.923300 
1.923300 
1.924000 
1.924200 
1.925400 
1.925500 
1.925800 
1.927400 
1.927600 
1.927700 
1.927700 
1.928100 
1.928800 
1.928900 
1.929500 
1.929600 
1.930000 
1.930200 
1.930200 
1.931000 
1.931500 
1.931600 
1.932000 
1.932300 
1.934300 
1.934700 
1.935800 
1.936500 
1.937400 
1.939600 
1.939700 
1.940700 
1.941100 
1.941400 
1.941800 
1.943000 
1.943100 
1.943200 
1.944200 
1.945700 
1.945700 
1.946000 
1.946000 
1.946200 
1.947100 
1.947900 
1.948400 
1.948600 
1.949500 
1.949700 
1.950400 
1.950900 
1.950900 
1.951000 
1.951200 
1.951400 
1.951500 
1.952000 
1.952000 
1.952600 
1.953000 
1.954200 
1.954500 
1.955000 
1.955100 
1.955300 
1.956000 
1.956700 
1.956900 
1.957200 
1.957800 
1.957800 
1.957800 
1.958400 
1.958500 
1.958900 
1.959000 
1.959800 
1.959900 
1.960100 
1.960700 
1.961300 
1.961300 
1.962500 
1.962700 
1.965200 
1.966300 
1.966800 
1.968000 
1.968300 
1.968900 
1.968900 
1.969000 
1.969600 
1.969700 
1.970000 
1.970000 
1.970400 
1.971400 
1.971400 
1.972200 
1.972300 
1.972800 
1.973300 
1.974700 
1.975800 
1.976100 
1.977100 
1.977500 
1.977500 
1.978000 
1.979400 
1.979500 
1.979800 
1.980000 
1.980100 
1.981500 
1.981700 
1.982900 
1.983100 
1.983400 
1.983600 
1.983800 
1.984600 
1.984700 
1.984900 
1.985600 
1.985900 
1.986100 
1.986200 
1.987000 
1.987200 
1.987200 
1.987900 
1.988700 
1.988700 
1.989000 
1.989600 
1.990200 
1.990200 
1.990400 
1.990500 
1.991000 
1.991200 
1.991600 
1.991700 
1.992100 
1.992700 
1.992800 
1.992800 
1.993100 
1.994200 
1.994500 
1.994800 
1.994800 
1.994900 
1.995700 
1.995800 
1.995900 
1.996100 
1.996900 
1.997200 
1.997400 
1.999300 
1.999600 
1.999700 
2.000400 
2.001000 
2.002300 
2.002700 
2.002800 
2.003000 
2.003000 
2.003300 
2.003400 
2.003900 
2.003900 
2.004000 
2.005400 
2.006700 
2.007100 
2.007300 
2.007500 
2.008000 
2.008500 
2.009000 
2.009200 
2.009400 
2.010700 
2.011000 
2.011800 
2.012100 
2.012100 
2.013000 
2.013700 
2.014000 
2.014000 
2.014300 
2.014600 
2.014800 
2.015000 
2.015100 
2.016000 
2.016000 
2.016100 
2.018000 
2.018700 
2.018900 
2.019000 
2.019200 
2.019200 
2.019600 
2.019600 
2.020800 
2.021200 
2.022300 
2.022500 
2.022600 
2.022900 
2.023000 
2.023700 
2.024100 
2.024100 
2.024300 
2.024400 
2.024600 
2.024700 
2.025100 
2.026600 
2.027100 
2.027300 
2.027600 
2.028600 
2.029200 
2.029300 
2.029400 
2.030100 
2.030700 
2.031100 
2.031500 
2.031900 
2.032300 
2.033100 
2.033500 
2.034600 
2.035400 
2.035700 
2.035900 
2.036100 
2.036900 
2.037500 
2.037800 
2.038500 
2.038800 
2.039900 
2.041000 
2.043100 
2.043400 
2.044000 
2.044400 
2.045000 
2.045300 
2.045700 
2.045900 
2.045900 
2.046100 
2.046700 
2.047100 
2.048000 
2.048000 
2.048300 
2.049200 
2.049300 
2.049500 
2.050000 
2.052400 
2.052700 
2.053500 
2.054400 
2.054900 
2.054900 
2.055600 
2.057100 
2.057400 
2.057500 
2.058000 
2.058300 
2.060500 
2.060800 
2.061100 
2.061300 
2.061600 
2.062900 
2.063100 
2.063500 
2.063500 
2.063900 
2.063900 
2.064900 
2.065100 
2.065100 
2.066300 
2.066700 
2.066900 
2.067200 
2.067600 
2.067900 
2.068500 
2.069000 
2.069500 
2.070000 
2.071000 
2.072500 
2.072900 
2.073400 
2.073400 
2.073500 
2.073700 
2.074400 
2.075100 
2.077000 
2.077500 
2.077700 
2.078100 
2.078100 
2.078600 
2.079700 
2.079800 
2.080600 
2.081100 
2.082400 
2.082700 
2.082800 
2.082900 
2.083100 
2.083100 
2.083400 
2.086000 
2.086500 
2.086600 
2.087800 
2.088400 
2.090100 
2.090200 
2.090500 
2.090600 
2.090800 
2.091900 
2.092100 
2.092100 
2.092600 
2.093900 
2.095000 
2.095700 
2.097000 
2.097100 
2.097100 
2.097600 
2.097600 
2.098300 
2.098500 
2.098600 
2.099300 
2.099400 
2.100300 
2.100400 
2.100400 
2.101200 
2.101300 
2.102300 
2.103300 
2.103700 
2.104200 
2.105100 
2.105500 
2.106800 
2.108400 
2.108600 
2.109000 
2.109800 
2.110100 
2.110300 
2.110600 
2.111000 
2.111000 
2.111100 
2.111100 
2.111500 
2.112100 
2.112900 
2.113200 
2.113500 
2.113900 
2.114000 
2.114000 
2.114300 
2.116100 
2.116400 
2.117100 
2.118400 
2.119800 
2.120900 
2.121200 
2.121300 
2.121900 
2.122200 
2.123500 
2.125100 
2.125300 
2.126100 
2.126200 
2.126200 
2.126900 
2.127400 
2.128400 
2.128700 
2.129200 
2.130300 
2.130500 
2.131300 
2.132300 
2.133500 
2.133700 
2.134000 
2.134500 
2.134800 
2.135200 
2.135500 
2.137200 
2.137500 
2.138300 
2.138700 
2.138800 
2.141400 
2.142700 
2.142700 
2.143400 
2.144200 
2.145000 
2.146700 
2.147200 
2.148000 
2.148600 
2.149200 
2.150700 
2.151900 
2.152100 
2.152900 
2.153100 
2.155300 
2.155300 
2.155400 
2.155800 
2.155900 
2.156600 
2.157300 
2.158200 
2.159100 
2.159600 
2.159700 
2.160000 
2.160600 
2.160800 
2.161100 
2.161200 
2.161300 
2.161400 
2.161600 
2.162300 
2.162300 
2.162700 
2.163200 
2.164400 
2.165300 
2.165700 
2.168400 
2.169400 
2.171600 
2.171800 
2.172300 
2.175200 
2.175900 
2.177900 
2.178000 
2.178300 
2.178300 
2.178500 
2.180000 
2.180200 
2.180700 
2.182100 
2.182900 
2.183900 
2.184300 
2.185800 
2.186500 
2.186700 
2.186800 
2.187000 
2.187200 
2.188000 
2.188200 
2.188900 
2.189000 
2.189800 
2.191300 
2.191300 
2.191300 
2.191500 
2.193100 
2.193200 
2.193300 
2.193300 
2.193800 
2.194800 
2.195200 
2.195400 
2.195800 
2.196100 
2.197000 
2.197400 
2.197900 
2.198100 
2.198200 
2.198600 
2.198700 
2.198900 
2.199100 
2.200500 
2.201000 
2.201300 
2.201400 
2.201800 
2.202500 
2.203000 
2.203300 
2.203400 
2.203800 
2.204900 
2.205000 
2.205100 
2.205400 
2.205400 
2.207300 
2.208700 
2.209700 
2.210000 
2.210200 
2.210600 
2.211000 
2.211000 
2.211500 
2.211700 
2.212400 
2.212700 
2.212800 
2.213000 
2.213500 
2.213700 
2.214000 
2.214400 
2.214500 
2.214500 
2.214700 
2.214900 
2.215700 
2.215900 
2.216400 
2.216800 
2.216900 
2.217400 
2.217800 
2.219000 
2.219400 
2.220200 
2.221100 
2.221200 
2.221500 
2.221700 
2.222700 
2.223700 
2.223900 
2.224000 
2.225400 
2.226400 
2.226900 
2.227000 
2.228200 
2.228500 
2.228900 
2.229200 
2.229600 
2.229800 
2.230000 
2.230700 
2.231400 
2.232200 
2.233100 
2.233900 
2.235600 
2.236400 
2.237000 
2.237700 
2.238500 
2.239100 
2.240800 
2.241400 
2.242300 
2.245700 
2.246500 
2.246700 
2.247000 
2.247600 
2.247700 
2.247800 
2.248100 
2.250500 
2.251400 
2.251500 
2.251800 
2.254000 
2.254200 
2.254200 
2.254700 
2.254900 
2.258900 
2.259100 
2.259900 
2.260100 
2.260600 
2.262400 
2.262400 
2.263700 
2.263900 
2.264000 
2.264100 
2.265000 
2.266800 
2.267200 
2.267400 
2.268300 
2.268500 
2.270200 
2.271100 
2.271400 
2.272200 
2.272400 
2.273000 
2.275000 
2.275100 
2.275300 
2.276800 
2.277100 
2.278100 
2.278300 
2.278500 
2.279200 
2.280100 
2.282800 
2.283600 
2.283600 
2.283600 
2.284500 
2.284900 
2.285000 
2.285100 
2.285300 
2.285900 
2.286300 
2.287700 
2.288900 
2.289000 
2.289000 
2.291900 
2.292100 
2.293100 
2.293400 
2.293600 
2.293700 
2.293900 
2.294400 
2.294600 
2.295800 
2.297100 
2.297100 
2.298100 
2.299100 
2.299100 
2.299800 
2.300900 
2.301500 
2.301700 
2.302200 
2.302400 
2.303400 
2.303400 
2.303500 
2.303600 
2.303700 
2.303800 
2.304200 
2.305100 
2.306200 
2.306800 
2.307000 
2.307000 
2.307300 
2.307500 
2.307800 
2.309300 
2.309500 
2.309600 
2.311000 
2.311400 
2.311400 
2.311600 
2.312700 
2.313300 
2.313700 
2.314300 
2.314400 
2.314500 
2.315200 
2.316500 
2.316900 
2.317400 
2.317600 
2.318300 
2.319300 
2.319700 
2.319800 
2.322000 
2.322800 
2.323100 
2.324200 
2.325300 
2.325600 
2.325900 
2.326400 
2.326900 
2.327000 
2.327600 
2.328300 
2.328800 
2.329300 
2.329500 
2.329900 
2.330400 
2.330800 
2.330800 
2.331200 
2.332600 
2.333200 
2.333300 
2.333600 
2.333700 
2.333900 
2.334400 
2.334900 
2.335400 
2.336300 
2.336800 
2.337000 
2.337000 
2.337000 
2.338100 
2.338200 
2.338700 
2.339200 
2.339300 
2.339400 
2.339800 
2.340400 
2.340400 
2.341300 
2.341700 
2.342100 
2.342900 
2.345100 
2.345300 
2.345900 
2.345900 
2.346000 
2.346000 
2.346500 
2.347300 
2.347900 
2.347900 
2.348000 
2.349800 
2.350400 
2.351200 
2.351300 
2.352100 
2.354100 
2.354200 
2.355000 
2.355100 
2.355200 
2.355300 
2.355400 
2.355700 
2.356700 
2.357400 
2.357500 
2.357500 
2.357600 
2.357800 
2.358400 
2.358500 
2.358700 
2.359300 
2.359500 
2.359600 
2.359800 
2.360300 
2.363500 
2.364500 
2.365200 
2.365400 
2.365800 
2.366100 
2.366400 
2.369600 
2.370000 
2.370800 
2.371200 
2.371500 
2.372800 
2.374000 
2.374400 
2.375500 
2.375600 
2.376600 
2.376800 
2.377000 
2.377300 
2.377500 
2.378300 
2.378800 
2.379900 
2.379900 
2.380900 
2.381600 
2.382800 
2.383800 
2.384000 
2.384100 
2.384500 
2.384500 
2.385000 
2.385400 
2.385400 
2.385600 
2.385900 
2.386400 
2.386400 
2.388600 
2.389000 
2.389800 
2.389800 
2.390200 
2.390400 
2.390800 
2.392000 
2.392400 
2.393000 
2.393100 
2.393300 
2.394200 
2.394900 
2.395800 
2.396600 
2.397100 
2.397300 
2.397600 
2.397700 
2.398500 
2.398500 
2.398800 
2.399000 
2.399100 
2.399300 
2.399800 
2.400000 
2.400200 
2.400200 
2.400300 
2.400600 
2.401300 
2.401400 
2.402700 
2.403100 
2.404300 
2.404400 
2.404500 
2.404500 
2.404700 
2.404800 
2.405200 
2.405300 
2.405500 
2.405500 
2.405900 
2.407300 
2.407400 
2.407600 
2.408200 
2.408400 
2.408800 
2.409100 
2.409200 
2.409500 
2.409900 
2.410000 
2.410300 
2.410500 
2.410600 
2.412400 
2.412400 
2.412700 
2.412700 
2.412700 
2.413200 
2.413500 
2.413900 
2.414300 
2.415100 
2.415200 
2.415500 
2.415500 
2.415600 
2.415800 
2.415800 
2.418400 
2.419900 
2.421100 
2.421300 
2.421400 
2.421900 
2.422100 
2.422300 
2.422400 
2.422700 
2.423500 
2.424100 
2.424300 
2.425600 
2.425900 
2.426000 
2.426100 
2.426700 
2.427800 
2.428200 
2.428600 
2.428800 
2.428900 
2.430000 
2.430200 
2.430700 
2.431000 
2.432100 
2.432500 
2.432500 
2.434300 
2.435200 
2.435300 
2.436700 
2.436800 
2.437200 
2.438400 
2.438600 
2.439200 
2.440400 
2.440600 
2.440800 
2.441100 
2.442500 
2.442700 
2.442900 
2.443900 
2.445300 
2.448100 
2.448500 
2.448700 
2.449400 
2.449500 
2.450100 
2.450200 
2.451000 
2.451200 
2.451500 
2.451900 
2.451900 
2.452100 
2.453300 
2.454000 
2.454500 
2.454700 
2.455000 
2.455500 
2.457700 
2.458300 
2.458900 
2.461200 
2.461600 
2.461900 
2.463100 
2.464000 
2.464100 
2.464100 
2.464400 
2.464400 
2.464500 
2.467500 
2.467600 
2.467700 
2.469900 
2.470000 
2.470100 
2.470700 
2.470900 
2.471500 
2.472300 
2.473400 
2.473600 
2.473800 
2.474200 
2.474300 
2.474700 
2.475800 
2.477600 
2.477700 
2.477900 
2.478600 
2.478800 
2.479300 
2.479700 
2.480500 
2.480700 
2.480800 
2.481100 
2.481500 
2.481800 
2.482500 
2.483200 
2.483300 
2.483900 
2.484200 
2.484200 
2.484700 
2.485200 
2.485400 
2.485700 
2.486500 
2.486600 
2.487100 
2.487200 
2.487300 
2.487400 
2.487500 
2.487600 
2.487700 
2.488000 
2.488300 
2.490200 
2.490500 
2.490500 
2.490900 
2.492600 
2.492600 
2.493000 
2.493100 
2.494400 
2.494600 
2.494900 
2.495200 
2.496000 
2.496000 
2.496300 
2.496500 
2.496700 
2.497000 
2.497000 
2.497200 
2.497500 
2.497600 
2.497600 
2.497900 
2.498200 
2.498600 
2.499300 
2.499600 
2.499600 
2.500000 
2.500500 
2.502500 
2.502500 
2.502900 
2.503000 
2.503900 
2.503900 
2.504100 
2.504300 
2.504700 
2.504800 
2.505000 
2.506500 
2.506600 
2.506800 
2.507000 
2.507500 
2.507800 
2.509500 
2.510500 
2.511100 
2.511300 
2.511400 
2.512700 
2.513700 
2.514200 
2.514500 
2.514600 
2.515300 
2.516500 
2.516500 
2.516900 
2.517200 
2.518700 
2.518800 
2.519600 
2.520100 
2.520300 
2.520600 
2.521600 
2.521700 
2.522500 
2.522800 
2.522800 
2.523600 
2.523800 
2.524000 
2.524300 
2.524700 
2.524900 
2.525600 
2.526400 
2.526600 
2.526900 
2.526900 
2.527600 
2.528000 
2.528200 
2.530700 
2.531400 
2.531600 
2.531800 
2.531900 
2.532100 
2.532600 
2.532800 
2.533000 
2.533400 
2.533500 
2.533800 
2.533800 
2.535000 
2.535100 
2.535100 
2.536800 
2.538100 
2.538200 
2.539200 
2.539800 
2.539800 
2.539900 
2.542000 
2.542100 
2.542200 
2.542400 
2.543800 
2.544000 
2.544000 
2.544700 
2.545900 
2.546800 
2.547700 
2.548400 
2.548600 
2.548600 
2.549300 
2.549900 
2.550000 
2.550100 
2.551100 
2.551200 
2.551800 
2.552100 
2.552800 
2.554300 
2.554900 
2.555100 
2.555500 
2.556000 
2.556100 
2.556100 
2.556200 
2.556300 
2.556300 
2.556600 
2.556700 
2.556900 
2.557500 
2.558300 
2.558700 
2.559200 
2.561700 
2.562600 
2.562700 
2.563100 
2.565000 
2.565100 
2.565700 
2.566300 
2.567700 
2.568300 
2.568800 
2.568800 
2.569000 
2.569200 
2.570200 
2.571300 
2.571500 
2.572100 
2.572800 
2.573300 
2.573600 
2.573900 
2.574300 
2.575500 
2.576400 
2.576500 
2.576900 
2.577300 
2.577600 
2.578300 
2.578600 
2.579300 
2.580000 
2.580200 
2.580500 
2.580800 
2.581700 
2.582000 
2.583300 
2.584300 
2.587000 
2.587200 
2.588100 
2.589200 
2.590200 
2.590300 
2.590500 
2.591000 
2.592400 
2.592400 
2.592500 
2.592700 
2.593100 
2.593800 
2.594000 
2.594500 
2.594800 
2.596200 
2.596300 
2.597000 
2.598000 
2.598800 
2.599900 
2.600600 
2.600900 
2.602100 
2.602700 
2.603200 
2.604400 
2.604400 
2.605300 
2.605900 
2.606400 
2.606500 
2.606500 
2.607600 
2.607900 
2.608100 
2.608800 
2.609100 
2.609200 
2.609200 
2.612200 
2.613100 
2.613900 
2.614800 
2.615200 
2.615400 
2.615900 
2.617900 
2.618000 
2.618400 
2.619500 
2.620400 
2.620900 
2.621300 
2.621700 
2.621900 
2.623000 
2.624400 
2.624700 
2.624800 
2.625600 
2.626000 
2.626400 
2.626700 
2.627100 
2.627900 
2.628100 
2.628300 
2.629500 
2.629600 
2.630500 
2.630600 
2.631400 
2.632400 
2.632800 
2.632900 
2.633600 
2.634100 
2.634900 
2.635100 
2.635900 
2.636000 
2.637200 
2.638800 
2.639000 
2.639200 
2.639500 
2.641200 
2.641800 
2.642600 
2.642700 
2.643800 
2.646000 
2.646900 
2.646900 
2.647500 
2.647700 
2.648700 
2.648900 
2.649700 
2.650300 
2.650700 
2.650900 
2.651500 
2.652500 
2.652600 
2.652700 
2.653100 
2.653600 
2.654000 
2.654100 
2.654400 
2.654700 
2.654900 
2.654900 
2.655100 
2.655100 
2.655400 
2.655500 
2.655800 
2.656100 
2.656500 
2.657000 
2.657200 
2.657400 
2.657600 
2.658000 
2.659400 
2.659500 
2.660200 
2.660300 
2.660400 
2.660500 
2.660700 
2.660800 
2.660800 
2.661300 
2.661400 
2.661500 
2.661800 
2.662000 
2.662000 
2.662700 
2.664300 
2.665200 
2.666200 
2.666700 
2.666900 
2.667400 
2.667400 
2.667400 
2.667600 
2.670300 
2.671000 
2.671300 
2.671300 
2.671400 
2.671600 
2.672100 
2.672200 
2.672300 
2.673300 
2.673800 
2.674600 
2.674600 
2.675100 
2.675200 
2.675500 
2.675500 
2.676000 
2.676500 
2.676700 
2.678200 
2.679000 
2.679100 
2.679200 
2.679500 
2.679700 
2.682200 
2.683200 
2.684500 
2.685500 
2.685600 
2.685600 
2.685700 
2.685800 
2.686100 
2.687200 
2.687200 
2.687500 
2.687900 
2.688700 
2.689200 
2.689600 
2.690400 
2.691400 
2.692000 
2.692700 
2.692900 
2.693200 
2.693500 
2.693500 
2.693600 
2.694300 
2.694300 
2.694500 
2.694500 
2.694700 
2.695000 
2.695300 
2.695600 
2.696600 
2.696800 
2.697200 
2.697200 
2.697700 
2.697700 
2.698900 
2.701600 
2.702600 
2.704100 
2.704200 
2.704300 
2.704300 
2.705400 
2.706500 
2.706700 
2.707100 
2.707400 
2.708200 
2.708400 
2.710600 
2.710700 
2.710800 
2.711000 
2.711400 
2.712300 
2.712500 
2.712600 
2.714100 
2.715100 
2.715300 
2.715600 
2.716000 
2.716800 
2.716900 
2.718600 
2.719100 
2.720500 
2.720800 
2.721000 
2.721700 
2.724100 
2.724300 
2.725300 
2.725500 
2.725900 
2.726100 
2.726800 
2.727300 
2.727500 
2.729400 
2.729800 
2.732400 
2.732500 
2.733200 
2.733900 
2.734400 
2.735900 
2.736400 
2.736500 
2.736600 
2.736800 
2.737400 
2.737600 
2.738000 
2.738200 
2.739100 
2.739600 
2.740500 
2.741300 
2.742300 
2.742300 
2.743200 
2.743400 
2.743600 
2.743800 
2.744000 
2.745000 
2.745200 
2.745700 
2.746900 
2.747100 
2.748000 
2.748100 
2.748300 
2.748600 
2.749200 
2.749300 
2.749300 
2.749600 
2.750100 
2.750400 
2.750600 
2.750900 
2.751000 
2.751300 
2.751500 
2.751500 
2.752000 
2.753200 
2.753700 
2.753800 
2.754600 
2.755200 
2.755500 
2.756000 
2.756000 
2.756200 
2.756800 
2.756900 
2.757100 
2.758500 
2.760600 
2.762000 
2.762900 
2.763000 
2.763200 
2.763200 
2.763300 
2.764300 
2.765900 
2.766100 
2.766200 
2.766300 
2.766400 
2.766500 
2.767100 
2.767200 
2.768000 
2.768100 
2.768400 
2.768600 
2.769500 
2.769700 
2.770400 
2.770500 
2.770600 
2.771300 
2.771600 
2.772200 
2.772800 
2.773800 
2.774700 
2.774900 
2.775000 
2.775600 
2.776000 
2.776100 
2.776400 
2.777200 
2.777300 
2.777700 
2.779800 
2.780100 
2.780500 
2.781000 
2.781500 
2.782800 
2.783200 
2.784600 
2.785200 
2.785700 
2.786100 
2.786600 
2.787400 
2.788200 
2.788200 
2.788300 
2.789100 
2.790700 
2.791800 
2.793000 
2.793800 
2.794100 
2.794600 
2.795000 
2.795200 
2.795400 
2.796600 
2.797100 
2.798200 
2.798300 
2.798300 
2.798700 
2.800300 
2.800300 
2.800700 
2.801100 
2.801400 
2.801600 
2.802100 
2.802300 
2.802400 
2.802900 
2.803300 
2.805000 
2.805500 
2.805800 
2.806300 
2.806600 
2.806700 
2.806700 
2.806700 
2.807200 
2.807400 
2.807700 
2.807700 
2.808400 
2.808700 
2.808700 
2.809000 
2.809500 
2.810100 
2.810300 
2.812200 
2.812800 
2.812900 
2.813200 
2.813600 
2.814300 
2.814300 
2.814500 
2.814800 
2.814900 
2.815100 
2.815500 
2.815600 
2.815800 
2.817500 
2.818000 
2.819600 
2.819700 
2.821200 
2.822500 
2.822800 
2.824100 
2.825100 
2.825200 
2.826000 
2.827300 
2.828300 
2.828400 
2.828600 
2.829500 
2.829900 
2.830300 
2.830500 
2.830800 
2.831300 
2.832500 
2.832600 
2.833000 
2.834200 
2.835000 
2.835100 
2.835300 
2.835900 
2.836000 
2.837100 
2.837200 
2.837700 
2.838400 
2.839600 
2.840000 
2.840600 
2.841100 
2.841600 
2.841900 
2.843500 
2.843500 
2.843800 
2.844700 
2.844800 
2.845200 
2.845800 
2.846300 
2.847600 
2.848300 
2.848400 
2.848600 
2.848600 
2.849100 
2.849200 
2.849700 
2.849900 
2.850800 
2.851000 
2.851200 
2.851900 
2.852100 
2.852800 
2.852900 
2.853700 
2.854100 
2.854200 
2.855600 
2.857800 
2.857800 
2.857800 
2.858000 
2.858500 
2.858900 
2.859300 
2.862600 
2.863100 
2.864000 
2.865600 
2.865600 
2.866100 
2.868600 
2.869600 
2.870300 
2.871200 
2.871300 
2.871800 
2.872300 
2.872500 
2.873800 
2.874800 
2.875400 
2.876200 
2.877800 
2.878700 
2.878900 
2.878900 
2.878900 
2.879000 
2.879300 
2.880500 
2.882100 
2.882200 
2.882300 
2.882500 
2.882900 
2.882900 
2.882900 
2.883000 
2.883000 
2.883100 
2.883900 
2.885200 
2.885400 
2.887000 
2.887100 
2.888500 
2.889400 
2.890500 
2.891600 
2.892200 
2.893100 
2.893600 
2.893900 
2.894100 
2.894100 
2.894700 
2.894900 
2.895000 
2.895300 
2.895900 
2.896500 
2.896500 
2.896800 
2.897000 
2.897300 
2.897400 
2.898400 
2.899400 
2.899700 
2.900200 
2.900500 
2.900800 
2.902000 
2.902700 
2.903200 
2.903300 
2.903900 
2.904300 
2.904400 
2.906100 
2.906700 
2.908200 
2.908600 
2.909200 
2.909400 
2.909600 
2.910000 
2.911200 
2.911500 
2.911600 
2.911600 
2.913000 
2.913100 
2.914100 
2.914300 
2.914300 
2.914500 
2.914800 
2.915700 
2.916000 
2.916100 
2.916300 
2.916300 
2.916400 
2.916700 
2.917200 
2.918200 
2.919000 
2.919100 
2.920800 
2.921700 
2.922100 
2.923500 
2.925100 
2.925500 
2.925600 
2.925900 
2.926400 
2.926700 
2.926700 
2.927000 
2.927300 
2.927300 
2.928100 
2.928600 
2.929100 
2.929400 
2.929500 
2.930100 
2.930400 
2.930900 
2.932200 
2.932300 
2.932300 
2.932500 
2.932500 
2.933000 
2.933000 
2.933300 
2.934900 
2.935300 
2.936600 
2.938300 
2.938400 
2.938800 
2.939200 
2.939700 
2.939900 
2.940300 
2.940500 
2.941300 
2.941700 
2.942200 
2.942500 
2.943200 
2.944000 
2.944200 
2.944300 
2.944500 
2.945100 
2.945700 
2.945800 
2.948400 
2.948600 
2.948800 
2.949600 
2.949800 
2.949900 
2.950800 
2.951200 
2.951800 
2.952100 
2.952200 
2.952300 
2.953300 
2.954600 
2.954800 
2.954900 
2.955400 
2.955900 
2.956100 
2.956600 
2.957000 
2.960400 
2.960600 
2.960800 
2.961600 
2.962100 
2.962300 
2.962900 
2.962900 
2.963200 
2.963900 
2.964600 
2.965000 
2.966400 
2.966500 
2.966700 
2.967100 
2.967100 
2.967900 
2.967900 
2.968000 
2.968600 
2.970000 
2.971100 
2.971300 
2.971800 
2.972900 
2.973000 
2.973400 
2.973900 
2.974300 
2.976200 
2.976500 
2.976800 
2.977300 
2.978200 
2.978400 
2.978500 
2.978900 
2.979400 
2.980000 
2.980000 
2.980500 
2.981000 
2.982700 
2.983000 
2.983200 
2.983400 
2.983500 
2.984000 
2.984400 
2.985200 
2.986300 
2.987200 
2.987600 
2.988100 
2.989100 
2.989700 
2.989900 
2.990700 
2.991100 
2.992000 
2.992800 
2.993200 
2.994500 
2.994900 
2.995000 
2.995800 
2.996200 
2.996700 
2.996900 
2.996900 
2.997300 
2.998000 
2.998800 
2.999200 
3.000400 
3.000900 
3.001300 
3.001300 
3.001700 
3.001800 
3.002800 
3.003300 
3.003600 
3.004000 
3.004900 
3.005100 
3.005400 
3.005700 
3.006000 
3.006900 
3.007300 
3.007900 
3.008100 
3.008300 
3.008800 
3.009400 
3.009600 
3.009700 
3.010300 
3.011200 
3.011600 
3.012500 
3.013200 
3.014100 
3.014800 
3.016900 
3.017000 
3.019500 
3.020000 
3.021400 
3.021600 
3.021900 
3.022400 
3.023400 
3.023500 
3.023500 
3.024400 
3.024500 
3.025600 
3.025800 
3.025900 
3.026400 
3.027400 
3.027500 
3.027700 
3.027800 
3.028300 
3.029200 
3.029800 
3.029900 
3.030000 
3.031700 
3.031900 
3.032200 
3.032400 
3.032600 
3.033900 
3.034200 
3.034400 
3.035000 
3.035500 
3.035800 
3.036600 
3.036800 
3.037000 
3.038500 
3.038700 
3.039200 
3.039200 
3.039300 
3.039400 
3.039600 
3.039800 
3.040600 
3.040700 
3.040800 
3.041200 
3.041500 
3.042200 
3.042300 
3.042600 
3.043300 
3.043600 
3.044100 
3.044900 
3.045200 
3.045200 
3.046100 
3.046400 
3.047200 
3.048200 
3.048600 
3.048900 
3.048900 
3.049000 
3.050000 
3.050500 
3.050800 
3.050900 
3.051300 
3.051700 
3.052300 
3.052500 
3.053600 
3.055600 
3.056200 
3.056900 
3.057000 
3.058000 
3.058400 
3.058700 
3.060400 
3.062500 
3.062800 
3.064900 
3.065000 
3.065900 
3.066000 
3.067700 
3.069800 
3.070400 
3.071600 
3.072200 
3.072400 
3.072700 
3.073900 
3.074800 
3.075000 
3.075200 
3.075600 
3.076100 
3.076200 
3.076400 
3.076600 
3.076700 
3.078700 
3.078700 
3.079000 
3.079500 
3.079900 
3.081400 
3.082400 
3.084200 
3.085900 
3.087200 
3.087500 
3.088000 
3.089600 
3.089800 
3.091300 
3.091300 
3.092600 
3.092900 
3.093300 
3.094000 
3.095000 
3.095600 
3.095800 
3.096100 
3.096700 
3.097200 
3.097400 
3.097900 
3.098200 
3.098400 
3.098900 
3.099300 
3.100300 
3.100600 
3.100800 
3.101100 
3.104500 
3.104600 
3.105100 
3.105400 
3.106700 
3.107700 
3.109000 
3.109000 
3.109200 
3.109400 
3.109900 
3.110000 
3.110700 
3.111900 
3.112100 
3.112600 
3.112800 
3.113300 
3.113400 
3.113500 
3.113600 
3.113800 
3.115000 
3.118100 
3.119300 
3.119400 
3.119700 
3.120700 
3.121100 
3.121600 
3.121700 
3.122000 
3.122400 
3.122800 
3.122900 
3.123800 
3.123800 
3.123900 
3.124200 
3.124300 
3.124500 
3.125100 
3.125300 
3.126300 
3.126800 
3.126800 
3.127000 
3.128400 
3.129600 
3.130100 
3.130700 
3.131900 
3.132000 
3.132100 
3.132200 
3.133600 
3.135300 
3.135500 
3.135700 
3.136000 
3.136200 
3.136300 
3.137000 
3.137500 
3.138400 
3.138400 
3.139000 
3.139100 
3.139500 
3.139700 
3.139900 
3.141200 
3.141700 
3.141700 
3.141800 
3.142500 
3.143500 
3.143600 
3.144000 
3.144900 
3.145100 
3.145200 
3.145300 
3.146200 
3.146200 
3.146300 
3.146800 
3.147200 
3.147400 
3.148500 
3.148800 
3.149100 
3.149800 
3.150200 
3.150700 
3.151700 
3.152100 
3.152300 
3.152300 
3.152300 
3.152500 
3.152600 
3.152800 
3.152900 
3.153300 
3.153300 
3.153500 
3.153700 
3.154000 
3.154500 
3.154900 
3.155300 
3.155300 
3.155900 
3.156300 
3.156300 
3.156900 
3.157400 
3.157400 
3.157900 
3.158800 
3.159700 
3.161300 
3.161500 
3.161500 
3.161600 
3.161800 
3.161900 
3.161900 
3.161900 
3.162100 
3.163300 
3.163600 
3.164300 
3.164500 
3.165400 
3.165700 
3.166100 
3.166600 
3.166600 
3.166900 
3.167000 
3.167100 
3.168000 
3.168600 
3.169300 
3.170600 
3.172300 
3.172900 
3.173200 
3.173600 
3.173900 
3.174300 
3.174900 
3.175500 
3.176300 
3.176400 
3.177000 
3.177600 
3.177700 
3.178600 
3.178600 
3.178600 
3.178800 
3.179300 
3.179500 
3.180100 
3.180300 
3.180800 
3.181100 
3.181500 
3.181900 
3.182500 
3.183400 
3.183800 
3.184000 
3.184900 
3.186300 
3.186400 
3.187000 
3.187400 
3.187800 
3.187800 
3.188500 
3.188900 
3.189800 
3.190400 
3.191000 
3.191600 
3.191600 
3.191800 
3.191800 
3.192300 
3.193500 
3.194800 
3.194900 
3.194900 
3.195300 
3.196600 
3.197200 
3.197300 
3.198900 
3.199500 
3.200000 
3.200300 
3.201100 
3.201300 
3.202700 
3.203100 
3.203700 
3.203900 
3.203900 
3.204100 
3.204600 
3.205100 
3.205200 
3.205300 
3.207400 
3.208000 
3.209400 
3.211900 
3.212600 
3.212700 
3.212800 
3.213900 
3.214400 
3.214900 
3.215000 
3.215300 
3.215700 
3.216800 
3.217200 
3.217900 
3.219200 
3.219200 
3.219500 
3.219600 
3.221500 
3.222300 
3.222700 
3.223900 
3.224300 
3.224500 
3.224800 
3.225100 
3.226000 
3.227100 
3.228000 
3.228500 
3.228600 
3.229900 
3.230100 
3.230500 
3.230500 
3.230600 
3.231000 
3.231900 
3.234700 
3.235400 
3.236100 
3.236400 
3.237800 
3.238000 
3.240200 
3.241000 
3.242500 
3.243200 
3.243500 
3.243600 
3.244100 
3.244700 
3.245100 
3.245400 
3.245700 
3.246500 
3.247100 
3.248600 
3.250100 
3.250200 
3.250800 
3.251800 
3.252000 
3.252200 
3.252400 
3.252600 
3.252800 
3.253200 
3.253200 
3.254000 
3.254000 
3.255400 
3.255800 
3.256300 
3.256800 
3.257700 
3.257900 
3.259100 
3.259700 
3.259800 
3.261800 
3.264200 
3.264600 
3.264700 
3.265300 
3.266800 
3.266800 
3.266800 
3.267000 
3.267400 
3.267700 
3.269100 
3.269600 
3.269800 
3.270100 
3.270200 
3.272400 
3.273500 
3.274300 
3.274600 
3.274900 
3.276000 
3.277300 
3.278000 
3.278600 
3.278800 
3.279500 
3.279700 
3.279900 
3.280500 
3.281400 
3.282300 
3.282700 
3.282800 
3.284000 
3.284100 
3.284400 
3.285200 
3.285700 
3.286700 
3.287400 
3.287400 
3.288400 
3.288900 
3.290800 
3.292000 
3.292200 
3.293400 
3.293600 
3.293700 
3.293800 
3.293900 
3.294100 
3.294800 
3.295100 
3.295200 
3.296300 
3.296300 
3.296700 
3.296700 
3.296700 
3.297400 
3.297400 
3.298700 
3.299200 
3.299500 
3.299600 
3.299700 
3.300000 
3.301100 
3.301200 
3.301700 
3.302100 
3.302700 
3.303000 
3.303100 
3.303300 
3.303800 
3.303800 
3.304200 
3.304700 
3.305500 
3.305800 
3.306400 
3.306400 
3.306800 
3.306900 
3.307000 
3.308400 
3.308600 
3.308900 
3.309500 
3.309600 
3.309700 
3.310400 
3.310600 
3.311400 
3.312400 
3.313000 
3.314500 
3.315100 
3.315200 
3.315200 
3.316100 
3.316400 
3.316800 
3.316900 
3.317000 
3.317300 
3.317500 
3.318300 
3.318300 
3.318400 
3.318400 
3.320500 
3.320700 
3.321100 
3.321400 
3.322600 
3.323000 
3.324200 
3.324700 
3.325400 
3.326000 
3.327600 
3.328600 
3.330300 
3.330800 
3.330800 
3.331900 
3.332100 
3.332400 
3.333400 
3.334100 
3.334100 
3.334700 
3.335300 
3.336100 
3.336600 
3.336600 
3.336900 
3.337000 
3.337100 
3.338000 
3.338400 
3.338700 
3.339500 
3.339600 
3.340100 
3.340200 
3.340600 
3.342100 
3.342600 
3.342800 
3.343300 
3.344300 
3.344600 
3.344800 
3.345300 
3.345500 
3.347100 
3.347100 
3.347400 
3.348200 
3.348600 
3.348600 
3.348700 
3.348700 
3.349500 
3.351100 
3.352100 
3.352500 
3.353700 
3.353800 
3.354000 
3.355100 
3.357100 
3.357900 
3.358300 
3.360700 
3.361100 
3.361400 
3.361600 
3.361800 
3.363000 
3.363300 
3.363400 
3.364000 
3.364400 
3.365500 
3.366100 
3.367000 
3.369200 
3.369200 
3.369800 
3.369900 
3.370000 
3.370500 
3.371200 
3.371300 
3.371500 
3.372100 
3.372700 
3.373000 
3.373100 
3.373300 
3.373300 
3.373800 
3.373900 
3.374000 
3.374400 
3.374800 
3.375400 
3.375500 
3.375700 
3.376100 
3.376200 
3.376400 
3.377500 
3.377600 
3.379200 
3.380000 
3.380300 
3.382100 
3.382600 
3.383200 
3.383700 
3.384600 
3.384600 
3.384800 
3.384900 
3.385400 
3.385900 
3.386200 
3.386600 
3.387800 
3.388600 
3.389100 
3.389900 
3.389900 
3.390000 
3.390300 
3.390500 
3.390800 
3.391100 
3.391900 
3.392900 
3.393000 
3.393000 
3.393700 
3.393900 
3.394000 
3.396300 
3.396500 
3.396600 
3.397300 
3.397800 
3.398100 
3.398700 
3.398800 
3.399700 
3.402700 
3.403500 
3.404000 
3.405100 
3.405900 
3.406900 
3.407200 
3.407300 
3.407800 
3.408100 
3.408800 
3.409200 
3.409400 
3.409800 
3.410500 
3.410600 
3.411000 
3.412700 
3.412700 
3.413000 
3.413200 
3.413400 
3.413700 
3.414400 
3.415000 
3.415500 
3.415800 
3.416200 
3.416700 
3.417200 
3.419000 
3.419500 
3.419500 
3.420000 
3.420600 
3.421100 
3.421400 
3.422300 
3.423300 
3.424300 
3.424300 
3.424400 
3.425500 
3.426300 
3.426500 
3.426700 
3.427200 
3.427800 
3.428700 
3.428900 
3.428900 
3.429200 
3.430400 
3.431200 
3.431500 
3.431700 
3.431900 
3.432600 
3.433700 
3.434700 
3.434700 
3.434800 
3.435000 
3.435300 
3.435500 
3.436700 
3.437200 
3.437200 
3.437300 
3.437300 
3.437800 
3.438100 
3.439500 
3.439900 
3.440900 
3.441000 
3.441100 
3.441500 
3.442000 
3.442100 
3.443500 
3.443800 
3.445100 
3.445700 
3.446800 
3.447000 
3.447100 
3.447200 
3.447500 
3.448000 
3.448000 
3.448100 
3.448200 
3.448900 
3.449900 
3.450200 
3.450500 
3.450500 
3.450900 
3.451200 
3.451400 
3.452000 
3.452000 
3.452400 
3.452700 
3.452800 
3.453100 
3.454200 
3.455300 
3.455300 
3.456100 
3.456300 
3.456600 
3.457100 
3.457600 
3.458800 
3.458900 
3.458900 
3.459500 
3.459600 
3.461500 
3.462900 
3.463200 
3.463500 
3.463500 
3.464000 
3.464300 
3.464800 
3.465500 
3.466000 
3.468100 
3.468500 
3.469000 
3.469300 
3.469500 
3.469700 
3.469900 
3.470000 
3.470200 
3.470300 
3.471900 
3.472400 
3.472900 
3.473600 
3.473900 
3.474200 
3.474600 
3.474600 
3.474800 
3.476200 
3.476400 
3.476700 
3.476800 
3.477100 
3.477200 
3.477500 
3.478200 
3.478500 
3.479800 
3.479900 
3.480300 
3.481000 
3.481000 
3.481300 
3.484100 
3.485400 
3.486000 
3.486300 
3.487300 
3.488000 
3.488000 
3.488200 
3.488800 
3.489300 
3.489600 
3.490800 
3.492200 
3.492500 
3.492600 
3.493300 
3.493400 
3.493400 
3.494100 
3.495500 
3.495900 
3.496300 
3.496500 
3.496800 
3.496900 
3.497000 
3.497900 
3.498300 
3.498500 
3.498600 
3.498700 
3.498800 
3.500000 
3.500400 
3.500800 
3.500900 
3.501300 
3.501700 
3.502100 
3.503100 
3.503300 
3.503500 
3.503600 
3.503900 
3.504500 
3.504600 
3.505800 
3.505800 
3.506200 
3.506400 
3.507400 
3.507400 
3.510200 
3.511000 
3.511500 
3.511900 
3.512200 
3.512400 
3.513000 
3.513200 
3.513800 
3.514100 
3.514200 
3.514700 
3.515100 
3.515600 
3.515600 
3.515700 
3.515800 
3.516200 
3.516500 
3.516500 
3.517200 
3.518100 
3.518500 
3.519600 
3.519600 
3.519600 
3.519600 
3.519800 
3.520200 
3.520800 
3.520800 
3.521000 
3.521200 
3.521500 
3.521600 
3.521900 
3.522100 
3.522800 
3.525000 
3.525100 
3.525500 
3.526700 
3.526700 
3.527000 
3.527300 
3.528700 
3.528900 
3.529100 
3.529500 
3.529600 
3.529700 
3.529900 
3.530400 
3.530400 
3.530800 
3.530900 
3.531000 
3.531000 
3.531600 
3.531800 
3.531900 
3.532800 
3.532800 
3.532900 
3.534400 
3.535600 
3.536200 
3.537300 
3.538400 
3.540200 
3.541400 
3.541400 
3.542100 
3.542300 
3.544100 
3.545200 
3.546100 
3.546200 
3.546200 
3.546900 
3.547700 
3.547800 
3.548400 
3.548900 
3.549900 
3.550400 
3.550800 
3.551200 
3.552000 
3.553600 
3.554000 
3.554400 
3.554800 
3.555300 
3.555300 
3.556500 
3.556700 
3.557500 
3.558700 
3.559600 
3.559800 
3.560000 
3.560400 
3.560700 
3.560800 
3.560900 
3.561000 
3.561100 
3.561500 
3.562100 
3.564100 
3.564700 
3.565600 
3.565800 
3.566100 
3.566500 
3.567000 
3.567000 
3.567700 
3.569000 
3.570000 
3.570400 
3.570400 
3.570700 
3.571200 
3.571200 
3.571400 
3.571600 
3.571900 
3.571900 
3.572500 
3.572600 
3.574800 
3.575300 
3.575600 
3.575800 
3.576000 
3.577600 
3.577600 
3.578600 
3.579300 
3.579800 
3.580300 
3.580800 
3.581200 
3.581500 
3.582000 
3.582500 
3.582600 
3.583100 
3.583300 
3.583600 
3.584400 
3.586900 
3.588000 
3.588200 
3.588700 
3.589000 
3.589300 
3.589300 
3.589600 
3.591100 
3.591200 
3.591700 
3.591800 
3.592600 
3.593300 
3.594100 
3.594400 
3.594700 
3.594800 
3.594900 
3.595000 
3.595200 
3.595900 
3.595900 
3.596000 
3.596400 
3.596800 
3.597100 
3.597100 
3.599200 
3.599600 
3.599600 
3.599600 
3.600000 
3.600300 
3.600900 
3.601100 
3.602600 
3.602800 
3.603200 
3.603900 
3.604000 
3.605600 
3.606400 
3.606600 
3.607500 
3.607800 
3.608600 
3.608700 
3.608800 
3.609000 
3.609200 
3.609800 
3.609900 
3.610200 
3.610400 
3.610700 
3.612000 
3.612000 
3.612200 
3.612300 
3.613000 
3.613300 
3.613500 
3.614100 
3.615700 
3.615800 
3.616000 
3.616500 
3.616800 
3.617300 
3.617600 
3.617700 
3.618000 
3.618700 
3.619300 
3.619800 
3.620200 
3.621500 
3.621900 
3.622400 
3.623100 
3.623300 
3.623700 
3.624200 
3.624300 
3.625800 
3.626700 
3.627300 
3.627400 
3.628200 
3.629400 
3.631300 
3.632000 
3.632100 
3.633300 
3.633400 
3.633500 
3.634000 
3.634300 
3.634600 
3.634700 
3.636900 
3.638800 
3.639800 
3.639900 
3.640000 
3.640200 
3.640400 
3.642000 
3.643500 
3.643900 
3.644200 
3.645100 
3.645300 
3.646400 
3.646500 
3.647500 
3.647600 
3.649300 
3.649400 
3.650500 
3.650800 
3.651200 
3.651300 
3.652800 
3.652800 
3.653100 
3.653800 
3.655100 
3.656100 
3.656400 
3.656700 
3.656800 
3.657200 
3.658500 
3.658700 
3.659100 
3.659700 
3.660000 
3.660200 
3.660500 
3.660600 
3.660600 
3.661000 
3.661100 
3.662500 
3.663700 
3.664200 
3.664300 
3.664300 
3.666000 
3.667300 
3.667600 
3.668100 
3.668500 
3.668900 
3.669200 
3.670300 
3.670300 
3.670500 
3.670600 
3.671500 
3.671800 
3.672900 
3.673000 
3.673100 
3.673200 
3.673300 
3.674200 
3.674300 
3.674400 
3.675500 
3.675600 
3.675800 
3.675900 
3.676200 
3.676900 
3.677300 
3.678000 
3.678300 
3.678600 
3.679300 
3.680200 
3.682000 
3.682000 
3.682100 
3.682400 
3.682500 
3.682900 
3.683100 
3.683300 
3.683400 
3.683500 
3.683600 
3.683700 
3.684600 
3.684900 
3.685900 
3.686000 
3.689200 
3.689900 
3.690100 
3.690300 
3.690400 
3.693200 
3.695400 
3.696500 
3.697000 
3.697200 
3.697500 
3.697500 
3.698300 
3.698900 
3.699100 
3.699800 
3.701600 
3.702000 
3.704000 
3.704400 
3.705800 
3.706300 
3.706400 
3.706900 
3.707000 
3.707800 
3.707900 
3.708400 
3.711400 
3.711700 
3.712200 
3.712400 
3.713000 
3.713100 
3.713600 
3.715000 
3.716700 
3.716900 
3.717100 
3.717400 
3.717900 
3.718800 
3.724100 
3.724400 
3.724900 
3.725300 
3.725300 
3.725500 
3.726500 
3.726700 
3.727700 
3.728100 
3.728300 
3.728800 
3.728800 
3.728900 
3.729000 
3.729200 
3.729300 
3.729800 
3.732200 
3.732200 
3.732400 
3.733200 
3.734400 
3.734900 
3.734900 
3.736400 
3.736400 
3.736700 
3.737000 
3.737200 
3.737900 
3.739200 
3.739200 
3.740100 
3.740300 
3.740400 
3.740500 
3.740700 
3.740800 
3.740900 
3.742200 
3.742700 
3.743500 
3.743600 
3.745000 
3.745300 
3.745300 
3.747000 
3.749900 
3.750700 
3.751300 
3.751500 
3.751800 
3.752000 
3.752300 
3.752500 
3.752700 
3.752800 
3.755200 
3.755200 
3.755500 
3.755800 
3.756100 
3.756200 
3.757300 
3.757600 
3.757700 
3.757800 
3.758100 
3.759700 
3.759800 
3.761900 
3.763100 
3.763500 
3.763900 
3.765400 
3.765600 
3.765700 
3.766300 
3.766400 
3.766800 
3.767700 
3.767700 
3.768600 
3.768900 
3.769200 
3.770600 
3.771000 
3.772200 
3.772300 
3.772600 
3.772700 
3.772900 
3.773600 
3.773600 
3.774400 
3.774900 
3.775700 
3.775700 
3.775800 
3.776200 
3.776300 
3.776600 
3.777300 
3.777600 
3.778200 
3.778500 
3.778600 
3.779100 
3.779300 
3.779900 
3.780000 
3.780100 
3.781000 
3.781900 
3.782400 
3.783000 
3.783600 
3.783900 
3.784400 
3.784500 
3.784600 
3.785300 
3.785600 
3.785800 
3.786400 
3.787200 
3.787400 
3.787900 
3.788100 
3.788200 
3.790600 
3.791400 
3.791500 
3.791600 
3.791700 
3.792300 
3.792300 
3.792300 
3.793000 
3.793300 
3.794200 
3.794400 
3.794500 
3.795000 
3.795800 
3.798100 
3.798500 
3.798700 
3.798900 
3.799000 
3.799600 
3.800300 
3.800300 
3.800600 
3.800700 
3.801300 
3.801400 
3.802600 
3.802900 
3.803100 
3.803600 
3.803900 
3.803900 
3.804100 
3.804300 
3.804600 
3.805800 
3.806700 
3.806700 
3.806900 
3.807200 
3.807400 
3.807700 
3.807900 
3.808300 
3.808300 
3.809100 
3.809200 
3.809600 
3.809900 
3.810000 
3.812000 
3.812900 
3.814200 
3.814600 
3.814700 
3.814700 
3.815800 
3.815900 
3.817300 
3.818000 
3.818400 
3.819300 
3.819800 
3.819900 
3.821600 
3.822300 
3.822400 
3.823300 
3.823500 
3.823600 
3.824000 
3.824600 
3.825300 
3.827300 
3.828900 
3.828900 
3.829200 
3.831800 
3.832000 
3.832700 
3.833400 
3.833500 
3.833500 
3.833500 
3.833600 
3.833700 
3.833800 
3.834000 
3.834000 
3.834300 
3.834400 
3.834900 
3.835000 
3.835100 
3.835200 
3.835600 
3.837300 
3.838000 
3.838100 
3.838300 
3.839700 
3.840000 
3.840400 
3.841600 
3.842000 
3.842000 
3.842100 
3.843100 
3.843200 
3.844300 
3.844400 
3.844400 
3.844600 
3.845100 
3.845200 
3.845300 
3.845500 
3.846400 
3.846600 
3.846600 
3.846600 
3.848900 
3.849100 
3.849500 
3.849800 
3.850800 
3.850900 
3.851300 
3.851400 
3.853000 
3.853700 
3.853900 
3.854800 
3.856500 
3.856700 
3.857000 
3.857600 
3.857700 
3.859500 
3.860200 
3.860300 
3.861100 
3.861400 
3.861500 
3.862400 
3.862400 
3.863800 
3.863800 
3.864400 
3.864600 
3.864700 
3.864900 
3.866000 
3.867700 
3.868800 
3.872000 
3.872100 
3.872500 
3.873000 
3.873100 
3.873300 
3.873400 
3.874400 
3.874700 
3.876500 
3.876600 
3.876700 
3.877300 
3.877400 
3.877900 
3.878000 
3.878000 
3.879600 
3.879800 
3.880000 
3.880900 
3.881200 
3.881700 
3.882600 
3.883300 
3.884200 
3.884300 
3.885900 
3.886100 
3.886200 
3.886400 
3.886800 
3.887500 
3.888500 
3.888800 
3.888900 
3.889300 
3.889600 
3.889800 
3.891100 
3.892000 
3.892200 
3.892400 
3.893600 
3.893700 
3.894000 
3.894400 
3.895800 
3.896100 
3.896400 
3.897100 
3.897300 
3.897400 
3.897700 
3.898700 
3.898800 
3.900000 
3.900300 
3.900400 
3.901600 
3.902700 
3.902900 
3.903100 
3.903400 
3.903500 
3.904200 
3.905100 
3.905300 
3.905600 
3.906400 
3.906500 
3.908200 
3.908400 
3.908500 
3.908900 
3.909600 
3.909900 
3.912700 
3.913800 
3.915300 
3.915400 
3.915500 
3.916000 
3.917400 
3.917700 
3.918600 
3.919200 
3.919400 
3.919500 
3.921000 
3.921500 
3.921700 
3.922600 
3.922900 
3.923100 
3.923200 
3.924400 
3.926100 
3.927900 
3.928000 
3.928100 
3.928800 
3.929100 
3.929500 
3.930000 
3.930300 
3.930400 
3.930500 
3.931000 
3.932200 
3.932700 
3.932800 
3.932800 
3.932800 
3.933000 
3.933100 
3.934000 
3.934500 
3.934600 
3.935000 
3.935200 
3.935300 
3.936100 
3.936300 
3.936400 
3.936900 
3.937100 
3.937200 
3.937500 
3.938100 
3.938600 
3.938700 
3.938900 
3.939000 
3.939100 
3.939100 
3.940200 
3.940600 
3.940600 
3.941100 
3.941800 
3.942500 
3.942700 
3.942900 
3.943300 
3.943500 
3.943700 
3.945100 
3.946400 
3.947000 
3.947200 
3.947200 
3.948300 
3.948600 
3.949100 
3.949700 
3.949800 
3.950100 
3.950400 
3.951100 
3.951400 
3.951800 
3.951800 
3.952300 
3.952800 
3.952900 
3.955000 
3.955000 
3.955200 
3.957000 
3.957500 
3.957900 
3.958300 
3.958400 
3.958700 
3.960200 
3.960900 
3.961100 
3.961600 
3.961900 
3.962200 
3.962400 
3.962500 
3.963100 
3.963600 
3.964100 
3.964600 
3.964700 
3.964900 
3.965100 
3.965600 
3.966700 
3.966900 
3.967900 
3.968100 
3.969900 
3.970100 
3.970200 
3.970300 
3.970800 
3.971400 
3.971800 
3.972200 
3.972400 
3.972600 
3.973100 
3.973700 
3.973800 
3.974200 
3.974400 
3.976000 
3.977000 
3.977000 
3.979300 
3.979900 
3.980000 
3.980000 
3.980400 
3.980900 
3.981200 
3.981500 
3.983000 
3.983400 
3.983600 
3.984200 
3.984200 
3.984400 
3.984600 
3.984700 
3.985000 
3.985100 
3.985300 
3.985300 
3.985500 
3.986100 
3.987100 
3.987300 
3.987400 
3.988300 
3.988800 
3.989500 
3.989700 
3.990000 
3.990000 
3.990200 
3.993300 
3.994100 
3.994100 
3.995600 
3.995600 
3.995800 
3.995800 
3.996500 
3.997500 
3.998900 
3.999100 
