0.065100 
0.073800 
0.080600 
0.082300 
0.089300 
0.091800 
0.094700 
0.096200 
0.097700 
0.100000 
0.100700 
0.103900 
0.106000 
0.107400 
0.110400 
0.110500 
0.112300 
0.113600 
0.114800 
0.114900 
0.118700 
0.120700 
0.122100 
0.122100 
0.123400 
0.123900 
0.128700 
0.134200 
0.135600 
0.135900 
0.136700 
0.137900 
0.139000 
0.139500 
0.140100 
0.140200 
0.141800 
0.144600 
0.145600 
0.145800 
0.147300 
0.148100 
0.148100 
0.148800 
0.149900 
0.150900 
0.151200 
0.153200 
0.153500 
0.154100 
0.157900 
0.159200 
0.159900 
0.160000 
0.161600 
0.162600 
0.162600 
0.164400 
0.165300 
0.167400 
0.171200 
0.171300 
0.171400 
0.175600 
0.177900 
0.179600 
0.180800 
0.181100 
0.181600 
0.181800 
0.182200 
0.182800 
0.182900 
0.183300 
0.184500 
0.185500 
0.187300 
0.188200 
0.189600 
0.191200 
0.191600 
0.193000 
0.194000 
0.194400 
0.194700 
0.195400 
0.198400 
0.199400 
0.200000 
0.202300 
0.203500 
0.204900 
0.205800 
0.206400 
0.208300 
0.208600 
0.209600 
0.209700 
0.214000 
0.214400 
0.214700 
0.214900 
0.215400 
0.215900 
0.215900 
0.216800 
0.218900 
0.219100 
0.220500 
0.221800 
0.225600 
0.225900 
0.227300 
0.229200 
0.229500 
0.231700 
0.233800 
0.235200 
0.239400 
0.239400 
0.242100 
0.245100 
0.245100 
0.245700 
0.246500 
0.250300 
0.250900 
0.251200 
0.251300 
0.251300 
0.253000 
0.253600 
0.254700 
0.256400 
0.257900 
0.259700 
0.261000 
0.263800 
0.265300 
0.266600 
0.267700 
0.268600 
0.269500 
0.271700 
0.272200 
0.273700 
0.279500 
0.279500 
0.280400 
0.280700 
0.282200 
0.283000 
0.288000 
0.288500 
0.288500 
0.288900 
0.289700 
0.291400 
0.292600 
0.293600 
0.293900 
0.294000 
0.295000 
0.296200 
0.296800 
0.300500 
0.300700 
0.300900 
0.301000 
0.301200 
0.301800 
0.302500 
0.305300 
0.306500 
0.308000 
0.309300 
0.312000 
0.312700 
0.315000 
0.315200 
0.316200 
0.320200 
0.320400 
0.321400 
0.322100 
0.324600 
0.324600 
0.325400 
0.326000 
0.329200 
0.330800 
0.334900 
0.335100 
0.337600 
0.338200 
0.339100 
0.340600 
0.342200 
0.343400 
0.346900 
0.354100 
0.355300 
0.356000 
0.356200 
0.356500 
0.356500 
0.357100 
0.357400 
0.359300 
0.360000 
0.360700 
0.361200 
0.361600 
0.362400 
0.362800 
0.363400 
0.363900 
0.365900 
0.366700 
0.366900 
0.367000 
0.367300 
0.368200 
0.368700 
0.371300 
0.372200 
0.372300 
0.373600 
0.374000 
0.374600 
0.377600 
0.382600 
0.383900 
0.383900 
0.384100 
0.385800 
0.385900 
0.386500 
0.389200 
0.389500 
0.390600 
0.391100 
0.392700 
0.393300 
0.393900 
0.393900 
0.395800 
0.395800 
0.396200 
0.397100 
0.397100 
0.397900 
0.404100 
0.404200 
0.405800 
0.405900 
0.410000 
0.410100 
0.410200 
0.410900 
0.411400 
0.413100 
0.413300 
0.414000 
0.414100 
0.414800 
0.415400 
0.415800 
0.416100 
0.417000 
0.417000 
0.418300 
0.419000 
0.419000 
0.419300 
0.420800 
0.422300 
0.425100 
0.429500 
0.434800 
0.436100 
0.436400 
0.438100 
0.439900 
0.441400 
0.441500 
0.442400 
0.444100 
0.444300 
0.447000 
0.447100 
0.449600 
0.450000 
0.452400 
0.452700 
0.452800 
0.452900 
0.453200 
0.453300 
0.454000 
0.454400 
0.455300 
0.456000 
0.456100 
0.458100 
0.459500 
0.465200 
0.468000 
0.468100 
0.468800 
0.470500 
0.472600 
0.473300 
0.475600 
0.476600 
0.477000 
0.478900 
0.484000 
0.484300 
0.484300 
0.492200 
0.493900 
0.502300 
0.503200 
0.503900 
0.504600 
0.507700 
0.508100 
0.509300 
0.510100 
0.510900 
0.513000 
0.513400 
0.514100 
0.515400 
0.516100 
0.517100 
0.517900 
0.521500 
0.522100 
0.522200 
0.523100 
0.524200 
0.526100 
0.526700 
0.527900 
0.528400 
0.528800 
0.530500 
0.530900 
0.531100 
0.531100 
0.531600 
0.531600 
0.532400 
0.533100 
0.534300 
0.534800 
0.536000 
0.536400 
0.539000 
0.539000 
0.539500 
0.540100 
0.541200 
0.541600 
0.543200 
0.544000 
0.544300 
0.545300 
0.545900 
0.548700 
0.549200 
0.549600 
0.551000 
0.552100 
0.552400 
0.554400 
0.554600 
0.554900 
0.555200 
0.555400 
0.557100 
0.557500 
0.557900 
0.562400 
0.563400 
0.564300 
0.570000 
0.573200 
0.573200 
0.574600 
0.575300 
0.577100 
0.579400 
0.582000 
0.582100 
0.583200 
0.583300 
0.583400 
0.584900 
0.585500 
0.586500 
0.588400 
0.588500 
0.589000 
0.589200 
0.590700 
0.592000 
0.592000 
0.592400 
0.592700 
0.594000 
0.594600 
0.595500 
0.595900 
0.599300 
0.601000 
0.602100 
0.603600 
0.604700 
0.605900 
0.606100 
0.606300 
0.607300 
0.607800 
0.610600 
0.610900 
0.613200 
0.613700 
0.617200 
0.617400 
0.617800 
0.618300 
0.619000 
0.621900 
0.621900 
0.623300 
0.625200 
0.625700 
0.626100 
0.626100 
0.626400 
0.627200 
0.629700 
0.633800 
0.635000 
0.635100 
0.635200 
0.635400 
0.635600 
0.636200 
0.638600 
0.639500 
0.640100 
0.641700 
0.645700 
0.646900 
0.649400 
0.650500 
0.652100 
0.652300 
0.652700 
0.658500 
0.659800 
0.659900 
0.660900 
0.661500 
0.662100 
0.663200 
0.664000 
0.664300 
0.664600 
0.665700 
0.665800 
0.668700 
0.670800 
0.672400 
0.673100 
0.673500 
0.675100 
0.676400 
0.676500 
0.677600 
0.677700 
0.678600 
0.681600 
0.684000 
0.684400 
0.690500 
0.690600 
0.691000 
0.691500 
0.692900 
0.693200 
0.695000 
0.696700 
0.702100 
0.702400 
0.702500 
0.703600 
0.704200 
0.704700 
0.704700 
0.707700 
0.708800 
0.713000 
0.713100 
0.713200 
0.715700 
0.716900 
0.721700 
0.723600 
0.724600 
0.724700 
0.725300 
0.728600 
0.729800 
0.730000 
0.730900 
0.732100 
0.737300 
0.737400 
0.738100 
0.738600 
0.739200 
0.741300 
0.742500 
0.743600 
0.743800 
0.745100 
0.748900 
0.749200 
0.751600 
0.753200 
0.753300 
0.753900 
0.754100 
0.755800 
0.757200 
0.757700 
0.759400 
0.759600 
0.760000 
0.763600 
0.763600 
0.764400 
0.764600 
0.765200 
0.768300 
0.768600 
0.769700 
0.772000 
0.773700 
0.773900 
0.774000 
0.778000 
0.781000 
0.781600 
0.781900 
0.781900 
0.783100 
0.784300 
0.786100 
0.786400 
0.787300 
0.787500 
0.788900 
0.792100 
0.792200 
0.793000 
0.793900 
0.798700 
0.798900 
0.800300 
0.802900 
0.803800 
0.805500 
0.806300 
0.807700 
0.807800 
0.808700 
0.809700 
0.812400 
0.814900 
0.814900 
0.816400 
0.817900 
0.818600 
0.819900 
0.820400 
0.820800 
0.820900 
0.821200 
0.821500 
0.822500 
0.823000 
0.823900 
0.824200 
0.825400 
0.826200 
0.826800 
0.827200 
0.828200 
0.828600 
0.829400 
0.829900 
0.833400 
0.836500 
0.837700 
0.839800 
0.840500 
0.841600 
0.842300 
0.843900 
0.846100 
0.846100 
0.847200 
0.849700 
0.849800 
0.852400 
0.853500 
0.853700 
0.854400 
0.854800 
0.855800 
0.857700 
0.858200 
0.859500 
0.859700 
0.860200 
0.860700 
0.863000 
0.863800 
0.864400 
0.864600 
0.865700 
0.866400 
0.866800 
0.869700 
0.873300 
0.874600 
0.877600 
0.880200 
0.880800 
0.880900 
0.883600 
0.884800 
0.886200 
0.887200 
0.887700 
0.888400 
0.890100 
0.891200 
0.891700 
0.892000 
0.893300 
0.893500 
0.893700 
0.896800 
0.897600 
0.898500 
0.899100 
0.899100 
0.900400 
0.901800 
0.901800 
0.902700 
0.902700 
0.903900 
0.907000 
0.907400 
0.907800 
0.908200 
0.908700 
0.909400 
0.910400 
0.913700 
0.914400 
0.915100 
0.918500 
0.919400 
0.919500 
0.920100 
0.924400 
0.925600 
0.925800 
0.926300 
0.927600 
0.928200 
0.930200 
0.933100 
0.933500 
0.934000 
0.936400 
0.936700 
0.936800 
0.938300 
0.939300 
0.939400 
0.941600 
0.942100 
0.944100 
0.945700 
0.946800 
0.948400 
0.949500 
0.950400 
0.950400 
0.954600 
0.954900 
0.955900 
0.960500 
0.961600 
0.962600 
0.963800 
0.963900 
0.966700 
0.967700 
0.967800 
0.967900 
0.968900 
0.969100 
0.969200 
0.969500 
0.969800 
0.970000 
0.970900 
0.971600 
0.977000 
0.977300 
0.977900 
0.978400 
0.978400 
0.979100 
0.980900 
0.981100 
0.981500 
0.981900 
0.981900 
0.982300 
0.982800 
0.983200 
0.984600 
0.985400 
0.986900 
0.987000 
0.987800 
0.988000 
0.988200 
0.988800 
0.989600 
0.989800 
0.990000 
0.990100 
0.992200 
0.993300 
0.993700 
0.994700 
0.994900 
0.995300 
0.995500 
0.996100 
0.996200 
0.997000 
1.000600 
1.001400 
1.002100 
1.002200 
1.004400 
1.005900 
1.007600 
1.007600 
1.010400 
1.010900 
1.012100 
1.013700 
1.013900 
1.013900 
1.015200 
1.016200 
1.016300 
1.019100 
1.019200 
1.020100 
1.022100 
1.022500 
1.024500 
1.024600 
1.025900 
1.026300 
1.026500 
1.027000 
1.030800 
1.030900 
1.031000 
1.031300 
1.031800 
1.032100 
1.034500 
1.035900 
1.037500 
1.038300 
1.038600 
1.039100 
1.039400 
1.039700 
1.040300 
1.040500 
1.040500 
1.041000 
1.041600 
1.042000 
1.042500 
1.043400 
1.044300 
1.044500 
1.045000 
1.045200 
1.046400 
1.046600 
1.046800 
1.047300 
1.047500 
1.048800 
1.048900 
1.049000 
1.049400 
1.049700 
1.049800 
1.049800 
1.050000 
1.050100 
1.051100 
1.051100 
1.052000 
1.052300 
1.052500 
1.052900 
1.052900 
1.053100 
1.053400 
1.053700 
1.053800 
1.054600 
1.054700 
1.055000 
1.055500 
1.056000 
1.057200 
1.058400 
1.058400 
1.058700 
1.059100 
1.060800 
1.061200 
1.062100 
1.062200 
1.062500 
1.062900 
1.066200 
1.066400 
1.067100 
1.067700 
1.068800 
1.069200 
1.072100 
1.072200 
1.075500 
1.075700 
1.076600 
1.076800 
1.076800 
1.077100 
1.077500 
1.077900 
1.078900 
1.079600 
1.080200 
1.081000 
1.081000 
1.081300 
1.081600 
1.081700 
1.082300 
1.082600 
1.083600 
1.084300 
1.085300 
1.086400 
1.087300 
1.087400 
1.087500 
1.087800 
1.088100 
1.088800 
1.088900 
1.089300 
1.090700 
1.090900 
1.091000 
1.091300 
1.092000 
1.092600 
1.093600 
1.093600 
1.094900 
1.095000 
1.096600 
1.096700 
1.097800 
1.098900 
1.099200 
1.099300 
1.100800 
1.100900 
1.100900 
1.101300 
1.102000 
1.102100 
1.103100 
1.103200 
1.103400 
1.104400 
1.105500 
1.105900 
1.106400 
1.107400 
1.108700 
1.109100 
1.111400 
1.111800 
1.113100 
1.113200 
1.113300 
1.113400 
1.113600 
1.114900 
1.118300 
1.118500 
1.118500 
1.120500 
1.121200 
1.121300 
1.121600 
1.121600 
1.121800 
1.122600 
1.123000 
1.123300 
1.124500 
1.125000 
1.126300 
1.126500 
1.126800 
1.127000 
1.128100 
1.130000 
1.131100 
1.131400 
1.132500 
1.133800 
1.135700 
1.136200 
1.136500 
1.136600 
1.137300 
1.137500 
1.138000 
1.138400 
1.138500 
1.138600 
1.138600 
1.140100 
1.141400 
1.142900 
1.143300 
1.144000 
1.144900 
1.146200 
1.147200 
1.149100 
1.149400 
1.149500 
1.149900 
1.150100 
1.150400 
1.151500 
1.152100 
1.152700 
1.153200 
1.153500 
1.153900 
1.154300 
1.155500 
1.155600 
1.156900 
1.156900 
1.157400 
1.158400 
1.159200 
1.160000 
1.160000 
1.160200 
1.160300 
1.160600 
1.160900 
1.160900 
1.163600 
1.164300 
1.165000 
1.165400 
1.165800 
1.166600 
1.166600 
1.167000 
1.167000 
1.168500 
1.168800 
1.169200 
1.170300 
1.171400 
1.172800 
1.173200 
1.173200 
1.174800 
1.175200 
1.175600 
1.176500 
1.177200 
1.178700 
1.179400 
1.179400 
1.180300 
1.181800 
1.181900 
1.182000 
1.182200 
1.182400 
1.182500 
1.184300 
1.184700 
1.185600 
1.185700 
1.188300 
1.189100 
1.189400 
1.189500 
1.189600 
1.192300 
1.193600 
1.193800 
1.193800 
1.193900 
1.194000 
1.194300 
1.194500 
1.195600 
1.195700 
1.196100 
1.196200 
1.197200 
1.197600 
1.197700 
1.198000 
1.198100 
1.198300 
1.199100 
1.199200 
1.199200 
1.200900 
1.201100 
1.201500 
1.202600 
1.203600 
1.204000 
1.204400 
1.205000 
1.207100 
1.208200 
1.208600 
1.208600 
1.208700 
1.209100 
1.209400 
1.209600 
1.209700 
1.210000 
1.210300 
1.210400 
1.210800 
1.211300 
1.211300 
1.211300 
1.211400 
1.211400 
1.212200 
1.212600 
1.214500 
1.214500 
1.214700 
1.214700 
1.214800 
1.215600 
1.215800 
1.217500 
1.217800 
1.217900 
1.218300 
1.219900 
1.220000 
1.220700 
1.220800 
1.221000 
1.222500 
1.222800 
1.223000 
1.223400 
1.223600 
1.224100 
1.224300 
1.224700 
1.224900 
1.225000 
1.225400 
1.225800 
1.226800 
1.227000 
1.227500 
1.227600 
1.227900 
1.228100 
1.228500 
1.228900 
1.229900 
1.232000 
1.232200 
1.232300 
1.232600 
1.233100 
1.234800 
1.234900 
1.236200 
1.236800 
1.237100 
1.237300 
1.237500 
1.237600 
1.237600 
1.237900 
1.239200 
1.240200 
1.240300 
1.240500 
1.241700 
1.241800 
1.241900 
1.243000 
1.243400 
1.244900 
1.244900 
1.244900 
1.245000 
1.246300 
1.247000 
1.247100 
1.247200 
1.248000 
1.248100 
1.248400 
1.249200 
1.249200 
1.249800 
1.249900 
1.251000 
1.251100 
1.251100 
1.251700 
1.251800 
1.253100 
1.253300 
1.254000 
1.254100 
1.254600 
1.255400 
1.255600 
1.255900 
1.256000 
1.256100 
1.256100 
1.256100 
1.256500 
1.256900 
1.257300 
1.258000 
1.258000 
1.258500 
1.259700 
1.260300 
1.260400 
1.260500 
1.260600 
1.260800 
1.260900 
1.261000 
1.261100 
1.262300 
1.263400 
1.263600 
1.264400 
1.264800 
1.264900 
1.265700 
1.266400 
1.266500 
1.267000 
1.267300 
1.268100 
1.268300 
1.269100 
1.269500 
1.270000 
1.270200 
1.270600 
1.270600 
1.273100 
1.273600 
1.273800 
1.274300 
1.274400 
1.274400 
1.274800 
1.276500 
1.277500 
1.277700 
1.277700 
1.278700 
1.279500 
1.279700 
1.279700 
1.283000 
1.286500 
1.286700 
1.286700 
1.287200 
1.287300 
1.289200 
1.289500 
1.291000 
1.292300 
1.294500 
1.294700 
1.294800 
1.295500 
1.295500 
1.296500 
1.296800 
1.298000 
1.298200 
1.298500 
1.298700 
1.299100 
1.301100 
1.301100 
1.301700 
1.302100 
1.302400 
1.304500 
1.305200 
1.305300 
1.306600 
1.307100 
1.307100 
1.307800 
1.308700 
1.308700 
1.309500 
1.310100 
1.311400 
1.311900 
1.312300 
1.313300 
1.313700 
1.314500 
1.315200 
1.315900 
1.316600 
1.317200 
1.317200 
1.317700 
1.318400 
1.318600 
1.318700 
1.319900 
1.320800 
1.320800 
1.321100 
1.321600 
1.321700 
1.321700 
1.322000 
1.322600 
1.322800 
1.322900 
1.323100 
1.323200 
1.323900 
1.324700 
1.324900 
1.326100 
1.326500 
1.327400 
1.327400 
1.328200 
1.329400 
1.330200 
1.330400 
1.330600 
1.332400 
1.334200 
1.334900 
1.335000 
1.335500 
1.335600 
1.336900 
1.337100 
1.337300 
1.337700 
1.338600 
1.339200 
1.340600 
1.340800 
1.340900 
1.341200 
1.342600 
1.343600 
1.343900 
1.344400 
1.344800 
1.346100 
1.346200 
1.346300 
1.346400 
1.346600 
1.347800 
1.348500 
1.348500 
1.348600 
1.348700 
1.349000 
1.349100 
1.351000 
1.352000 
1.352300 
1.352500 
1.352700 
1.354200 
1.354300 
1.354400 
1.354400 
1.354500 
1.354800 
1.355000 
1.355100 
1.355400 
1.355400 
1.355500 
1.355600 
1.355800 
1.356100 
1.356400 
1.356800 
1.356800 
1.356900 
1.357100 
1.357300 
1.357500 
1.358000 
1.358300 
1.359800 
1.360200 
1.361600 
1.361900 
1.363200 
1.364400 
1.364500 
1.365400 
1.365800 
1.365900 
1.367400 
1.368700 
1.369800 
1.369900 
1.371200 
1.371600 
1.371700 
1.372000 
1.374500 
1.374600 
1.375200 
1.376200 
1.376300 
1.376400 
1.378100 
1.378400 
1.378700 
1.378700 
1.378800 
1.379000 
1.379800 
1.381000 
1.381100 
1.381500 
1.381800 
1.381800 
1.382100 
1.382300 
1.383400 
1.383600 
1.386800 
1.386900 
1.387000 
1.387800 
1.389800 
1.389900 
1.390200 
1.390200 
1.390600 
1.392200 
1.392200 
1.392700 
1.393400 
1.393800 
1.394000 
1.394100 
1.394200 
1.394500 
1.395800 
1.396800 
1.397200 
1.397200 
1.397400 
1.399200 
1.400300 
1.400900 
1.401600 
1.402000 
1.402300 
1.402700 
1.402800 
1.403000 
1.403200 
1.404500 
1.405100 
1.408400 
1.408600 
1.409400 
1.410200 
1.410600 
1.411300 
1.411400 
1.411700 
1.412000 
1.412300 
1.412800 
1.413300 
1.413800 
1.414000 
1.414200 
1.414300 
1.414700 
1.414700 
1.416500 
1.417600 
1.419100 
1.420000 
1.420400 
1.420500 
1.420900 
1.421000 
1.421200 
1.421900 
1.422500 
1.422800 
1.423500 
1.423900 
1.424300 
1.424500 
1.424500 
1.425000 
1.425200 
1.425400 
1.425800 
1.426300 
1.426900 
1.427700 
1.428300 
1.430200 
1.430700 
1.431000 
1.431900 
1.432000 
1.432400 
1.432600 
1.432700 
1.432900 
1.433000 
1.433800 
1.433900 
1.434200 
1.434600 
1.435400 
1.435400 
1.436100 
1.436100 
1.436400 
1.436400 
1.437400 
1.438400 
1.439200 
1.439600 
1.440200 
1.440200 
1.440500 
1.440700 
1.441300 
1.441600 
1.442200 
1.442200 
1.442300 
1.442300 
1.442900 
1.443100 
1.443500 
1.445700 
1.446500 
1.446500 
1.447000 
1.447800 
1.449000 
1.449600 
1.450200 
1.450300 
1.450600 
1.450700 
1.451300 
1.451400 
1.452200 
1.452500 
1.452700 
1.453800 
1.454700 
1.454700 
1.455600 
1.455700 
1.456800 
1.457700 
1.457800 
1.457800 
1.458000 
1.458100 
1.458600 
1.458900 
1.460100 
1.461200 
1.461300 
1.462400 
1.463200 
1.464500 
1.464700 
1.465600 
1.466200 
1.466400 
1.468200 
1.468400 
1.468500 
1.468600 
1.468700 
1.468800 
1.469800 
1.470200 
1.470500 
1.470500 
1.470600 
1.470800 
1.470900 
1.471100 
1.471700 
1.472100 
1.472300 
1.472400 
1.472500 
1.472600 
1.472700 
1.472700 
1.473100 
1.473200 
1.473500 
1.474400 
1.475500 
1.475500 
1.475600 
1.476400 
1.476700 
1.477000 
1.477500 
1.477800 
1.478000 
1.478500 
1.479100 
1.480800 
1.481100 
1.481300 
1.481400 
1.481500 
1.481500 
1.481900 
1.482100 
1.482500 
1.482800 
1.483200 
1.484100 
1.484300 
1.484300 
1.484600 
1.484900 
1.485000 
1.485100 
1.485400 
1.486100 
1.486800 
1.486800 
1.487300 
1.488100 
1.489100 
1.489500 
1.492100 
1.492500 
1.492800 
1.492900 
1.493000 
1.493500 
1.493800 
1.493900 
1.494300 
1.494600 
1.494700 
1.495500 
1.495600 
1.496500 
1.497200 
1.497300 
1.497600 
1.498800 
1.498800 
1.499000 
1.499800 
1.500100 
1.500300 
1.501600 
1.501600 
1.501700 
1.502200 
1.502500 
1.503800 
1.504000 
1.505300 
1.506200 
1.506300 
1.507300 
1.507300 
1.507500 
1.508700 
1.508800 
1.509000 
1.509300 
1.509400 
1.509800 
1.510400 
1.510600 
1.511800 
1.511900 
1.512300 
1.512400 
1.513000 
1.513100 
1.513100 
1.514200 
1.514200 
1.514500 
1.515000 
1.515200 
1.515300 
1.515600 
1.516000 
1.516000 
1.516500 
1.518300 
1.518300 
1.518800 
1.518800 
1.520400 
1.521300 
1.522200 
1.522600 
1.522700 
1.522900 
1.523300 
1.523300 
1.523700 
1.524200 
1.525000 
1.525100 
1.525500 
1.525900 
1.526000 
1.527300 
1.527400 
1.527600 
1.528900 
1.529300 
1.529700 
1.530200 
1.530700 
1.532000 
1.532600 
1.533600 
1.534600 
1.535600 
1.536000 
1.536300 
1.536900 
1.537000 
1.537800 
1.537800 
1.538100 
1.538400 
1.538600 
1.538700 
1.541200 
1.541900 
1.541900 
1.542600 
1.542900 
1.543900 
1.545300 
1.545700 
1.547200 
1.547900 
1.548700 
1.548700 
1.548800 
1.548800 
1.548900 
1.549500 
1.549900 
1.550300 
1.550600 
1.550700 
1.551400 
1.551800 
1.552200 
1.552300 
1.552600 
1.553300 
1.553400 
1.554600 
1.554700 
1.555000 
1.555200 
1.556800 
1.557300 
1.557400 
1.557800 
1.558200 
1.558300 
1.558300 
1.558400 
1.558700 
1.559300 
1.559400 
1.560400 
1.561000 
1.561100 
1.561500 
1.561600 
1.561600 
1.562000 
1.563100 
1.563600 
1.564400 
1.565200 
1.565800 
1.566200 
1.566400 
1.566800 
1.567200 
1.568200 
1.568400 
1.569400 
1.570500 
1.570800 
1.571700 
1.571700 
1.572000 
1.572200 
1.572400 
1.572700 
1.572800 
1.573100 
1.573100 
1.573400 
1.574000 
1.574900 
1.575600 
1.575800 
1.575800 
1.576600 
1.577000 
1.578300 
1.578900 
1.579600 
1.580200 
1.580500 
1.580900 
1.581100 
1.581100 
1.581600 
1.581800 
1.584500 
1.584900 
1.585500 
1.586900 
1.589600 
1.589800 
1.591400 
1.591500 
1.592700 
1.592900 
1.592900 
1.593000 
1.593400 
1.593400 
1.594000 
1.594700 
1.595400 
1.595500 
1.595600 
1.596300 
1.596300 
1.596800 
1.596800 
1.597400 
1.597900 
1.598100 
1.599100 
1.599400 
1.600100 
1.600700 
1.601300 
1.602400 
1.602800 
1.602900 
1.603000 
1.603100 
1.603300 
1.603700 
1.604900 
1.605900 
1.606400 
1.606400 
1.606400 
1.606500 
1.607100 
1.607200 
1.608000 
1.608500 
1.608800 
1.609000 
1.610100 
1.610200 
1.610600 
1.611100 
1.611900 
1.616500 
1.616500 
1.616800 
1.616900 
1.617000 
1.617500 
1.617600 
1.617600 
1.617800 
1.617900 
1.618100 
1.619100 
1.619200 
1.620000 
1.620700 
1.620800 
1.621100 
1.621200 
1.621500 
1.621800 
1.622300 
1.622500 
1.622700 
1.623000 
1.623600 
1.624400 
1.624400 
1.624500 
1.625900 
1.626100 
1.626500 
1.626500 
1.627400 
1.628100 
1.628800 
1.628900 
1.630700 
1.631400 
1.631600 
1.631800 
1.632100 
1.632900 
1.632900 
1.633200 
1.633700 
1.634600 
1.635300 
1.635500 
1.636600 
1.637200 
1.638400 
1.639200 
1.640100 
1.640200 
1.640400 
1.640700 
1.640900 
1.641400 
1.642600 
1.642600 
1.642800 
1.643000 
1.643200 
1.644200 
1.644200 
1.644800 
1.645300 
1.645500 
1.645500 
1.646500 
1.646600 
1.647100 
1.648500 
1.649100 
1.649200 
1.649700 
1.650300 
1.650400 
1.651000 
1.651600 
1.651600 
1.652000 
1.652400 
1.652600 
1.653000 
1.653500 
1.654100 
1.654400 
1.654900 
1.655100 
1.655200 
1.655600 
1.655900 
1.657900 
1.657900 
1.658000 
1.659000 
1.659100 
1.659200 
1.659800 
1.660100 
1.660900 
1.661300 
1.661700 
1.662200 
1.662200 
1.663400 
1.664000 
1.664800 
1.665600 
1.666400 
1.666500 
1.667400 
1.667700 
1.668100 
1.668700 
1.669400 
1.669800 
1.670100 
1.670800 
1.671000 
1.671300 
1.671400 
1.673300 
1.673700 
1.674000 
1.674500 
1.674700 
1.674900 
1.675700 
1.676100 
1.676100 
1.676500 
1.677400 
1.677500 
1.677700 
1.677900 
1.678200 
1.678300 
1.678800 
1.679000 
1.679800 
1.679900 
1.680100 
1.680500 
1.680800 
1.680800 
1.680900 
1.681600 
1.681700 
1.681700 
1.682000 
1.682600 
1.682700 
1.683100 
1.684200 
1.684500 
1.684500 
1.685100 
1.685500 
1.686000 
1.686500 
1.686500 
1.687000 
1.687500 
1.687900 
1.688500 
1.688700 
1.689100 
1.689100 
1.689200 
1.689200 
1.689500 
1.690000 
1.690300 
1.690500 
1.690600 
1.691600 
1.692600 
1.693300 
1.693300 
1.693900 
1.693900 
1.694000 
1.694400 
1.694700 
1.695300 
1.695500 
1.695600 
1.696600 
1.697000 
1.698200 
1.698500 
1.698600 
1.699500 
1.699600 
1.699700 
1.700300 
1.701300 
1.702000 
1.702000 
1.702200 
1.702500 
1.702600 
1.702600 
1.702700 
1.703400 
1.703400 
1.703700 
1.703700 
1.703800 
1.704300 
1.704700 
1.704800 
1.704900 
1.705200 
1.705300 
1.705500 
1.706800 
1.708100 
1.708500 
1.708900 
1.709600 
1.710100 
1.710500 
1.711300 
1.711500 
1.711500 
1.711500 
1.712100 
1.712700 
1.713300 
1.714200 
1.715400 
1.715800 
1.716000 
1.716100 
1.716800 
1.717100 
1.717100 
1.717500 
1.717800 
1.718500 
1.720000 
1.720400 
1.721000 
1.721000 
1.721100 
1.721400 
1.721900 
1.723400 
1.723500 
1.723900 
1.724100 
1.724200 
1.725000 
1.725100 
1.727400 
1.727800 
1.729400 
1.729500 
1.729600 
1.730900 
1.732000 
1.732200 
1.733000 
1.735300 
1.735400 
1.735500 
1.735700 
1.736700 
1.736900 
1.737800 
1.738500 
1.738800 
1.739100 
1.739300 
1.739800 
1.740200 
1.740400 
1.741100 
1.742400 
1.742700 
1.743000 
1.743100 
1.743200 
1.744300 
1.744500 
1.746100 
1.746800 
1.748000 
1.749600 
1.750400 
1.751200 
1.752000 
1.752300 
1.752400 
1.752500 
1.753000 
1.753100 
1.753600 
1.753800 
1.754000 
1.754500 
1.754800 
1.754900 
1.754900 
1.755500 
1.756100 
1.756100 
1.756100 
1.756200 
1.757100 
1.757500 
1.757600 
1.757600 
1.757800 
1.758000 
1.758100 
1.759600 
1.759600 
1.760100 
1.760700 
1.760800 
1.761300 
1.762100 
1.762300 
1.762500 
1.763200 
1.765900 
1.766000 
1.766300 
1.766500 
1.766600 
1.767000 
1.767400 
1.767900 
1.768000 
1.768400 
1.768400 
1.768500 
1.768900 
1.769300 
1.769400 
1.769800 
1.770100 
1.770200 
1.770600 
1.771100 
1.771400 
1.771600 
1.771700 
1.772000 
1.772700 
1.774000 
1.774600 
1.774700 
1.775300 
1.776900 
1.777400 
1.777500 
1.778000 
1.778000 
1.778200 
1.778300 
1.779200 
1.779700 
1.780400 
1.780800 
1.781200 
1.781400 
1.782200 
1.782800 
1.783200 
1.783300 
1.783700 
1.784400 
1.785000 
1.785200 
1.785200 
1.786500 
1.786800 
1.787200 
1.787900 
1.788500 
1.789100 
1.789200 
1.789400 
1.789900 
1.790000 
1.791300 
1.791700 
1.791900 
1.793500 
1.793600 
1.793900 
1.794100 
1.795100 
1.795500 
1.796500 
1.797100 
1.797300 
1.797900 
1.798100 
1.798200 
1.798300 
1.798700 
1.799800 
1.800500 
1.800800 
1.801500 
1.803400 
1.803500 
1.804700 
1.804700 
1.805200 
1.805500 
1.806000 
1.807000 
1.807500 
1.807700 
1.807700 
1.808700 
1.808800 
1.809400 
1.810800 
1.811200 
1.811700 
1.812200 
1.812500 
1.812900 
1.813000 
1.813300 
1.813800 
1.814600 
1.814700 
1.815000 
1.815200 
1.815300 
1.815600 
1.816200 
1.816600 
1.817200 
1.817500 
1.817500 
1.817900 
1.818200 
1.818800 
1.818900 
1.819200 
1.820100 
1.820800 
1.820800 
1.821000 
1.821600 
1.821700 
1.822500 
1.822700 
1.823000 
1.823100 
1.823300 
1.823600 
1.823700 
1.823900 
1.824200 
1.824400 
1.825300 
1.825500 
1.826400 
1.826400 
1.826700 
1.826900 
1.828200 
1.828900 
1.829300 
1.829500 
1.829500 
1.830800 
1.830800 
1.831200 
1.831300 
1.831600 
1.831800 
1.831900 
1.832800 
1.833000 
1.833300 
1.833800 
1.834400 
1.834600 
1.834600 
1.835100 
1.835300 
1.835600 
1.835800 
1.836100 
1.836200 
1.836300 
1.837000 
1.837600 
1.839400 
1.840400 
1.842200 
1.843300 
1.843500 
1.843600 
1.843600 
1.844000 
1.844000 
1.844100 
1.844300 
1.844500 
1.845900 
1.846700 
1.847700 
1.847700 
1.849100 
1.849400 
1.850400 
1.850500 
1.851300 
1.851300 
1.851700 
1.853000 
1.853300 
1.854500 
1.854600 
1.854700 
1.855800 
1.856400 
1.856500 
1.857300 
1.857600 
1.859700 
1.859700 
1.859900 
1.860000 
1.860900 
1.861100 
1.862100 
1.862200 
1.863400 
1.863900 
1.864200 
1.864400 
1.865200 
1.865200 
1.865400 
1.865800 
1.866500 
1.867200 
1.867500 
1.868600 
1.868900 
1.869600 
1.870900 
1.871300 
1.871900 
1.873700 
1.873800 
1.874100 
1.875000 
1.875200 
1.875700 
1.876200 
1.876800 
1.876900 
1.876900 
1.877900 
1.878900 
1.879100 
1.879600 
1.880500 
1.881800 
1.882100 
1.882300 
1.882700 
1.882800 
1.882900 
1.883000 
1.883900 
1.884000 
1.884600 
1.885000 
1.886900 
1.887300 
1.888000 
1.888100 
1.888300 
1.890600 
1.890600 
1.891100 
1.891200 
1.891900 
1.892600 
1.892600 
1.892900 
1.893300 
1.893300 
1.893400 
1.894200 
1.895600 
1.896100 
1.896100 
1.896400 
1.896500 
1.897700 
1.898000 
1.899100 
1.899500 
1.899900 
1.899900 
1.900000 
1.900000 
1.900100 
1.900900 
1.901800 
1.902100 
1.903000 
1.903100 
1.903400 
1.903700 
1.904500 
1.904700 
1.905700 
1.906600 
1.906700 
1.906900 
1.909300 
1.909500 
1.909900 
1.911300 
1.911300 
1.912500 
1.912700 
1.913300 
1.913900 
1.914600 
1.914700 
1.914900 
1.914900 
1.916700 
1.917000 
1.917200 
1.917500 
1.917900 
1.918900 
1.919100 
1.920000 
1.922800 
1.923100 
1.923500 
1.923700 
1.923800 
1.923900 
1.925700 
1.926800 
1.926800 
1.926900 
1.927000 
1.927500 
1.927800 
1.928300 
1.928500 
1.928900 
1.929500 
1.931000 
1.931000 
1.931900 
1.931900 
1.932000 
1.932600 
1.932700 
1.932700 
1.932800 
1.933800 
1.934700 
1.935100 
1.936000 
1.937500 
1.937900 
1.938400 
1.938700 
1.939500 
1.939600 
1.940100 
1.940400 
1.940600 
1.941500 
1.941500 
1.942200 
1.942500 
1.942600 
1.943200 
1.943400 
1.943800 
1.944300 
1.944600 
1.944600 
1.945200 
1.945400 
1.945900 
1.946100 
1.946500 
1.947100 
1.947600 
1.947700 
1.948200 
1.948900 
1.949600 
1.949700 
1.950100 
1.951800 
1.953000 
1.954300 
1.954600 
1.954700 
1.955600 
1.955700 
1.956100 
1.956300 
1.956300 
1.956500 
1.956800 
1.959700 
1.959900 
1.960500 
1.960500 
1.960600 
1.961800 
1.962600 
1.962600 
1.962700 
1.963400 
1.963500 
1.964200 
1.965600 
1.965700 
1.965900 
1.966500 
1.966900 
1.967200 
1.967800 
1.968300 
1.968300 
1.968500 
1.968700 
1.970000 
1.970700 
1.971700 
1.972400 
1.972600 
1.972900 
1.972900 
1.973300 
1.974800 
1.975600 
1.975700 
1.977100 
1.977300 
1.977400 
1.979100 
1.979300 
1.979600 
1.981800 
1.982400 
1.983000 
1.983300 
1.984400 
1.986000 
1.986300 
1.987500 
1.987700 
1.988400 
1.989500 
1.989800 
1.990100 
1.990100 
1.990400 
1.990800 
1.991000 
1.991800 
1.992100 
1.992600 
1.992600 
1.992800 
1.992900 
1.993000 
1.993700 
1.994000 
1.994400 
1.994500 
1.994600 
1.994600 
1.994800 
1.995100 
1.995200 
1.995300 
1.995700 
1.996100 
1.996200 
1.996500 
1.996800 
1.997100 
1.997200 
1.997800 
1.998100 
1.998800 
1.999800 
1.999900 
2.000100 
2.000200 
2.001200 
2.001300 
2.001500 
2.002100 
2.002100 
2.002400 
2.003300 
2.003400 
2.003700 
2.003900 
2.004400 
2.004600 
2.004700 
2.004800 
2.005000 
2.005200 
2.005200 
2.005500 
2.005700 
2.005900 
2.006200 
2.006400 
2.006700 
2.006700 
2.007100 
2.007100 
2.007400 
2.007500 
2.008800 
2.009500 
2.009800 
2.009900 
2.010000 
2.010100 
2.010400 
2.010900 
2.011000 
2.011200 
2.011300 
2.011400 
2.011500 
2.011600 
2.011900 
2.012200 
2.012400 
2.012600 
2.012800 
2.013000 
2.013400 
2.013700 
2.014500 
2.014800 
2.015100 
2.015500 
2.016400 
2.016700 
2.016700 
2.017000 
2.017000 
2.017100 
2.017100 
2.017400 
2.017800 
2.018500 
2.018700 
2.018800 
2.020200 
2.020900 
2.021200 
2.021300 
2.021800 
2.022000 
2.022300 
2.023200 
2.023300 
2.023800 
2.023900 
2.024300 
2.025400 
2.025700 
2.026100 
2.026200 
2.026400 
2.026800 
2.026900 
2.027500 
2.027500 
2.027700 
2.028400 
2.028700 
2.029100 
2.029900 
2.031600 
2.031700 
2.033400 
2.034000 
2.034600 
2.036200 
2.037500 
2.037600 
2.038500 
2.038700 
2.039300 
2.040200 
2.040900 
2.041800 
2.042100 
2.042200 
2.042200 
2.042300 
2.042500 
2.043200 
2.043300 
2.043400 
2.043900 
2.045200 
2.045200 
2.045300 
2.045500 
2.046000 
2.046900 
2.047000 
2.047000 
2.047100 
2.047500 
2.049700 
2.050300 
2.050300 
2.050400 
2.050600 
2.050800 
2.051100 
2.051600 
2.051600 
2.051800 
2.053000 
2.053800 
2.055800 
2.055900 
2.057600 
2.058700 
2.059100 
2.059900 
2.061900 
2.062400 
2.064000 
2.065200 
2.066200 
2.066200 
2.066700 
2.066800 
2.067600 
2.067900 
2.069100 
2.069200 
2.069300 
2.069700 
2.070300 
2.070800 
2.070900 
2.070900 
2.072000 
2.073100 
2.073100 
2.073300 
2.073900 
2.074100 
2.074400 
2.075100 
2.075200 
2.076100 
2.076700 
2.077000 
2.077100 
2.077200 
2.077800 
2.078500 
2.078500 
2.078800 
2.081200 
2.081700 
2.084000 
2.085500 
2.087500 
2.087800 
2.088000 
2.089000 
2.090500 
2.090700 
2.090900 
2.090900 
2.091400 
2.092500 
2.092600 
2.092800 
2.093100 
2.093400 
2.093400 
2.093600 
2.094600 
2.095200 
2.095700 
2.095700 
2.096600 
2.096800 
2.096800 
2.097000 
2.097300 
2.097400 
2.098100 
2.100200 
2.100200 
2.100600 
2.102000 
2.102700 
2.103700 
2.104700 
2.105000 
2.105700 
2.106100 
2.107200 
2.108700 
2.110400 
2.111200 
2.111600 
2.112700 
2.113200 
2.113900 
2.114100 
2.114500 
2.115100 
2.115300 
2.116200 
2.117400 
2.117600 
2.117700 
2.118400 
2.118400 
2.118500 
2.118800 
2.118900 
2.119100 
2.120400 
2.120900 
2.120900 
2.122000 
2.123200 
2.123400 
2.124000 
2.124400 
2.124700 
2.125400 
2.125500 
2.125500 
2.125900 
2.126000 
2.126200 
2.126900 
2.127500 
2.128700 
2.129400 
2.129400 
2.130000 
2.130900 
2.131300 
2.131900 
2.133200 
2.133600 
2.133900 
2.134000 
2.134800 
2.134900 
2.135000 
2.136200 
2.136400 
2.137600 
2.138100 
2.138700 
2.139100 
2.139600 
2.139700 
2.140100 
2.140500 
2.140700 
2.142000 
2.142000 
2.143100 
2.143200 
2.143900 
2.144400 
2.144600 
2.145000 
2.145700 
2.146200 
2.147900 
2.148000 
2.150100 
2.150700 
2.151600 
2.153100 
2.153900 
2.154200 
2.154700 
2.155900 
2.156600 
2.156600 
2.157800 
2.160300 
2.160500 
2.160700 
2.161000 
2.161400 
2.161700 
2.162400 
2.163400 
2.164100 
2.164300 
2.164600 
2.165100 
2.165200 
2.165400 
2.165800 
2.167100 
2.169300 
2.169400 
2.170100 
2.170400 
2.170600 
2.171400 
2.171400 
2.171900 
2.172600 
2.173000 
2.173200 
2.173400 
2.174100 
2.175200 
2.175600 
2.177800 
2.178400 
2.181100 
2.181800 
2.183200 
2.183200 
2.184100 
2.184800 
2.186600 
2.187000 
2.187000 
2.188200 
2.189100 
2.189100 
2.189200 
2.189400 
2.189600 
2.190000 
2.190100 
2.191600 
2.191900 
2.192100 
2.193100 
2.193700 
2.194600 
2.195000 
2.195600 
2.197200 
2.197800 
2.197900 
2.198500 
2.198600 
2.199100 
2.200000 
2.200500 
2.202400 
2.202400 
2.202700 
2.203400 
2.204200 
2.204700 
2.206100 
2.207100 
2.207400 
2.208600 
2.209700 
2.210100 
2.210900 
2.211700 
2.211800 
2.212700 
2.213600 
2.213600 
2.213700 
2.213900 
2.213900 
2.214000 
2.215200 
2.215300 
2.215700 
2.215800 
2.215900 
2.216500 
2.217600 
2.218100 
2.218800 
2.218900 
2.219000 
2.219300 
2.219500 
2.219900 
2.220100 
2.220200 
2.221400 
2.221800 
2.222000 
2.222900 
2.223200 
2.223200 
2.223400 
2.223900 
2.224300 
2.224300 
2.224600 
2.225300 
2.225400 
2.226100 
2.226600 
2.227200 
2.228200 
2.228900 
2.229000 
2.230000 
2.230600 
2.231500 
2.232600 
2.232600 
2.233800 
2.233800 
2.233900 
2.234200 
2.234400 
2.234400 
2.234500 
2.235400 
2.235400 
2.235800 
2.237600 
2.237700 
2.238000 
2.238000 
2.238600 
2.238800 
2.239100 
2.240400 
2.242200 
2.242400 
2.243200 
2.244300 
2.245900 
2.246000 
2.246500 
2.246600 
2.246800 
2.247300 
2.247500 
2.248100 
2.248600 
2.248700 
2.250600 
2.251300 
2.251800 
2.252000 
2.252200 
2.252400 
2.252600 
2.253000 
2.253100 
2.253700 
2.253800 
2.255100 
2.256300 
2.256800 
2.257100 
2.257300 
2.258000 
2.258700 
2.258800 
2.259300 
2.259500 
2.260200 
2.260200 
2.260300 
2.260400 
2.260800 
2.260900 
2.260900 
2.261500 
2.261500 
2.262500 
2.262600 
2.263000 
2.263000 
2.265100 
2.265300 
2.266100 
2.266400 
2.267400 
2.268000 
2.269300 
2.269700 
2.271000 
2.271200 
2.271500 
2.272700 
2.273000 
2.276400 
2.276700 
2.276800 
2.276900 
2.280600 
2.280700 
2.280800 
2.280800 
2.281400 
2.282600 
2.283700 
2.284400 
2.285200 
2.286700 
2.287300 
2.287400 
2.288100 
2.288300 
2.288600 
2.289400 
2.289500 
2.289900 
2.290300 
2.290400 
2.291300 
2.291500 
2.291600 
2.291900 
2.292200 
2.293200 
2.293400 
2.293900 
2.294400 
2.296100 
2.296400 
2.296700 
2.296800 
2.297000 
2.297600 
2.297700 
2.298100 
2.298500 
2.299800 
2.299800 
2.300900 
2.301000 
2.301100 
2.301500 
2.301700 
2.302200 
2.302700 
2.304100 
2.304400 
2.304500 
2.304600 
2.304900 
2.305800 
2.305900 
2.307400 
2.307600 
2.307700 
2.308100 
2.309300 
2.309600 
2.309700 
2.310000 
2.311000 
2.311500 
2.311600 
2.311900 
2.313200 
2.313900 
2.313900 
2.314300 
2.314700 
2.314800 
2.315700 
2.315800 
2.315900 
2.315900 
2.316400 
2.316700 
2.316700 
2.317300 
2.317400 
2.318100 
2.318300 
2.319000 
2.319300 
2.319300 
2.320900 
2.321800 
2.323600 
2.323700 
2.323800 
2.323800 
2.324800 
2.324900 
2.325900 
2.328000 
2.329600 
2.329900 
2.330200 
2.330500 
2.331100 
2.331200 
2.332500 
2.332700 
2.332800 
2.333500 
2.333900 
2.335200 
2.335300 
2.335300 
2.336000 
2.336400 
2.336400 
2.336500 
2.336800 
2.337700 
2.337900 
2.339000 
2.339700 
2.340400 
2.340800 
2.341900 
2.342000 
2.342200 
2.342800 
2.344700 
2.345400 
2.346800 
2.348500 
2.349000 
2.349000 
2.349200 
2.349500 
2.349600 
2.349700 
2.349700 
2.349900 
2.350100 
2.350200 
2.350300 
2.350800 
2.351100 
2.351600 
2.351700 
2.351800 
2.351900 
2.352200 
2.352500 
2.353100 
2.353200 
2.353800 
2.354900 
2.355400 
2.356200 
2.356500 
2.357000 
2.357100 
2.357400 
2.358300 
2.358400 
2.359200 
2.359600 
2.359800 
2.360200 
2.360400 
2.360800 
2.362300 
2.363400 
2.364000 
2.364800 
2.365200 
2.365400 
2.366000 
2.366100 
2.367700 
2.368000 
2.368500 
2.368900 
2.369100 
2.369200 
2.369400 
2.370000 
2.370300 
2.370300 
2.370600 
2.370700 
2.371100 
2.371400 
2.373100 
2.373300 
2.374400 
2.374600 
2.375400 
2.375600 
2.375700 
2.375700 
2.376000 
2.378500 
2.378600 
2.380000 
2.380300 
2.381200 
2.381400 
2.381800 
2.382300 
2.383000 
2.383000 
2.383300 
2.386500 
2.386600 
2.386800 
2.389300 
2.390000 
2.390500 
2.390900 
2.391000 
2.391500 
2.392400 
2.392500 
2.393000 
2.393900 
2.394300 
2.394700 
2.394900 
2.395000 
2.395800 
2.396400 
2.396400 
2.397300 
2.397400 
2.397400 
2.398600 
2.399000 
2.399300 
2.399400 
2.399600 
2.399800 
2.399900 
2.400500 
2.400800 
2.401000 
2.401500 
2.401700 
2.401900 
2.402000 
2.402800 
2.404000 
2.404200 
2.405000 
2.405300 
2.405300 
2.405900 
2.406100 
2.406400 
2.408900 
2.409800 
2.411300 
2.412200 
2.413100 
2.413200 
2.413800 
2.413800 
2.414100 
2.414500 
2.415400 
2.415900 
2.416700 
2.416900 
2.417500 
2.418500 
2.419200 
2.419400 
2.419500 
2.419500 
2.420300 
2.420400 
2.420800 
2.421000 
2.421600 
2.421900 
2.422100 
2.422700 
2.423200 
2.423600 
2.423800 
2.424700 
2.424700 
2.425000 
2.425800 
2.426100 
2.426200 
2.428200 
2.428400 
2.429900 
2.430400 
2.430400 
2.430500 
2.430900 
2.433100 
2.433600 
2.433800 
2.435400 
2.437200 
2.438100 
2.439800 
2.440100 
2.440300 
2.440700 
2.441900 
2.442000 
2.442200 
2.442800 
2.443200 
2.443300 
2.443600 
2.443900 
2.444200 
2.444500 
2.444900 
2.445000 
2.445300 
2.446100 
2.447600 
2.448600 
2.448600 
2.449100 
2.449300 
2.449900 
2.450000 
2.450600 
2.450700 
2.450800 
2.452400 
2.452600 
2.452800 
2.452900 
2.453200 
2.453300 
2.453400 
2.453700 
2.453800 
2.453800 
2.455200 
2.455700 
2.456100 
2.456200 
2.456400 
2.456900 
2.457700 
2.458700 
2.459000 
2.460300 
2.460600 
2.460800 
2.461900 
2.461900 
2.462300 
2.462700 
2.462900 
2.463000 
2.463800 
2.465400 
2.467300 
2.467800 
2.468300 
2.468800 
2.469300 
2.469700 
2.469800 
2.471300 
2.471600 
2.472500 
2.472600 
2.473900 
2.475300 
2.476100 
2.476600 
2.477000 
2.477400 
2.478100 
2.478700 
2.479200 
2.479800 
2.480100 
2.480400 
2.481300 
2.481400 
2.481600 
2.481600 
2.482200 
2.483400 
2.484000 
2.484300 
2.485100 
2.485200 
2.485800 
2.486900 
2.487200 
2.487500 
2.487800 
2.487900 
2.488300 
2.490900 
2.492100 
2.492400 
2.493100 
2.493300 
2.493500 
2.493900 
2.494500 
2.495000 
2.495400 
2.495900 
2.496000 
2.496200 
2.496400 
2.496600 
2.497200 
2.498100 
2.498500 
2.498500 
2.499200 
2.499400 
2.499400 
2.500100 
2.500400 
2.501300 
2.501600 
2.502600 
2.502800 
2.503000 
2.503000 
2.503000 
2.504700 
2.505000 
2.505100 
2.505400 
2.505500 
2.506100 
2.506700 
2.507300 
2.507900 
2.508400 
2.508800 
2.509000 
2.509400 
2.510700 
2.510700 
2.510700 
2.510900 
2.511700 
2.511800 
2.511900 
2.512700 
2.512800 
2.513700 
2.513800 
2.514100 
2.514200 
2.514900 
2.515100 
2.515200 
2.515300 
2.516200 
2.517900 
2.518100 
2.519700 
2.520300 
2.520600 
2.520700 
2.521200 
2.521600 
2.522700 
2.523100 
2.523300 
2.523700 
2.524300 
2.524700 
2.524800 
2.524900 
2.525100 
2.526100 
2.527300 
2.527800 
2.528500 
2.528600 
2.528800 
2.529200 
2.529600 
2.529900 
2.530300 
2.530300 
2.530500 
2.531300 
2.531300 
2.531400 
2.531800 
2.533100 
2.533100 
2.533200 
2.533300 
2.533400 
2.533400 
2.533600 
2.534000 
2.534500 
2.535000 
2.536300 
2.536300 
2.537600 
2.537900 
2.538300 
2.540300 
2.540400 
2.540600 
2.540700 
2.540800 
2.541000 
2.541600 
2.542100 
2.542900 
2.543300 
2.543300 
2.543300 
2.543600 
2.543600 
2.543800 
2.543800 
2.544400 
2.544900 
2.545100 
2.546300 
2.546400 
2.547100 
2.547700 
2.548300 
2.549600 
2.551100 
2.552000 
2.553300 
2.553600 
2.553800 
2.554400 
2.554500 
2.554900 
2.555300 
2.555500 
2.556500 
2.556700 
2.557300 
2.557600 
2.557900 
2.558300 
2.558900 
2.559100 
2.559400 
2.559400 
2.559700 
2.559800 
2.560200 
2.561000 
2.561100 
2.561200 
2.561200 
2.562100 
2.562400 
2.563600 
2.563800 
2.564000 
2.564400 
2.565200 
2.565400 
2.566400 
2.567200 
2.567700 
2.567800 
2.567800 
2.568200 
2.569200 
2.569300 
2.570100 
2.571400 
2.571400 
2.571500 
2.571900 
2.572100 
2.572600 
2.572800 
2.572900 
2.573400 
2.573700 
2.573900 
2.574100 
2.574200 
2.575200 
2.575300 
2.575300 
2.575700 
2.575800 
2.577300 
2.578000 
2.578300 
2.579500 
2.579800 
2.580200 
2.580600 
2.580900 
2.581400 
2.581400 
2.581900 
2.582200 
2.582800 
2.582800 
2.582800 
2.583000 
2.583100 
2.583400 
2.583700 
2.584000 
2.585000 
2.586800 
2.586800 
2.587300 
2.587400 
2.588300 
2.588300 
2.588900 
2.589000 
2.589500 
2.589600 
2.589800 
2.589900 
2.590800 
2.591800 
2.592000 
2.592200 
2.594100 
2.595300 
2.595500 
2.595600 
2.596600 
2.596900 
2.597300 
2.597600 
2.598800 
2.599200 
2.599400 
2.599900 
2.600100 
2.600500 
2.600500 
2.601100 
2.601900 
2.602800 
2.603500 
2.603900 
2.604000 
2.604600 
2.605300 
2.605800 
2.606800 
2.606900 
2.606900 
2.607100 
2.607100 
2.607500 
2.607600 
2.608600 
2.608800 
2.609400 
2.610000 
2.610600 
2.613200 
2.613200 
2.613300 
2.613900 
2.613900 
2.615700 
2.615700 
2.616300 
2.616600 
2.616900 
2.617400 
2.617500 
2.617700 
2.619000 
2.619600 
2.619700 
2.620100 
2.624400 
2.624500 
2.625700 
2.628800 
2.629000 
2.629300 
2.629300 
2.630600 
2.631200 
2.631400 
2.631700 
2.632600 
2.633000 
2.633600 
2.633900 
2.634800 
2.635300 
2.636500 
2.636600 
2.637500 
2.637900 
2.638100 
2.638400 
2.638500 
2.638900 
2.638900 
2.639400 
2.639700 
2.639900 
2.639900 
2.640300 
2.640900 
2.641300 
2.641500 
2.641800 
2.642200 
2.642800 
2.644000 
2.644100 
2.644400 
2.644400 
2.644600 
2.644700 
2.645900 
2.646500 
2.647000 
2.647000 
2.647600 
2.648000 
2.648100 
2.648500 
2.648500 
2.649000 
2.649800 
2.649800 
2.649800 
2.650500 
2.651000 
2.651600 
2.651700 
2.652000 
2.653000 
2.653600 
2.655500 
2.655500 
2.655900 
2.656000 
2.657200 
2.657400 
2.658200 
2.658300 
2.658900 
2.659000 
2.660000 
2.660100 
2.660500 
2.661100 
2.662100 
2.662600 
2.663500 
2.664600 
2.665000 
2.665400 
2.666600 
2.667100 
2.667200 
2.667200 
2.668300 
2.668800 
2.669200 
2.669400 
2.669800 
2.670600 
2.672000 
2.673200 
2.673400 
2.674100 
2.674400 
2.674800 
2.674800 
2.676100 
2.676500 
2.677200 
2.677300 
2.677800 
2.677900 
2.678200 
2.678600 
2.680400 
2.681200 
2.681500 
2.682000 
2.682100 
2.682200 
2.682500 
2.682900 
2.683400 
2.684100 
2.684400 
2.684500 
2.685300 
2.685300 
2.685400 
2.685500 
2.685700 
2.686800 
2.686800 
2.687000 
2.687100 
2.687500 
2.687800 
2.688600 
2.689600 
2.690000 
2.690400 
2.690600 
2.690700 
2.691000 
2.691300 
2.691800 
2.692600 
2.693700 
2.693800 
2.694200 
2.694400 
2.694500 
2.694500 
2.694600 
2.694600 
2.694700 
2.695100 
2.695900 
2.696300 
2.696800 
2.697600 
2.700500 
2.700500 
2.700800 
2.700900 
2.701000 
2.701300 
2.701500 
2.702600 
2.703000 
2.703100 
2.704900 
2.705200 
2.706000 
2.706300 
2.706800 
2.707000 
2.707000 
2.707500 
2.707600 
2.707700 
2.707900 
2.708200 
2.709000 
2.709000 
2.710100 
2.710400 
2.710900 
2.711300 
2.711800 
2.712200 
2.712600 
2.713000 
2.713600 
2.714500 
2.715400 
2.716400 
2.716600 
2.716600 
2.716900 
2.717000 
2.717000 
2.717200 
2.719800 
2.721000 
2.721800 
2.722600 
2.722800 
2.723800 
2.725200 
2.726000 
2.726400 
2.726600 
2.728500 
2.729500 
2.730000 
2.730500 
2.731100 
2.731500 
2.731500 
2.732200 
2.733400 
2.734000 
2.734400 
2.734400 
2.734700 
2.735300 
2.735800 
2.736900 
2.736900 
2.737400 
2.737600 
2.738400 
2.740400 
2.740800 
2.742700 
2.742800 
2.743500 
2.744100 
2.744500 
2.744800 
2.745000 
2.745200 
2.746000 
2.746800 
2.747500 
2.747800 
2.747800 
2.748100 
2.749200 
2.749700 
2.749900 
2.750200 
2.750600 
2.751400 
2.751500 
2.751900 
2.752000 
2.752200 
2.752300 
2.752800 
2.753100 
2.754000 
2.754000 
2.754400 
2.754600 
2.754600 
2.754800 
2.755300 
2.755800 
2.756400 
2.756600 
2.756800 
2.757400 
2.757600 
2.758100 
2.758200 
2.758700 
2.759100 
2.759200 
2.759600 
2.760000 
2.760500 
2.760800 
2.761700 
2.762900 
2.763800 
2.764000 
2.764000 
2.765100 
2.765200 
2.765500 
2.767000 
2.767100 
2.767100 
2.767100 
2.767200 
2.767600 
2.767800 
2.768300 
2.769100 
2.770000 
2.770400 
2.772600 
2.773100 
2.773700 
2.774100 
2.774200 
2.774300 
2.774500 
2.774700 
2.774800 
2.774900 
2.775100 
2.775400 
2.775400 
2.776600 
2.777600 
2.777700 
2.779000 
2.779300 
2.779500 
2.779800 
2.780100 
2.780800 
2.781200 
2.782100 
2.782100 
2.782200 
2.782700 
2.783300 
2.783900 
2.786200 
2.786400 
2.786600 
2.786900 
2.788500 
2.788800 
2.789400 
2.790400 
2.790500 
2.790900 
2.792400 
2.792600 
2.792700 
2.793400 
2.793600 
2.793700 
2.794800 
2.795200 
2.795200 
2.795400 
2.795600 
2.795600 
2.795700 
2.797000 
2.798200 
2.799100 
2.799500 
2.799800 
2.799900 
2.800000 
2.800600 
2.800600 
2.801600 
2.801700 
2.802000 
2.802000 
2.802900 
2.802900 
2.803100 
2.805400 
2.805600 
2.805900 
2.806700 
2.806700 
2.807100 
2.807900 
2.808500 
2.809300 
2.809700 
2.809800 
2.809800 
2.810000 
2.810200 
2.810500 
2.810800 
2.811300 
2.811300 
2.811500 
2.811800 
2.812600 
2.813900 
2.814400 
2.814400 
2.814900 
2.815500 
2.816100 
2.816900 
2.817200 
2.817400 
2.818400 
2.819500 
2.820700 
2.820800 
2.821000 
2.821000 
2.822700 
2.822800 
2.823000 
2.823000 
2.823500 
2.823700 
2.824200 
2.824500 
2.824700 
2.825100 
2.825400 
2.825600 
2.825600 
2.825800 
2.825900 
2.826400 
2.826500 
2.827100 
2.827200 
2.828700 
2.829200 
2.829600 
2.829600 
2.829900 
2.831100 
2.831400 
2.831600 
2.832500 
2.834100 
2.834400 
2.834600 
2.834600 
2.834900 
2.834900 
2.834900 
2.835300 
2.835900 
2.836000 
2.836600 
2.837200 
2.837600 
2.837900 
2.838600 
2.839700 
2.839700 
2.839800 
2.840000 
2.840900 
2.841400 
2.841700 
2.841900 
2.842000 
2.842800 
2.843100 
2.843200 
2.843600 
2.843800 
2.845000 
2.845000 
2.846500 
2.846700 
2.846700 
2.847900 
2.848000 
2.848200 
2.849600 
2.849700 
2.849700 
2.849800 
2.850300 
2.851200 
2.851700 
2.852100 
2.853600 
2.854400 
2.854800 
2.855600 
2.855900 
2.856600 
2.856700 
2.857100 
2.857300 
2.857400 
2.858600 
2.859100 
2.859100 
2.859100 
2.859700 
2.860000 
2.860600 
2.860700 
2.860900 
2.861100 
2.862000 
2.862800 
2.864200 
2.865300 
2.865700 
2.865900 
2.866900 
2.866900 
2.866900 
2.867000 
2.867700 
2.868000 
2.868400 
2.869400 
2.869600 
2.869700 
2.870300 
2.870600 
2.870800 
2.871100 
2.871300 
2.871300 
2.871800 
2.872400 
2.873100 
2.874400 
2.876300 
2.877100 
2.877100 
2.877200 
2.877900 
2.878000 
2.878400 
2.878600 
2.878900 
2.879100 
2.881100 
2.881400 
2.881800 
2.882400 
2.882800 
2.883000 
2.883000 
2.884500 
2.885300 
2.885500 
2.885800 
2.886000 
2.886800 
2.887500 
2.887800 
2.887800 
2.888100 
2.888100 
2.888600 
2.888700 
2.890100 
2.890200 
2.890600 
2.890700 
2.891000 
2.891700 
2.891800 
2.892800 
2.892900 
2.893000 
2.893800 
2.893900 
2.894000 
2.894200 
2.894500 
2.896100 
2.896300 
2.896800 
2.897200 
2.897200 
2.897400 
2.898200 
2.899000 
2.899400 
2.899900 
2.900100 
2.901300 
2.901400 
2.902000 
2.902200 
2.902500 
2.903100 
2.904800 
2.905100 
2.906000 
2.907200 
2.907900 
2.908400 
2.909100 
2.909300 
2.909500 
2.909500 
2.910200 
2.910900 
2.911000 
2.911100 
2.911500 
2.911900 
2.913700 
2.914100 
2.915200 
2.915500 
2.915500 
2.915600 
2.915700 
2.917400 
2.918000 
2.918800 
2.919400 
2.920100 
2.920500 
2.921000 
2.921100 
2.921200 
2.921300 
2.921400 
2.921700 
2.922700 
2.923400 
2.924100 
2.924500 
2.924700 
2.925900 
2.925900 
2.926600 
2.928300 
2.928400 
2.928800 
2.929200 
2.929300 
2.930000 
2.930000 
2.930900 
2.931100 
2.931200 
2.932000 
2.932800 
2.933600 
2.933600 
2.933600 
2.934500 
2.934500 
2.935800 
2.936700 
2.937100 
2.937300 
2.937400 
2.937600 
2.937900 
2.938300 
2.939100 
2.939500 
2.939900 
2.941800 
2.942600 
2.942900 
2.943600 
2.943600 
2.943700 
2.943900 
2.944300 
2.945000 
2.945200 
2.945300 
2.945300 
2.945700 
2.945900 
2.946800 
2.947000 
2.947200 
2.947200 
2.947900 
2.948100 
2.950300 
2.950500 
2.950800 
2.951400 
2.953000 
2.953400 
2.954000 
2.954800 
2.955100 
2.956100 
2.956300 
2.956400 
2.956700 
2.956800 
2.957400 
2.957500 
2.958500 
2.958900 
2.959600 
2.960000 
2.960400 
2.960600 
2.961400 
2.961500 
2.962000 
2.962000 
2.962000 
2.962400 
2.962700 
2.963100 
2.963200 
2.963700 
2.964300 
2.965200 
2.966100 
2.967300 
2.967400 
2.968300 
2.968300 
2.968400 
2.968500 
2.968500 
2.968700 
2.969600 
2.969900 
2.970500 
2.970900 
2.970900 
2.971000 
2.971100 
2.971300 
2.972800 
2.972900 
2.973800 
2.974300 
2.974700 
2.974700 
2.974900 
2.975200 
2.975500 
2.975700 
2.975700 
2.977000 
2.977600 
2.977800 
2.978400 
2.979000 
2.979200 
2.979700 
2.980100 
2.980200 
2.980500 
2.981900 
2.982200 
2.982300 
2.983100 
2.983100 
2.983200 
2.984800 
2.985300 
2.986300 
2.986800 
2.987100 
2.988200 
2.989100 
2.989200 
2.990800 
2.991400 
2.992700 
2.992900 
2.993000 
2.994000 
2.994200 
2.995400 
2.995500 
2.995900 
2.997500 
2.998900 
2.999300 
3.000000 
3.000200 
3.000800 
3.003100 
3.003300 
3.003700 
3.003900 
3.004100 
3.004700 
3.005100 
3.005600 
3.006100 
3.006700 
3.006800 
3.008800 
3.008800 
3.009400 
3.009500 
3.009700 
3.012900 
3.013400 
3.013700 
3.014600 
3.014700 
3.015400 
3.016100 
3.016700 
3.017900 
3.018000 
3.018500 
3.018600 
3.018700 
3.018800 
3.019400 
3.019900 
3.020300 
3.020700 
3.021100 
3.022200 
3.022200 
3.023100 
3.023200 
3.024500 
3.024900 
3.025200 
3.025300 
3.025600 
3.025600 
3.027500 
3.027800 
3.027800 
3.028000 
3.028200 
3.028700 
3.029000 
3.029800 
3.029900 
3.030500 
3.031900 
3.032100 
3.032300 
3.032400 
3.032700 
3.033000 
3.033600 
3.033800 
3.034200 
3.034400 
3.034600 
3.035000 
3.036800 
3.036800 
3.036900 
3.037200 
3.037700 
3.037700 
3.038500 
3.038600 
3.038700 
3.038800 
3.039100 
3.039700 
3.039900 
3.040900 
3.041400 
3.041900 
3.042100 
3.042500 
3.042600 
3.042700 
3.043000 
3.043300 
3.044000 
3.044100 
3.044100 
3.044300 
3.044500 
3.045100 
3.045200 
3.045300 
3.045900 
3.046600 
3.046700 
3.046800 
3.047200 
3.047300 
3.047600 
3.047800 
3.047900 
3.048500 
3.049000 
3.049400 
3.050000 
3.050100 
3.050400 
3.050800 
3.050800 
3.050900 
3.051800 
3.052000 
3.052400 
3.052500 
3.053300 
3.053400 
3.053500 
3.056800 
3.056800 
3.056800 
3.056900 
3.057600 
3.058200 
3.058300 
3.059000 
3.059300 
3.059900 
3.060400 
3.060500 
3.060800 
3.061200 
3.062200 
3.062600 
3.062800 
3.062900 
3.063800 
3.064300 
3.065000 
3.065300 
3.065800 
3.065800 
3.066600 
3.067400 
3.067600 
3.067900 
3.068100 
3.068700 
3.069300 
3.069700 
3.071600 
3.071600 
3.072700 
3.073000 
3.073800 
3.073900 
3.074300 
3.074300 
3.074400 
3.074400 
3.074500 
3.074700 
3.074900 
3.075100 
3.075300 
3.075400 
3.076700 
3.077100 
3.077700 
3.078300 
3.078800 
3.079100 
3.079900 
3.080400 
3.081100 
3.081400 
3.081500 
3.082100 
3.082300 
3.082900 
3.083200 
3.083700 
3.083800 
3.083800 
3.083900 
3.084400 
3.086400 
3.086700 
3.086900 
3.087400 
3.087800 
3.087800 
3.088900 
3.088900 
3.089100 
3.089500 
3.089700 
3.089800 
3.089800 
3.090200 
3.090300 
3.090900 
3.091000 
3.091100 
3.092000 
3.092100 
3.092800 
3.093400 
3.093600 
3.094700 
3.095200 
3.095400 
3.095400 
3.095700 
3.095900 
3.096100 
3.096200 
3.097100 
3.097800 
3.097800 
3.098500 
3.100100 
3.100500 
3.100500 
3.100700 
3.101000 
3.101300 
3.101500 
3.102100 
3.103200 
3.105700 
3.106000 
3.106500 
3.106900 
3.107200 
3.107600 
3.107600 
3.107600 
3.108100 
3.108600 
3.108600 
3.109400 
3.109900 
3.111100 
3.111200 
3.111300 
3.111400 
3.111500 
3.111500 
3.111800 
3.112400 
3.112500 
3.112800 
3.113900 
3.114300 
3.114600 
3.114700 
3.115600 
3.115900 
3.116400 
3.117700 
3.117800 
3.118000 
3.118400 
3.119100 
3.119300 
3.119300 
3.119500 
3.120400 
3.120500 
3.120600 
3.121900 
3.122100 
3.122700 
3.122800 
3.122800 
3.123200 
3.123500 
3.124800 
3.125400 
3.125700 
3.126100 
3.126200 
3.126500 
3.128300 
3.128400 
3.130700 
3.130800 
3.130900 
3.131400 
3.131400 
3.132400 
3.132600 
3.133500 
3.133700 
3.134100 
3.135100 
3.136200 
3.136400 
3.136400 
3.136800 
3.137400 
3.137600 
3.137700 
3.138200 
3.138500 
3.138500 
3.139500 
3.139500 
3.139500 
3.140100 
3.141000 
3.141700 
3.142200 
3.142300 
3.142500 
3.142600 
3.143000 
3.143400 
3.144000 
3.144000 
3.146100 
3.146200 
3.146500 
3.147400 
3.148100 
3.148900 
3.149200 
3.149400 
3.149700 
3.151100 
3.151400 
3.151700 
3.152100 
3.152300 
3.152300 
3.152600 
3.152700 
3.152900 
3.153400 
3.154600 
3.154800 
3.156000 
3.157100 
3.157300 
3.157700 
3.158000 
3.158800 
3.159000 
3.159500 
3.160000 
3.160200 
3.160400 
3.161000 
3.161400 
3.161600 
3.161700 
3.162100 
3.162200 
3.162900 
3.163600 
3.163800 
3.163900 
3.164300 
3.164300 
3.164500 
3.164700 
3.164700 
3.165000 
3.165800 
3.166100 
3.166200 
3.166500 
3.166600 
3.166700 
3.167200 
3.167800 
3.168200 
3.168900 
3.168900 
3.168900 
3.169500 
3.169800 
3.170700 
3.170700 
3.171000 
3.171100 
3.171500 
3.171500 
3.172100 
3.172100 
3.172300 
3.172900 
3.174700 
3.176200 
3.176500 
3.176800 
3.177600 
3.177600 
3.177900 
3.178200 
3.179400 
3.180300 
3.180700 
3.180800 
3.181600 
3.181900 
3.183100 
3.183200 
3.183200 
3.183600 
3.183800 
3.183800 
3.184200 
3.184400 
3.184500 
3.185300 
3.185700 
3.186400 
3.187200 
3.187400 
3.187800 
3.187900 
3.188700 
3.190200 
3.190600 
3.190700 
3.190900 
3.191400 
3.192900 
3.193600 
3.193700 
3.194100 
3.194200 
3.194700 
3.195300 
3.195500 
3.196700 
3.197800 
3.198900 
3.199500 
3.200000 
3.200800 
3.201600 
3.201800 
3.202200 
3.202700 
3.203400 
3.204700 
3.206700 
3.207400 
3.208000 
3.208100 
3.208300 
3.209900 
3.210900 
3.210900 
3.211200 
3.211200 
3.212100 
3.212800 
3.213500 
3.213600 
3.213900 
3.215700 
3.216300 
3.216400 
3.218300 
3.219100 
3.220800 
3.221800 
3.222500 
3.222900 
3.224200 
3.225000 
3.225400 
3.225900 
3.226900 
3.227100 
3.228900 
3.229300 
3.231200 
3.231700 
3.232000 
3.232900 
3.233000 
3.233800 
3.236700 
3.237500 
3.237900 
3.238200 
3.238800 
3.238800 
3.239300 
3.239800 
3.240000 
3.240700 
3.243700 
3.244400 
3.245100 
3.245500 
3.245800 
3.246600 
3.246700 
3.246700 
3.247000 
3.247300 
3.247600 
3.248300 
3.248400 
3.249700 
3.250400 
3.250500 
3.250900 
3.251100 
3.252100 
3.252400 
3.252500 
3.253300 
3.254000 
3.254600 
3.254700 
3.255100 
3.255800 
3.255800 
3.256800 
3.257400 
3.257800 
3.258300 
3.258900 
3.259100 
3.259200 
3.259200 
3.259300 
3.260200 
3.261000 
3.261800 
3.262100 
3.262100 
3.262300 
3.262400 
3.262400 
3.263000 
3.263100 
3.263800 
3.264100 
3.264400 
3.264800 
3.265300 
3.265900 
3.267300 
3.267600 
3.268300 
3.268400 
3.268600 
3.268900 
3.269300 
3.270200 
3.270600 
3.271900 
3.272000 
3.272300 
3.272500 
3.273700 
3.274000 
3.274500 
3.274600 
3.276300 
3.276500 
3.276600 
3.276900 
3.276900 
3.277400 
3.278000 
3.278900 
3.279100 
3.279600 
3.279700 
3.280600 
3.281300 
3.281500 
3.281600 
3.281700 
3.282400 
3.283600 
3.285700 
3.285900 
3.286000 
3.287100 
3.287600 
3.289700 
3.289900 
3.290400 
3.291300 
3.291700 
3.292600 
3.292800 
3.294700 
3.294900 
3.295900 
3.296500 
3.296700 
3.296700 
3.297000 
3.297600 
3.298100 
3.298200 
3.298400 
3.299400 
3.300100 
3.301400 
3.301700 
3.302700 
3.303500 
3.304500 
3.306100 
3.306500 
3.306800 
3.307400 
3.307900 
3.308100 
3.308500 
3.308800 
3.309400 
3.309400 
3.309700 
3.309800 
3.310000 
3.310000 
3.310500 
3.311100 
3.312400 
3.313300 
3.313500 
3.313700 
3.314500 
3.314500 
3.315900 
3.316400 
3.317400 
3.317500 
3.317800 
3.318000 
3.318100 
3.318600 
3.319000 
3.319200 
3.319200 
3.319500 
3.320000 
3.320500 
3.320600 
3.321400 
3.322600 
3.323100 
3.323900 
3.324200 
3.324900 
3.325400 
3.325600 
3.325800 
3.325900 
3.325900 
3.326000 
3.326500 
3.327900 
3.329300 
3.329900 
3.330000 
3.330500 
3.330800 
3.332200 
3.332500 
3.333300 
3.333800 
3.334000 
3.334800 
3.336000 
3.336000 
3.336200 
3.336500 
3.336600 
3.337800 
3.338600 
3.338900 
3.339500 
3.339600 
3.340900 
3.341400 
3.342300 
3.342500 
3.343800 
3.344200 
3.344500 
3.344600 
3.345600 
3.345900 
3.349100 
3.349600 
3.351400 
3.351500 
3.352100 
3.352100 
3.352300 
3.352500 
3.352600 
3.353200 
3.354100 
3.354300 
3.354700 
3.356200 
3.357000 
3.357600 
3.357600 
3.358300 
3.358700 
3.359100 
3.360200 
3.360500 
3.360900 
3.361600 
3.361800 
3.362800 
3.365400 
3.365900 
3.365900 
3.366000 
3.366300 
3.367200 
3.368300 
3.368600 
3.368900 
3.369000 
3.369600 
3.369900 
3.370700 
3.370800 
3.373100 
3.373400 
3.373600 
3.374100 
3.374200 
3.374800 
3.375700 
3.376100 
3.376400 
3.376800 
3.377900 
3.378600 
3.378700 
3.380000 
3.380500 
3.381300 
3.381400 
3.381400 
3.381700 
3.382000 
3.382800 
3.382900 
3.383900 
3.384000 
3.385700 
3.387300 
3.387300 
3.387600 
3.388000 
3.389600 
3.390300 
3.390500 
3.390600 
3.390900 
3.391200 
3.391500 
3.392300 
3.393600 
3.393600 
3.393800 
3.394400 
3.394500 
3.394800 
3.395100 
3.395200 
3.395200 
3.395500 
3.396000 
3.396100 
3.396100 
3.396300 
3.396300 
3.397300 
3.397300 
3.397300 
3.398800 
3.399500 
3.400000 
3.402000 
3.403400 
3.403600 
3.403900 
3.404000 
3.404200 
3.404600 
3.405600 
3.407100 
3.407700 
3.408200 
3.408900 
3.409900 
3.410100 
3.411100 
3.411400 
3.411700 
3.412100 
3.412200 
3.414300 
3.415400 
3.415900 
3.415900 
3.417000 
3.417400 
3.417400 
3.417800 
3.417800 
3.418400 
3.418800 
3.419100 
3.419300 
3.420100 
3.420200 
3.420500 
3.421500 
3.422600 
3.422700 
3.422900 
3.423100 
3.424500 
3.425400 
3.425600 
3.425800 
3.427200 
3.427700 
3.428100 
3.428700 
3.429400 
3.430200 
3.430600 
3.431100 
3.431200 
3.431800 
3.432100 
3.432300 
3.432400 
3.433600 
3.434500 
3.434800 
3.435900 
3.437100 
3.437200 
3.437300 
3.438300 
3.439400 
3.440400 
3.440800 
3.442000 
3.442300 
3.442500 
3.442700 
3.442700 
3.442900 
3.443100 
3.443200 
3.443600 
3.443800 
3.444000 
3.446000 
3.446900 
3.447200 
3.448600 
3.449500 
3.449700 
3.450000 
3.451100 
3.451200 
3.451700 
3.452100 
3.452300 
3.453600 
3.454000 
3.454500 
3.454900 
3.455400 
3.455600 
3.455800 
3.456300 
3.456800 
3.456900 
3.457100 
3.457300 
3.457900 
3.458700 
3.458900 
3.458900 
3.459300 
3.459800 
3.460100 
3.460700 
3.461400 
3.461500 
3.461700 
3.462200 
3.462300 
3.462300 
3.464000 
3.464300 
3.464300 
3.464500 
3.464700 
3.465500 
3.465700 
3.466800 
3.466800 
3.467200 
3.467600 
3.467700 
3.468300 
3.468400 
3.468400 
3.468800 
3.469200 
3.469400 
3.469700 
3.470300 
3.470700 
3.470900 
3.471400 
3.471500 
3.471600 
3.471900 
3.472600 
3.472700 
3.472700 
3.473800 
3.474400 
3.474600 
3.475100 
3.475300 
3.475500 
3.475900 
3.476200 
3.476400 
3.476500 
3.476700 
3.477200 
3.477400 
3.477400 
3.477500 
3.477800 
3.478500 
3.478500 
3.478600 
3.479300 
3.479400 
3.479900 
3.480100 
3.480200 
3.480600 
3.481100 
3.481700 
3.482400 
3.482600 
3.483700 
3.483900 
3.484000 
3.484100 
3.484100 
3.484800 
3.486000 
3.486200 
3.486500 
3.486600 
3.487300 
3.487500 
3.487800 
3.488500 
3.488800 
3.489400 
3.489500 
3.489700 
3.490300 
3.490400 
3.490600 
3.490800 
3.491000 
3.491900 
3.491900 
3.492400 
3.492700 
3.492800 
3.495400 
3.495400 
3.496400 
3.496600 
3.496800 
3.497500 
3.497700 
3.498300 
3.498600 
3.500000 
3.500000 
3.500000 
3.500100 
3.501100 
3.501200 
3.501300 
3.501500 
3.501500 
3.502000 
3.502600 
3.504400 
3.504400 
3.505400 
3.506300 
3.506800 
3.508300 
3.508800 
3.509700 
3.511500 
3.512700 
3.512700 
3.512900 
3.513500 
3.514000 
3.517100 
3.517200 
3.518800 
3.518900 
3.519600 
3.519700 
3.522000 
3.522400 
3.523100 
3.523400 
3.523800 
3.524000 
3.524200 
3.525400 
3.525700 
3.525800 
3.526100 
3.526200 
3.528100 
3.528200 
3.529400 
3.529500 
3.530800 
3.531700 
3.532000 
3.532000 
3.532300 
3.532300 
3.533200 
3.533200 
3.533600 
3.535200 
3.536200 
3.536200 
3.537000 
3.537200 
3.537300 
3.538100 
3.538400 
3.538800 
3.541200 
3.541400 
3.542000 
3.542500 
3.542600 
3.546100 
3.546200 
3.548800 
3.549500 
3.549900 
3.550200 
3.550600 
3.550700 
3.551200 
3.551400 
3.552300 
3.552700 
3.553000 
3.553100 
3.553200 
3.554000 
3.554100 
3.554500 
3.554500 
3.554600 
3.555000 
3.555200 
3.555400 
3.555500 
3.555700 
3.555800 
3.557400 
3.558800 
3.558800 
3.559400 
3.559800 
3.560100 
3.561300 
3.561500 
3.561500 
3.561800 
3.562100 
3.562500 
3.563800 
3.563800 
3.564900 
3.565000 
3.565100 
3.566800 
3.570400 
3.571200 
3.571500 
3.571900 
3.573400 
3.573600 
3.573600 
3.574500 
3.577100 
3.577600 
3.577600 
3.577700 
3.579300 
3.579600 
3.579600 
3.581800 
3.581900 
3.582000 
3.582900 
3.583500 
3.583600 
3.584300 
3.584500 
3.584600 
3.584600 
3.584700 
3.584800 
3.584900 
3.585100 
3.585800 
3.586700 
3.587300 
3.587600 
3.587900 
3.588400 
3.588600 
3.589300 
3.589600 
3.589700 
3.590200 
3.590300 
3.591000 
3.592100 
3.592500 
3.593000 
3.593100 
3.593300 
3.593400 
3.594000 
3.594300 
3.594600 
3.594900 
3.595700 
3.599700 
3.599800 
3.600300 
3.600600 
3.601000 
3.601100 
3.601200 
3.601700 
3.603000 
3.603100 
3.603700 
3.603800 
3.604800 
3.605400 
3.606300 
3.609000 
3.610000 
3.610200 
3.612000 
3.613000 
3.613000 
3.613800 
3.613900 
3.614000 
3.614000 
3.614000 
3.614400 
3.615200 
3.616100 
3.616200 
3.616300 
3.616400 
3.616500 
3.616700 
3.617100 
3.617200 
3.617300 
3.618100 
3.618400 
3.618800 
3.619300 
3.619400 
3.619500 
3.620500 
3.620700 
3.622600 
3.622800 
3.622900 
3.623000 
3.623200 
3.624100 
3.624200 
3.624300 
3.624400 
3.625100 
3.626000 
3.626700 
3.627100 
3.627300 
3.628400 
3.628800 
3.628900 
3.629000 
3.629900 
3.631000 
3.631000 
3.631100 
3.631100 
3.632400 
3.632500 
3.632800 
3.633300 
3.634200 
3.635500 
3.636600 
3.637600 
3.638100 
3.638400 
3.638800 
3.639500 
3.640300 
3.641500 
3.642500 
3.642700 
3.643200 
3.643700 
3.644100 
3.644400 
3.644600 
3.646100 
3.647200 
3.647200 
3.647400 
3.647400 
3.647600 
3.648700 
3.650600 
3.652100 
3.653000 
3.653200 
3.653600 
3.654300 
3.654400 
3.654900 
3.655000 
3.655300 
3.655500 
3.655900 
3.657400 
3.658100 
3.658200 
3.658300 
3.658700 
3.659000 
3.659100 
3.659200 
3.659300 
3.659900 
3.661300 
3.661400 
3.661400 
3.661900 
3.662600 
3.663400 
3.663400 
3.663600 
3.664000 
3.665400 
3.665700 
3.666900 
3.667200 
3.667400 
3.667800 
3.668200 
3.668500 
3.668600 
3.670200 
3.670600 
3.670800 
3.671200 
3.671500 
3.672100 
3.672200 
3.672400 
3.674300 
3.674700 
3.674900 
3.677300 
3.680000 
3.680400 
3.681300 
3.681500 
3.681700 
3.682800 
3.683900 
3.684500 
3.684700 
3.684700 
3.685100 
3.685200 
3.685400 
3.685800 
3.686200 
3.686700 
3.686700 
3.688100 
3.688800 
3.688900 
3.689900 
3.690500 
3.690800 
3.691000 
3.691300 
3.691500 
3.692000 
3.692800 
3.693100 
3.694300 
3.696400 
3.697100 
3.697800 
3.698000 
3.698400 
3.698900 
3.699000 
3.699000 
3.699700 
3.699800 
3.700900 
3.701100 
3.701200 
3.701300 
3.701400 
3.702000 
3.702300 
3.702400 
3.703500 
3.703800 
3.705700 
3.706200 
3.707600 
3.709200 
3.710400 
3.711000 
3.711300 
3.711300 
3.711400 
3.712500 
3.712500 
3.713500 
3.713500 
3.713600 
3.713800 
3.714200 
3.714300 
3.714600 
3.715200 
3.715300 
3.715600 
3.716300 
3.716400 
3.716400 
3.717700 
3.717700 
3.718200 
3.718600 
3.720500 
3.720700 
3.722400 
3.722500 
3.722900 
3.723100 
3.723400 
3.723600 
3.723700 
3.726500 
3.726600 
3.726800 
3.727000 
3.727100 
3.727500 
3.727700 
3.728000 
3.728900 
3.729200 
3.730900 
3.731000 
3.731100 
3.732100 
3.732100 
3.732700 
3.733000 
3.733100 
3.733200 
3.733300 
3.733400 
3.734600 
3.735300 
3.735600 
3.736000 
3.736600 
3.737700 
3.737800 
3.737900 
3.737900 
3.738800 
3.739700 
3.739800 
3.740100 
3.740900 
3.740900 
3.741200 
3.741900 
3.742000 
3.742800 
3.743100 
3.744400 
3.744700 
3.745000 
3.745200 
3.745200 
3.745400 
3.746500 
3.746800 
3.747500 
3.748300 
3.748700 
3.749000 
3.749400 
3.749500 
3.749600 
3.749700 
3.750600 
3.750900 
3.751000 
3.751200 
3.752100 
3.752900 
3.753800 
3.754000 
3.754000 
3.754100 
3.755300 
3.755700 
3.756000 
3.756200 
3.756800 
3.757300 
3.758300 
3.758400 
3.758700 
3.759300 
3.760100 
3.760200 
3.760600 
3.761200 
3.761300 
3.761700 
3.763800 
3.764800 
3.765000 
3.765400 
3.765500 
3.765500 
3.767500 
3.768400 
3.768800 
3.771000 
3.771100 
3.771200 
3.771800 
3.772600 
3.773000 
3.773200 
3.773600 
3.773800 
3.774400 
3.775600 
3.775600 
3.775600 
3.775700 
3.778100 
3.778500 
3.778600 
3.779600 
3.780300 
3.780400 
3.780500 
3.780800 
3.781300 
3.781800 
3.782000 
3.782000 
3.782000 
3.782200 
3.782200 
3.783200 
3.783500 
3.783800 
3.783800 
3.783900 
3.784000 
3.784300 
3.785500 
3.785900 
3.786000 
3.786200 
3.787200 
3.787300 
3.787500 
3.787500 
3.787900 
3.789200 
3.789300 
3.789900 
3.790300 
3.790700 
3.791100 
3.791200 
3.791800 
3.792600 
3.793200 
3.793300 
3.793600 
3.794800 
3.795100 
3.795600 
3.795700 
3.796000 
3.796500 
3.796500 
3.796600 
3.796800 
3.796900 
3.797100 
3.797500 
3.797700 
3.799000 
3.799100 
3.800100 
3.800100 
3.801200 
3.802300 
3.802600 
3.802600 
3.802900 
3.803300 
3.803400 
3.803800 
3.804600 
3.804800 
3.805400 
3.806100 
3.806200 
3.806700 
3.807100 
3.807700 
3.808100 
3.808200 
3.808200 
3.808200 
3.808700 
3.809000 
3.810100 
3.810800 
3.811600 
3.812200 
3.812300 
3.813100 
3.813700 
3.814500 
3.814800 
3.815600 
3.815700 
3.816400 
3.816700 
3.816700 
3.816800 
3.817600 
3.817700 
3.818200 
3.819000 
3.819100 
3.820600 
3.821000 
3.821300 
3.821400 
3.821500 
3.821500 
3.822400 
3.822500 
3.823100 
3.823200 
3.823400 
3.823400 
3.824700 
3.824800 
3.825100 
3.825100 
3.825400 
3.825800 
3.827700 
3.828300 
3.828500 
3.829400 
3.829400 
3.829900 
3.831300 
3.831300 
3.831700 
3.831800 
3.831900 
3.832200 
3.832400 
3.833200 
3.833400 
3.833700 
3.834200 
3.834200 
3.834400 
3.834600 
3.835300 
3.835700 
3.835900 
3.835900 
3.836600 
3.836800 
3.837300 
3.837600 
3.837900 
3.837900 
3.838300 
3.839400 
3.840300 
3.842000 
3.842600 
3.843700 
3.844500 
3.845500 
3.845600 
3.846300 
3.846700 
3.847200 
3.847900 
3.850200 
3.851000 
3.852900 
3.853000 
3.853300 
3.853400 
3.853500 
3.853700 
3.854000 
3.854200 
3.855000 
3.855300 
3.856100 
3.856200 
3.856300 
3.856700 
3.856800 
3.857400 
3.857700 
3.859500 
3.859900 
3.859900 
3.860400 
3.860400 
3.861300 
3.861700 
3.862600 
3.862700 
3.863200 
3.863400 
3.863500 
3.863600 
3.864600 
3.864900 
3.865100 
3.865200 
3.865400 
3.865400 
3.865400 
3.865900 
3.866100 
3.866300 
3.867000 
3.867000 
3.868100 
3.868200 
3.868600 
3.869300 
3.870600 
3.870700 
3.871000 
3.871000 
3.871700 
3.871900 
3.872300 
3.872500 
3.872900 
3.873600 
3.873900 
3.876900 
3.878200 
3.878200 
3.879700 
3.879900 
3.880500 
3.882100 
3.883000 
3.883400 
3.884600 
3.884800 
3.887200 
3.888000 
3.888100 
3.888800 
3.889000 
3.889500 
3.889700 
3.890200 
3.891000 
3.892100 
3.892100 
3.892300 
3.892400 
3.892800 
3.893000 
3.893000 
3.894700 
3.894800 
3.895400 
3.895600 
3.896700 
3.897300 
3.897400 
3.899000 
3.899500 
3.899700 
3.899800 
3.900400 
3.900700 
3.900800 
3.901400 
3.901700 
3.903000 
3.903500 
3.903600 
3.903700 
3.905400 
3.905600 
3.905700 
3.906000 
3.906100 
3.906700 
3.906800 
3.906900 
3.907000 
3.907300 
3.907600 
3.907700 
3.908100 
3.908600 
3.909700 
3.910100 
3.910100 
3.910400 
3.910500 
3.912600 
3.912700 
3.913400 
3.915400 
3.915400 
3.915500 
3.916900 
3.918300 
3.921000 
3.922000 
3.922500 
3.923400 
3.923500 
3.923800 
3.924400 
3.925000 
3.925300 
3.925500 
3.925500 
3.925700 
3.925900 
3.926200 
3.926900 
3.926900 
3.927100 
3.927100 
3.927500 
3.928100 
3.930000 
3.931300 
3.931900 
3.934100 
3.934600 
3.934600 
3.935200 
3.935900 
3.936700 
3.936700 
3.937200 
3.937500 
3.939100 
3.940100 
3.941100 
3.942400 
3.943300 
3.943500 
3.943800 
3.944000 
3.945300 
3.945600 
3.947200 
3.947700 
3.948000 
3.948300 
3.948900 
3.949600 
3.949700 
3.950200 
3.950500 
3.952100 
3.952200 
3.952300 
3.952500 
3.952600 
3.953000 
3.953000 
3.953900 
3.954500 
3.954800 
3.956100 
3.956200 
3.956300 
3.956500 
3.956600 
3.956600 
3.956700 
3.956800 
3.956900 
3.958800 
3.959200 
3.959200 
3.959800 
3.960300 
3.960700 
3.961100 
3.961400 
3.961700 
3.962200 
3.962300 
3.963000 
3.963400 
3.964900 
3.966200 
3.967900 
3.968100 
3.968600 
3.968800 
3.969100 
3.969200 
3.969500 
3.969500 
3.970100 
3.970100 
3.971100 
3.971600 
3.971800 
3.971800 
3.973300 
3.973500 
3.974200 
3.975300 
3.976300 
3.976900 
3.976900 
3.977000 
3.977700 
3.977700 
3.978200 
3.978800 
3.979300 
3.979600 
3.980000 
3.980200 
3.980400 
3.980600 
3.980700 
3.981500 
3.981600 
3.981800 
3.982000 
3.982400 
3.982800 
3.984000 
3.984400 
3.984600 
3.985500 
3.986900 
3.986900 
3.987500 
3.987800 
3.988200 
3.988900 
3.989100 
3.989200 
3.989900 
3.989900 
3.991300 
3.992700 
3.992700 
3.992900 
3.993200 
3.994100 
3.995500 
3.997300 
3.997500 
3.997700 
3.998200 
