907 
240 
572 
432 
367 
896 
58 
671 
930 
783 
111 
693 
291 
603 
825 
316 
994 
769 
283 
2 
827 
558 
362 
450 
335 
956 
751 
677 
730 
784 
353 
348 
279 
101 
397 
996 
585 
130 
519 
860 
170 
471 
1018 
936 
20 
978 
891 
804 
934 
218 
739 
869 
269 
663 
418 
400 
411 
586 
900 
83 
308 
817 
972 
451 
49 
18 
564 
527 
697 
197 
650 
323 
26 
997 
726 
326 
420 
152 
419 
172 
392 
1056 
691 
1043 
27 
58 
86 
687 
320 
210 
104 
551 
639 
917 
768 
425 
478 
412 
863 
530 
930 
911 
618 
100 
245 
622 
1047 
772 
909 
567 
566 
576 
837 
488 
305 
375 
572 
1049 
645 
971 
636 
22 
557 
353 
739 
540 
862 
573 
468 
590 
66 
261 
92 
705 
436 
246 
156 
945 
219 
146 
884 
571 
374 
595 
757 
682 
490 
666 
495 
239 
985 
77 
456 
549 
667 
749 
266 
929 
418 
730 
569 
25 
825 
425 
627 
237 
926 
819 
711 
128 
676 
794 
513 
579 
41 
988 
1057 
914 
1047 
326 
368 
114 
649 
358 
377 
725 
1005 
895 
416 
440 
654 
434 
192 
302 
828 
802 
79 
260 
264 
818 
204 
1032 
256 
561 
255 
312 
574 
251 
994 
655 
316 
618 
82 
943 
402 
54 
938 
715 
611 
84 
987 
109 
830 
867 
71 
306 
288 
790 
509 
803 
962 
102 
28 
1007 
520 
842 
918 
127 
694 
480 
206 
678 
638 
108 
621 
740 
517 
558 
765 
939 
989 
810 
149 
293 
576 
202 
513 
143 
522 
781 
908 
353 
262 
832 
145 
277 
997 
287 
314 
529 
767 
237 
17 
1039 
950 
419 
308 
95 
544 
349 
700 
13 
116 
819 
940 
447 
207 
107 
945 
456 
1030 
384 
988 
742 
751 
135 
446 
706 
406 
390 
783 
882 
980 
328 
695 
248 
63 
173 
890 
461 
728 
89 
724 
570 
60 
279 
475 
324 
474 
828 
550 
104 
1005 
998 
841 
533 
439 
625 
463 
342 
210 
552 
105 
565 
516 
971 
374 
386 
918 
18 
312 
1018 
470 
722 
935 
829 
88 
818 
137 
575 
529 
535 
375 
382 
125 
664 
323 
877 
705 
601 
781 
793 
590 
577 
816 
1039 
115 
357 
148 
413 
993 
844 
987 
983 
893 
438 
819 
513 
680 
253 
643 
945 
778 
916 
348 
1009 
318 
155 
1055 
234 
240 
193 
773 
265 
734 
785 
743 
585 
789 
78 
489 
774 
835 
1004 
889 
807 
254 
331 
67 
880 
132 
951 
859 
302 
114 
1054 
946 
110 
632 
578 
1037 
1057 
394 
654 
440 
145 
1038 
250 
973 
402 
296 
491 
611 
210 
753 
112 
925 
272 
72 
484 
207 
535 
233 
106 
31 
317 
273 
1020 
1050 
886 
140 
239 
514 
815 
169 
668 
755 
1023 
398 
1048 
780 
71 
242 
32 
891 
117 
135 
258 
177 
493 
565 
683 
763 
295 
157 
5 
28 
458 
154 
497 
691 
138 
205 
721 
459 
84 
993 
749 
109 
1013 
517 
437 
843 
740 
747 
271 
68 
896 
423 
209 
646 
664 
241 
797 
253 
627 
946 
1041 
685 
1017 
491 
739 
479 
510 
794 
407 
289 
240 
121 
123 
806 
810 
473 
877 
828 
340 
119 
79 
551 
481 
1051 
998 
470 
604 
1029 
1035 
844 
468 
57 
404 
61 
1022 
736 
86 
948 
962 
595 
94 
431 
298 
345 
305 
659 
210 
16 
358 
723 
137 
415 
395 
570 
904 
651 
981 
138 
182 
960 
397 
418 
868 
211 
631 
750 
917 
954 
621 
275 
56 
338 
55 
246 
727 
834 
448 
32 
486 
829 
546 
407 
76 
108 
231 
20 
36 
266 
726 
635 
500 
323 
204 
776 
283 
22 
382 
1011 
403 
217 
638 
427 
258 
537 
493 
95 
402 
408 
613 
641 
23 
1042 
466 
883 
888 
882 
587 
929 
492 
842 
235 
963 
880 
498 
578 
185 
34 
488 
1031 
274 
976 
264 
973 
986 
714 
571 
1024 
920 
395 
552 
670 
912 
507 
669 
347 
96 
326 
167 
276 
685 
51 
606 
197 
574 
682 
4 
781 
928 
761 
803 
449 
1045 
345 
139 
172 
438 
82 
526 
971 
765 
278 
289 
1028 
778 
873 
209 
213 
562 
71 
471 
611 
523 
629 
369 
62 
495 
815 
366 
125 
140 
332 
442 
886 
320 
81 
533 
540 
380 
905 
1036 
226 
329 
954 
854 
1019 
564 
8 
1012 
33 
74 
315 
352 
943 
18 
669 
605 
372 
1054 
217 
317 
825 
1055 
239 
703 
842 
162 
376 
338 
981 
613 
323 
253 
430 
891 
40 
1060 
32 
723 
831 
956 
134 
454 
155 
44 
768 
109 
178 
903 
687 
192 
405 
328 
435 
1014 
994 
241 
646 
395 
771 
269 
850 
7 
599 
712 
335 
616 
971 
476 
906 
193 
265 
741 
305 
539 
938 
133 
603 
212 
181 
787 
531 
998 
1045 
1015 
222 
312 
472 
1035 
634 
1049 
982 
877 
160 
880 
447 
311 
211 
427 
443 
215 
97 
80 
142 
220 
670 
536 
31 
772 
756 
792 
626 
697 
42 
420 
655 
612 
814 
720 
444 
259 
679 
862 
788 
912 
674 
332 
905 
980 
984 
196 
870 
11 
910 
732 
573 
167 
281 
83 
180 
230 
778 
37 
733 
705 
996 
184 
1004 
973 
363 
354 
414 
262 
410 
356 
373 
481 
445 
403 
773 
1050 
32 
565 
566 
209 
515 
1030 
331 
719 
326 
485 
116 
726 
709 
718 
559 
708 
645 
678 
534 
665 
759 
162 
198 
1034 
1002 
329 
111 
560 
932 
397 
779 
313 
761 
758 
936 
935 
901 
148 
853 
334 
706 
374 
268 
919 
841 
831 
56 
29 
990 
1022 
174 
868 
648 
106 
998 
521 
837 
878 
518 
900 
2 
692 
800 
604 
632 
749 
220 
104 
114 
321 
501 
464 
522 
876 
966 
849 
437 
385 
572 
598 
287 
344 
766 
954 
1012 
263 
997 
1043 
969 
623 
621 
797 
491 
744 
113 
658 
186 
276 
1006 
701 
420 
176 
454 
42 
447 
503 
215 
722 
118 
308 
638 
523 
563 
885 
91 
15 
55 
1019 
182 
348 
850 
1014 
674 
630 
432 
116 
170 
1023 
1005 
217 
802 
452 
290 
294 
94 
1052 
490 
187 
804 
409 
948 
666 
1058 
1053 
77 
717 
210 
595 
381 
495 
640 
27 
270 
83 
463 
342 
352 
685 
912 
24 
535 
299 
469 
651 
316 
629 
1051 
793 
37 
720 
716 
232 
580 
785 
553 
68 
67 
985 
684 
719 
1033 
320 
223 
639 
257 
300 
74 
929 
545 
32 
631 
440 
976 
480 
159 
149 
288 
363 
196 
98 
534 
360 
705 
343 
279 
54 
173 
415 
1021 
828 
972 
818 
805 
554 
746 
657 
869 
12 
927 
280 
975 
596 
578 
201 
5 
158 
843 
110 
258 
131 
467 
465 
515 
30 
323 
222 
710 
565 
233 
698 
949 
311 
357 
1046 
165 
489 
682 
541 
847 
583 
721 
727 
286 
890 
368 
391 
208 
375 
147 
171 
712 
870 
156 
564 
588 
754 
398 
272 
549 
1045 
6 
212 
1035 
762 
866 
193 
566 
876 
200 
768 
356 
713 
967 
637 
660 
370 
687 
317 
318 
99 
988 
128 
115 
483 
780 
717 
711 
140 
293 
344 
786 
435 
369 
40 
1024 
382 
213 
648 
607 
831 
997 
586 
926 
542 
182 
908 
774 
609 
347 
101 
745 
85 
277 
462 
724 
709 
527 
389 
695 
661 
242 
177 
221 
635 
227 
1003 
1028 
844 
1055 
392 
325 
589 
72 
315 
1027 
694 
276 
833 
405 
767 
592 
151 
313 
245 
42 
553 
203 
598 
1047 
899 
936 
918 
7 
228 
794 
773 
148 
190 
376 
422 
701 
195 
486 
781 
136 
365 
702 
1030 
956 
120 
778 
282 
719 
36 
396 
34 
355 
942 
584 
404 
638 
996 
188 
946 
723 
748 
803 
498 
746 
827 
411 
916 
109 
92 
127 
251 
885 
154 
176 
1034 
790 
269 
733 
78 
29 
808 
555 
699 
955 
59 
821 
868 
951 
732 
784 
574 
501 
684 
986 
715 
848 
575 
888 
617 
1017 
431 
491 
454 
703 
102 
751 
973 
156 
764 
202 
1008 
596 
238 
371 
612 
952 
52 
537 
541 
978 
15 
871 
302 
412 
879 
829 
71 
304 
451 
953 
429 
674 
628 
153 
619 
856 
806 
377 
810 
280 
455 
927 
322 
90 
146 
386 
780 
546 
1007 
576 
149 
977 
236 
137 
639 
69 
160 
474 
384 
222 
378 
255 
125 
540 
586 
597 
98 
736 
80 
41 
997 
1037 
805 
358 
281 
912 
787 
84 
1035 
219 
568 
580 
976 
264 
1036 
417 
126 
770 
64 
470 
399 
23 
119 
192 
860 
545 
476 
359 
416 
444 
850 
941 
81 
748 
807 
1044 
447 
1038 
62 
10 
948 
257 
418 
577 
191 
46 
591 
993 
401 
715 
777 
217 
170 
548 
954 
881 
256 
313 
689 
935 
117 
221 
465 
914 
134 
515 
522 
301 
539 
1048 
250 
833 
142 
750 
326 
916 
625 
872 
1020 
483 
460 
667 
226 
108 
536 
150 
187 
621 
289 
132 
61 
185 
620 
760 
75 
237 
744 
547 
273 
601 
163 
1010 
376 
673 
983 
917 
937 
7 
566 
1051 
690 
701 
352 
549 
686 
114 
155 
998 
677 
696 
355 
284 
1039 
635 
893 
624 
719 
74 
127 
124 
710 
199 
887 
43 
1022 
966 
838 
781 
1056 
526 
665 
36 
263 
84 
111 
167 
265 
733 
982 
544 
724 
385 
631 
152 
832 
633 
892 
240 
845 
133 
278 
159 
691 
787 
846 
370 
408 
835 
271 
687 
120 
475 
865 
603 
693 
697 
922 
634 
825 
737 
1006 
462 
945 
534 
863 
6 
450 
103 
795 
30 
413 
809 
779 
609 
268 
974 
105 
895 
928 
144 
461 
732 
987 
316 
953 
646 
582 
593 
1036 
550 
741 
53 
145 
811 
121 
433 
180 
287 
310 
587 
281 
432 
808 
764 
272 
827 
140 
82 
842 
251 
343 
48 
367 
721 
472 
944 
21 
743 
814 
307 
39 
800 
72 
712 
990 
386 
1031 
306 
291 
589 
243 
792 
110 
563 
205 
890 
670 
660 
256 
970 
735 
229 
678 
122 
989 
93 
766 
1059 
627 
653 
412 
833 
854 
40 
902 
332 
74 
744 
931 
464 
5 
684 
727 
194 
104 
505 
216 
405 
486 
584 
830 
826 
426 
752 
176 
347 
319 
41 
91 
160 
780 
318 
558 
175 
676 
491 
207 
299 
654 
804 
1 
89 
765 
257 
468 
29 
417 
188 
1043 
522 
1018 
952 
549 
847 
1012 
477 
810 
209 
446 
722 
571 
763 
889 
555 
960 
348 
363 
13 
441 
1044 
68 
1020 
3 
246 
38 
1047 
604 
378 
339 
199 
621 
624 
356 
694 
394 
948 
875 
383 
162 
908 
820 
431 
784 
525 
997 
182 
918 
365 
4 
731 
150 
293 
943 
466 
368 
269 
489 
248 
1028 
143 
821 
867 
1055 
271 
8 
641 
231 
533 
590 
165 
578 
236 
96 
115 
636 
965 
483 
972 
400 
312 
112 
985 
967 
643 
964 
919 
448 
838 
325 
27 
234 
44 
1033 
570 
1049 
691 
1007 
149 
60 
1029 
715 
444 
1035 
396 
393 
122 
308 
926 
222 
266 
395 
776 
1025 
954 
774 
531 
177 
452 
757 
135 
855 
289 
1002 
315 
962 
729 
640 
488 
667 
992 
449 
36 
890 
253 
773 
129 
352 
438 
740 
665 
697 
247 
388 
936 
451 
141 
493 
893 
872 
187 
233 
467 
815 
537 
861 
631 
350 
996 
662 
748 
259 
734 
98 
59 
955 
213 
942 
1056 
63 
79 
252 
235 
503 
600 
928 
685 
52 
111 
113 
602 
973 
630 
243 
249 
552 
526 
265 
346 
689 
700 
414 
669 
148 
463 
541 
885 
207 
744 
484 
834 
18 
580 
876 
944 
45 
39 
142 
496 
549 
970 
707 
327 
96 
168 
406 
64 
423 
272 
701 
551 
292 
882 
107 
447 
927 
394 
639 
562 
457 
969 
426 
254 
695 
38 
450 
881 
81 
750 
62 
403 
336 
810 
683 
53 
371 
610 
342 
1030 
32 
256 
117 
291 
106 
731 
918 
263 
959 
782 
666 
99 
746 
19 
431 
739 
410 
267 
987 
595 
348 
515 
771 
652 
830 
832 
660 
679 
1023 
1049 
946 
892 
509 
841 
176 
411 
573 
313 
465 
0 
33 
287 
160 
375 
471 
353 
498 
894 
621 
1036 
925 
775 
974 
154 
68 
538 
776 
686 
844 
464 
804 
361 
22 
1015 
156 
1025 
333 
831 
330 
223 
108 
249 
988 
257 
514 
929 
499 
366 
270 
294 
628 
226 
797 
236 
354 
785 
764 
977 
7 
305 
719 
165 
435 
584 
1059 
819 
376 
759 
188 
88 
36 
965 
1040 
694 
461 
137 
391 
314 
8 
58 
332 
724 
67 
432 
890 
934 
298 
89 
469 
329 
497 
848 
28 
687 
976 
379 
693 
454 
580 
501 
614 
828 
847 
951 
481 
900 
70 
396 
872 
369 
849 
613 
555 
416 
671 
215 
507 
453 
530 
800 
164 
842 
781 
1061 
23 
553 
260 
211 
835 
575 
567 
565 
1004 
84 
677 
651 
271 
4 
871 
649 
101 
672 
1035 
882 
697 
331 
169 
755 
389 
799 
341 
9 
159 
162 
997 
398 
286 
44 
362 
474 
591 
656 
78 
935 
689 
237 
796 
750 
648 
585 
698 
891 
41 
837 
464 
111 
113 
250 
123 
1058 
794 
892 
127 
725 
631 
120 
503 
81 
569 
274 
112 
735 
197 
517 
720 
751 
189 
338 
100 
184 
352 
316 
1008 
373 
915 
813 
265 
1002 
292 
1 
173 
632 
532 
427 
965 
884 
412 
747 
380 
272 
1037 
463 
30 
888 
1038 
279 
18 
429 
53 
326 
24 
1032 
941 
299 
1013 
221 
866 
477 
1055 
114 
998 
1051 
976 
754 
395 
512 
399 
943 
595 
869 
527 
607 
510 
621 
858 
307 
282 
609 
1003 
487 
823 
826 
180 
206 
496 
492 
933 
167 
1046 
568 
448 
936 
913 
436 
91 
23 
994 
564 
192 
198 
384 
810 
420 
908 
843 
850 
151 
864 
50 
51 
281 
1054 
730 
744 
643 
203 
37 
437 
308 
824 
578 
128 
1011 
461 
753 
35 
470 
499 
986 
110 
66 
625 
588 
291 
637 
745 
862 
49 
1009 
134 
838 
722 
262 
130 
228 
900 
1048 
147 
763 
576 
1027 
657 
594 
769 
533 
781 
597 
904 
546 
381 
954 
171 
433 
715 
115 
628 
493 
711 
63 
876 
930 
1000 
912 
521 
855 
22 
393 
209 
746 
667 
1059 
450 
220 
89 
14 
260 
313 
1016 
330 
245 
349 
369 
762 
787 
33 
166 
1047 
705 
608 
504 
213 
76 
795 
979 
475 
354 
268 
111 
808 
191 
997 
91 
491 
664 
556 
759 
817 
627 
614 
227 
149 
174 
348 
458 
502 
230 
831 
777 
1019 
958 
135 
165 
820 
520 
778 
641 
561 
408 
1021 
617 
651 
694 
1055 
916 
10 
857 
136 
81 
468 
721 
441 
1041 
1043 
102 
25 
586 
632 
293 
957 
358 
1045 
712 
677 
243 
249 
623 
902 
153 
698 
719 
911 
751 
742 
62 
384 
1058 
620 
784 
752 
304 
950 
853 
222 
238 
435 
648 
454 
344 
1060 
92 
501 
320 
839 
854 
424 
455 
323 
558 
397 
545 
737 
868 
333 
80 
679 
69 
1036 
363 
327 
833 
933 
93 
659 
583 
550 
815 
754 
375 
548 
1040 
59 
668 
638 
235 
419 
67 
155 
909 
42 
697 
85 
37 
350 
963 
887 
431 
9 
253 
700 
1061 
792 
753 
340 
418 
58 
380 
428 
1003 
777 
544 
1017 
724 
152 
543 
219 
1025 
229 
771 
6 
1009 
82 
704 
175 
1011 
601 
214 
965 
45 
106 
299 
290 
289 
399 
665 
1008 
829 
266 
339 
255 
966 
938 
908 
800 
516 
379 
315 
338 
348 
874 
563 
513 
630 
460 
240 
842 
996 
488 
336 
13 
390 
459 
903 
504 
907 
690 
992 
723 
895 
91 
281 
586 
269 
572 
613 
87 
739 
474 
167 
1000 
361 
819 
650 
646 
947 
709 
633 
151 
711 
352 
60 
31 
279 
351 
955 
1026 
221 
68 
534 
345 
447 
335 
898 
392 
902 
884 
844 
1039 
568 
851 
114 
575 
1053 
745 
599 
137 
481 
538 
937 
588 
259 
512 
569 
818 
54 
764 
894 
107 
161 
651 
920 
812 
1021 
260 
916 
888 
688 
268 
422 
1038 
969 
491 
649 
191 
923 
926 
23 
53 
150 
558 
199 
562 
782 
919 
108 
642 
668 
725 
869 
625 
444 
398 
129 
576 
490 
271 
308 
698 
657 
21 
93 
333 
729 
301 
567 
36 
457 
365 
140 
309 
973 
775 
215 
856 
58 
16 
536 
55 
648 
1037 
790 
641 
799 
1051 
742 
590 
276 
834 
478 
464 
486 
482 
550 
416 
350 
29 
436 
244 
451 
579 
458 
707 
1057 
342 
1001 
940 
797 
375 
697 
455 
105 
718 
95 
1002 
848 
475 
847 
197 
267 
79 
866 
1006 
1007 
75 
767 
285 
96 
614 
620 
22 
660 
804 
1046 
283 
154 
477 
210 
1048 
382 
245 
339 
533 
88 
700 
911 
947 
123 
978 
78 
922 
1040 
298 
580 
972 
155 
300 
42 
802 
753 
1026 
619 
748 
387 
265 
1055 
751 
532 
719 
434 
368 
1054 
597 
583 
878 
522 
480 
367 
584 
328 
581 
376 
553 
769 
932 
591 
373 
495 
326 
547 
249 
666 
327 
606 
1000 
401 
201 
609 
677 
644 
777 
186 
969 
179 
1042 
357 
900 
476 
213 
144 
139 
798 
639 
207 
450 
510 
35 
982 
1024 
559 
822 
191 
884 
652 
101 
203 
374 
391 
28 
103 
6 
899 
808 
649 
377 
560 
208 
291 
274 
629 
968 
979 
1022 
514 
774 
227 
496 
41 
1016 
116 
150 
509 
66 
723 
9 
1043 
687 
157 
696 
231 
443 
470 
260 
24 
596 
851 
840 
1059 
295 
72 
168 
311 
310 
843 
89 
1005 
280 
985 
440 
473 
122 
782 
879 
417 
397 
868 
269 
785 
895 
493 
890 
73 
880 
345 
63 
566 
7 
80 
916 
234 
556 
688 
174 
587 
294 
293 
780 
500 
76 
621 
464 
399 
692 
26 
442 
251 
1054 
751 
169 
592 
45 
15 
766 
126 
11 
401 
78 
81 
631 
870 
490 
375 
731 
601 
271 
721 
894 
573 
389 
86 
865 
329 
523 
645 
461 
466 
908 
491 
221 
521 
750 
927 
943 
137 
186 
576 
898 
971 
518 
734 
728 
1044 
348 
215 
921 
141 
781 
1060 
467 
143 
575 
449 
738 
474 
1048 
930 
318 
58 
336 
307 
761 
334 
172 
717 
887 
204 
705 
660 
231 
66 
964 
975 
591 
21 
795 
901 
853 
489 
763 
386 
107 
961 
123 
600 
783 
563 
1017 
557 
1004 
937 
602 
1037 
542 
85 
418 
285 
220 
144 
1012 
664 
638 
65 
658 
142 
140 
801 
183 
988 
749 
753 
508 
752 
509 
339 
606 
869 
411 
1028 
383 
994 
862 
981 
875 
1030 
928 
49 
754 
202 
679 
1057 
603 
444 
284 
1020 
158 
288 
877 
634 
260 
633 
608 
319 
437 
541 
102 
635 
90 
17 
274 
188 
337 
683 
787 
51 
494 
377 
426 
743 
791 
216 
979 
977 
543 
741 
935 
120 
304 
472 
544 
184 
114 
993 
924 
236 
811 
809 
995 
393 
1034 
61 
79 
14 
193 
176 
912 
205 
72 
390 
503 
637 
674 
1050 
119 
16 
246 
355 
619 
244 
450 
967 
599 
0 
827 
179 
86 
1055 
95 
860 
582 
793 
77 
461 
1046 
21 
537 
99 
704 
379 
598 
517 
757 
1043 
1033 
717 
774 
185 
375 
1031 
556 
240 
802 
100 
430 
101 
462 
939 
30 
155 
25 
702 
469 
398 
1032 
1027 
750 
684 
278 
732 
820 
703 
113 
290 
1056 
649 
372 
656 
109 
1001 
307 
558 
961 
255 
630 
629 
891 
962 
824 
1005 
442 
882 
654 
234 
420 
715 
1008 
589 
458 
161 
243 
459 
641 
841 
869 
1002 
424 
963 
712 
441 
76 
1039 
870 
389 
1009 
418 
68 
559 
720 
410 
358 
1044 
911 
803 
577 
306 
357 
794 
617 
614 
975 
618 
349 
714 
92 
384 
625 
151 
976 
564 
378 
988 
404 
608 
187 
569 
432 
519 
713 
539 
1020 
758 
557 
392 
328 
734 
197 
496 
345 
785 
225 
129 
685 
513 
18 
339 
1025 
385 
273 
930 
146 
297 
97 
1047 
173 
376 
326 
143 
454 
956 
650 
932 
865 
904 
594 
62 
1040 
690 
839 
541 
952 
974 
316 
765 
721 
136 
529 
899 
657 
888 
24 
828 
115 
915 
807 
846 
310 
762 
287 
550 
296 
325 
924 
979 
354 
1053 
567 
353 
28 
1007 
347 
464 
2 
798 
788 
168 
82 
374 
295 
401 
494 
313 
983 
691 
58 
397 
412 
141 
512 
262 
850 
45 
549 
962 
583 
960 
593 
333 
782 
937 
1017 
266 
337 
638 
575 
6 
327 
165 
653 
949 
750 
942 
123 
871 
666 
858 
806 
117 
309 
485 
837 
627 
421 
303 
57 
330 
321 
160 
423 
722 
224 
600 
1 
992 
38 
749 
921 
1014 
379 
244 
118 
844 
107 
1049 
422 
398 
186 
1015 
90 
74 
543 
955 
801 
980 
662 
411 
21 
843 
561 
976 
429 
822 
519 
723 
441 
3 
874 
654 
1056 
386 
355 
1029 
471 
13 
985 
900 
480 
753 
590 
260 
634 
180 
614 
779 
362 
84 
535 
611 
724 
610 
699 
580 
930 
438 
650 
1045 
501 
286 
399 
461 
738 
254 
606 
513 
659 
250 
167 
388 
554 
629 
1050 
812 
271 
473 
137 
175 
918 
578 
940 
752 
235 
108 
263 
126 
619 
138 
406 
364 
203 
495 
212 
278 
345 
737 
30 
39 
437 
613 
1009 
97 
302 
712 
214 
1039 
143 
433 
220 
252 
99 
897 
80 
1022 
372 
282 
869 
970 
361 
615 
498 
921 
306 
1038 
62 
367 
161 
829 
435 
277 
41 
88 
238 
542 
664 
499 
208 
393 
78 
668 
523 
649 
197 
245 
990 
839 
671 
739 
257 
1048 
689 
675 
1057 
229 
242 
1033 
465 
753 
350 
948 
728 
539 
114 
178 
878 
757 
926 
624 
544 
524 
236 
799 
625 
708 
860 
704 
994 
536 
627 
594 
297 
758 
313 
218 
21 
397 
577 
698 
413 
29 
596 
980 
454 
849 
491 
562 
291 
216 
295 
258 
942 
637 
10 
846 
710 
417 
91 
369 
73 
471 
476 
915 
196 
575 
995 
331 
1 
84 
628 
460 
979 
537 
468 
338 
658 
905 
893 
976 
947 
584 
296 
1041 
81 
894 
965 
550 
527 
957 
569 
432 
937 
1047 
475 
857 
591 
368 
660 
506 
779 
436 
841 
152 
129 
395 
571 
520 
443 
240 
777 
392 
459 
951 
1008 
888 
558 
138 
294 
14 
522 
714 
791 
958 
825 
833 
968 
272 
209 
270 
647 
77 
640 
891 
683 
387 
389 
901 
1045 
462 
89 
131 
391 
790 
111 
324 
104 
28 
109 
622 
1031 
754 
415 
521 
717 
348 
518 
56 
770 
394 
634 
33 
32 
892 
624 
377 
513 
543 
469 
284 
962 
351 
185 
424 
264 
516 
1036 
429 
283 
449 
1061 
656 
740 
226 
323 
679 
720 
153 
616 
176 
926 
1030 
125 
898 
581 
221 
501 
688 
16 
414 
560 
11 
320 
162 
576 
808 
638 
776 
135 
944 
182 
388 
83 
5 
271 
1050 
248 
568 
816 
349 
19 
267 
163 
308 
847 
767 
611 
1000 
975 
725 
771 
278 
696 
361 
956 
682 
538 
234 
373 
989 
677 
286 
148 
572 
327 
922 
608 
578 
484 
751 
655 
1059 
760 
50 
59 
855 
946 
789 
964 
809 
726 
290 
270 
444 
691 
529 
140 
325 
673 
279 
57 
642 
843 
663 
219 
45 
991 
220 
731 
17 
200 
764 
1007 
579 
27 
1025 
904 
447 
207 
259 
376 
170 
304 
84 
425 
830 
231 
536 
36 
204 
257 
445 
227 
617 
601 
352 
132 
1056 
8 
1026 
599 
652 
367 
205 
952 
614 
710 
164 
829 
977 
23 
400 
814 
328 
681 
900 
15 
796 
867 
1052 
818 
466 
734 
381 
862 
396 
1055 
418 
94 
468 
822 
860 
488 
478 
749 
421 
719 
602 
865 
643 
778 
840 
609 
262 
366 
521 
49 
398 
690 
523 
861 
544 
332 
125 
232 
984 
224 
253 
329 
87 
1019 
711 
461 
256 
55 
66 
54 
928 
775 
202 
73 
943 
172 
391 
564 
722 
210 
799 
167 
81 
703 
236 
798 
735 
1043 
14 
184 
535 
1009 
360 
967 
192 
670 
671 
632 
357 
218 
356 
91 
907 
513 
658 
175 
783 
987 
838 
705 
968 
147 
0 
983 
494 
501 
715 
273 
509 
853 
910 
64 
563 
874 
803 
960 
949 
264 
280 
324 
1049 
550 
74 
631 
657 
152 
729 
330 
1032 
852 
914 
199 
769 
869 
408 
26 
188 
650 
966 
663 
1013 
945 
586 
159 
893 
452 
383 
140 
990 
5 
1039 
348 
790 
1034 
806 
187 
250 
407 
411 
143 
79 
756 
415 
1041 
119 
365 
222 
90 
456 
940 
638 
976 
289 
1060 
382 
571 
785 
574 
347 
161 
453 
473 
439 
395 
469 
269 
605 
520 
364 
92 
30 
399 
103 
410 
284 
626 
632 
693 
827 
313 
727 
679 
777 
248 
388 
648 
286 
761 
237 
9 
392 
973 
554 
320 
239 
431 
373 
811 
137 
195 
196 
529 
684 
127 
29 
238 
307 
797 
522 
296 
1059 
244 
310 
455 
600 
555 
717 
164 
459 
680 
1037 
153 
55 
77 
1014 
881 
996 
440 
618 
628 
919 
176 
326 
312 
840 
989 
930 
775 
370 
293 
413 
356 
710 
981 
839 
233 
507 
898 
353 
1019 
447 
383 
764 
460 
779 
560 
47 
355 
357 
61 
928 
282 
234 
810 
417 
376 
292 
458 
953 
124 
1038 
1023 
859 
387 
465 
685 
295 
358 
5 
115 
67 
583 
681 
784 
50 
689 
475 
918 
279 
76 
721 
888 
542 
258 
424 
758 
1010 
88 
419 
51 
837 
262 
861 
125 
903 
994 
100 
565 
112 
687 
58 
294 
422 
504 
738 
56 
215 
219 
23 
220 
452 
519 
793 
838 
706 
1015 
616 
97 
732 
924 
539 
393 
315 
983 
871 
105 
609 
333 
607 
684 
750 
804 
13 
27 
433 
541 
288 
461 
1016 
467 
739 
627 
147 
63 
547 
712 
905 
1032 
472 
143 
299 
530 
391 
913 
32 
914 
1051 
633 
128 
842 
998 
206 
414 
999 
249 
199 
754 
748 
820 
24 
965 
1046 
579 
832 
168 
351 
492 
865 
1018 
959 
225 
654 
371 
350 
107 
1004 
335 
1009 
486 
305 
581 
442 
90 
996 
293 
916 
1048 
80 
329 
474 
893 
980 
697 
8 
65 
325 
978 
117 
42 
962 
720 
202 
301 
592 
741 
622 
229 
307 
281 
961 
742 
401 
418 
372 
535 
145 
815 
399 
597 
310 
430 
431 
576 
352 
772 
487 
484 
620 
970 
510 
381 
421 
703 
84 
321 
588 
554 
1012 
574 
753 
543 
406 
677 
403 
602 
177 
438 
259 
337 
911 
817 
7 
564 
1058 
1026 
822 
43 
71 
976 
1047 
83 
531 
780 
835 
551 
263 
270 
133 
265 
545 
617 
917 
244 
649 
713 
238 
318 
837 
804 
529 
841 
188 
410 
606 
390 
340 
988 
702 
300 
411 
758 
409 
1003 
1005 
224 
149 
237 
311 
242 
274 
661 
688 
40 
566 
92 
232 
760 
194 
1013 
779 
700 
552 
521 
100 
57 
417 
644 
450 
538 
973 
1059 
737 
989 
282 
608 
435 
253 
4 
412 
1056 
167 
951 
707 
847 
506 
791 
985 
333 
217 
99 
364 
892 
745 
678 
16 
436 
628 
181 
546 
839 
1027 
899 
560 
555 
153 
979 
49 
155 
252 
398 
500 
994 
54 
570 
497 
474 
429 
366 
396 
360 
706 
136 
776 
666 
127 
936 
942 
456 
151 
580 
605 
241 
195 
1044 
1057 
257 
966 
832 
425 
122 
444 
1051 
55 
807 
445 
671 
427 
658 
717 
961 
80 
246 
755 
777 
516 
848 
881 
15 
1025 
949 
548 
175 
391 
567 
641 
342 
827 
25 
903 
471 
1053 
461 
557 
504 
245 
858 
165 
550 
203 
211 
324 
879 
509 
233 
20 
93 
354 
922 
1022 
673 
647 
74 
693 
944 
275 
652 
222 
938 
829 
769 
720 
8 
539 
594 
17 
562 
824 
582 
347 
336 
262 
953 
154 
308 
1012 
499 
630 
115 
405 
186 
31 
783 
919 
168 
62 
1001 
0 
248 
294 
437 
541 
284 
694 
430 
945 
800 
345 
228 
763 
729 
341 
28 
818 
588 
383 
95 
815 
886 
1047 
585 
674 
989 
216 
387 
1034 
179 
1000 
624 
864 
10 
728 
63 
1003 
1052 
508 
479 
649 
107 
370 
1018 
995 
889 
351 
212 
843 
893 
986 
260 
618 
554 
767 
523 
627 
263 
748 
931 
1039 
969 
615 
399 
382 
712 
191 
602 
298 
977 
457 
511 
679 
37 
192 
428 
53 
46 
711 
950 
806 
4 
611 
408 
648 
339 
149 
420 
98 
58 
1058 
708 
890 
362 
1057 
871 
959 
861 
787 
846 
680 
608 
331 
350 
971 
509 
909 
752 
389 
934 
606 
359 
981 
449 
330 
217 
137 
47 
295 
840 
532 
772 
353 
1002 
407 
536 
718 
662 
80 
401 
435 
593 
911 
395 
69 
355 
757 
671 
379 
1040 
470 
49 
434 
979 
159 
574 
891 
458 
406 
747 
187 
67 
521 
599 
86 
612 
234 
349 
156 
510 
1038 
70 
52 
579 
607 
591 
942 
686 
994 
800 
993 
617 
524 
902 
200 
893 
278 
78 
706 
73 
154 
361 
660 
684 
717 
844 
795 
506 
294 
605 
264 
518 
962 
492 
832 
237 
737 
373 
396 
105 
781 
190 
12 
104 
922 
947 
918 
228 
1041 
142 
1031 
315 
306 
808 
343 
679 
988 
622 
254 
411 
661 
640 
39 
790 
601 
117 
847 
631 
973 
958 
176 
452 
693 
1017 
788 
461 
829 
966 
928 
916 
304 
531 
515 
209 
460 
99 
548 
842 
148 
618 
907 
652 
118 
992 
855 
986 
408 
109 
459 
586 
659 
1005 
798 
384 
884 
837 
782 
517 
1054 
413 
614 
445 
301 
194 
974 
423 
551 
793 
346 
305 
738 
778 
933 
48 
689 
876 
152 
276 
639 
1061 
440 
13 
44 
83 
904 
850 
728 
638 
327 
495 
692 
233 
77 
122 
1042 
275 
11 
577 
664 
245 
560 
491 
830 
490 
216 
854 
730 
407 
416 
754 
259 
183 
685 
1011 
288 
708 
263 
167 
225 
943 
171 
872 
191 
166 
106 
421 
762 
3 
211 
195 
455 
53 
637 
836 
212 
999 
270 
249 
935 
363 
350 
642 
124 
512 
1026 
388 
272 
797 
929 
720 
594 
623 
134 
529 
540 
1025 
1028 
770 
412 
581 
250 
600 
55 
641 
628 
253 
739 
538 
290 
18 
752 
501 
111 
383 
711 
419 
735 
351 
42 
243 
30 
293 
773 
713 
274 
573 
81 
157 
772 
774 
102 
264 
9 
475 
874 
494 
234 
627 
1051 
996 
389 
188 
476 
364 
824 
220 
308 
614 
901 
417 
527 
353 
299 
528 
280 
339 
678 
988 
469 
1036 
897 
229 
970 
158 
145 
756 
113 
865 
129 
695 
98 
20 
743 
449 
333 
651 
1014 
626 
8 
880 
74 
569 
873 
477 
926 
792 
921 
604 
334 
472 
523 
116 
76 
738 
51 
833 
386 
240 
108 
820 
43 
465 
342 
254 
26 
201 
927 
1019 
666 
938 
36 
941 
631 
429 
671 
685 
162 
174 
410 
605 
359 
718 
179 
193 
279 
103 
696 
769 
499 
611 
73 
615 
753 
464 
869 
1022 
804 
976 
565 
954 
497 
268 
331 
210 
507 
949 
403 
500 
433 
283 
652 
397 
892 
164 
1013 
2 
155 
88 
676 
1016 
348 
633 
69 
821 
490 
405 
227 
247 
225 
983 
322 
917 
100 
286 
662 
609 
644 
1059 
522 
910 
1049 
457 
226 
454 
710 
1058 
373 
915 
428 
288 
180 
23 
597 
332 
432 
571 
181 
895 
959 
537 
715 
183 
629 
728 
580 
772 
115 
137 
396 
303 
658 
787 
39 
470 
558 
414 
1054 
236 
56 
904 
826 
850 
66 
471 
10 
1034 
401 
442 
64 
1025 
624 
1029 
569 
313 
659 
207 
719 
592 
385 
479 
563 
49 
172 
573 
730 
934 
677 
544 
328 
159 
82 
590 
316 
372 
561 
223 
958 
465 
12 
1000 
424 
209 
797 
858 
166 
205 
491 
908 
622 
169 
156 
526 
650 
214 
145 
978 
18 
760 
795 
987 
649 
275 
1057 
482 
148 
344 
387 
366 
994 
855 
314 
779 
922 
485 
220 
493 
295 
83 
564 
1033 
903 
503 
714 
278 
966 
1030 
578 
852 
30 
423 
567 
346 
941 
358 
837 
756 
603 
349 
356 
337 
716 
824 
309 
195 
270 
990 
559 
55 
883 
682 
821 
428 
307 
411 
763 
336 
519 
834 
774 
907 
380 
7 
293 
808 
697 
888 
86 
1008 
21 
150 
197 
277 
1055 
110 
722 
634 
455 
783 
89 
1015 
481 
646 
568 
439 
102 
547 
892 
609 
894 
334 
565 
849 
231 
680 
17 
859 
732 
790 
645 
1060 
122 
361 
94 
689 
961 
416 
870 
229 
657 
181 
332 
147 
939 
5 
753 
864 
141 
106 
284 
719 
664 
377 
536 
754 
15 
162 
623 
996 
221 
1024 
461 
444 
441 
282 
434 
710 
451 
460 
383 
660 
367 
729 
570 
993 
34 
909 
670 
1047 
29 
217 
610 
327 
1004 
45 
831 
402 
512 
886 
2 
619 
323 
858 
280 
658 
71 
142 
480 
400 
134 
921 
505 
818 
733 
69 
137 
403 
850 
64 
979 
633 
1023 
1022 
442 
224 
139 
107 
1051 
632 
869 
191 
123 
315 
533 
550 
414 
717 
467 
399 
624 
521 
760 
212 
33 
647 
25 
308 
860 
225 
266 
190 
1061 
243 
328 
694 
144 
931 
37 
72 
682 
540 
183 
906 
488 
691 
504 
364 
854 
299 
757 
164 
923 
649 
957 
794 
42 
808 
44 
896 
617 
661 
125 
828 
846 
745 
1049 
593 
793 
511 
262 
662 
376 
276 
590 
959 
41 
298 
329 
393 
425 
812 
1002 
113 
651 
249 
6 
446 
958 
824 
396 
560 
643 
352 
630 
188 
250 
54 
382 
999 
548 
687 
899 
843 
874 
1027 
1030 
20 
122 
613 
14 
156 
207 
466 
604 
1060 
440 
283 
215 
603 
536 
345 
935 
1059 
1056 
165 
1053 
829 
626 
319 
863 
806 
2 
940 
799 
287 
803 
388 
851 
862 
102 
939 
205 
581 
706 
941 
315 
665 
158 
279 
499 
437 
349 
820 
464 
89 
151 
901 
907 
380 
1050 
518 
429 
172 
55 
903 
27 
725 
285 
405 
585 
394 
493 
695 
564 
99 
133 
553 
106 
407 
952 
686 
470 
174 
523 
554 
441 
390 
490 
146 
898 
220 
288 
1042 
639 
29 
211 
742 
291 
468 
660 
826 
418 
1023 
118 
598 
610 
1013 
646 
845 
733 
184 
676 
758 
558 
947 
426 
912 
727 
734 
52 
255 
767 
531 
530 
778 
435 
476 
768 
869 
751 
942 
753 
419 
991 
392 
979 
798 
883 
136 
730 
413 
149 
250 
934 
972 
293 
868 
669 
292 
855 
258 
605 
1031 
386 
28 
611 
737 
674 
333 
513 
735 
549 
678 
797 
978 
677 
246 
547 
21 
233 
580 
268 
153 
18 
10 
225 
519 
403 
282 
101 
815 
593 
853 
410 
615 
96 
154 
507 
61 
631 
9 
308 
752 
259 
14 
138 
763 
962 
479 
53 
276 
840 
759 
1022 
1006 
378 
253 
484 
794 
939 
827 
876 
570 
825 
630 
239 
312 
76 
599 
685 
1039 
811 
281 
363 
943 
87 
427 
494 
90 
526 
1056 
370 
126 
40 
920 
591 
682 
917 
576 
157 
335 
62 
249 
572 
711 
908 
703 
705 
837 
892 
303 
366 
415 
832 
155 
937 
1057 
377 
550 
602 
1029 
266 
166 
938 
445 
970 
596 
982 
813 
135 
652 
967 
688 
992 
600 
506 
839 
1038 
573 
1004 
636 
648 
638 
783 
360 
199 
51 
322 
221 
532 
387 
268 
408 
637 
895 
663 
23 
454 
697 
984 
147 
1053 
382 
702 
969 
546 
583 
606 
460 
796 
352 
237 
489 
50 
273 
424 
747 
949 
264 
434 
340 
620 
211 
854 
512 
127 
195 
438 
345 
111 
758 
986 
589 
1010 
736 
242 
957 
862 
182 
822 
709 
864 
75 
618 
673 
741 
541 
138 
809 
193 
379 
119 
1016 
597 
766 
640 
376 
95 
725 
712 
1027 
46 
1003 
612 
423 
782 
933 
915 
983 
888 
985 
471 
353 
263 
649 
617 
249 
959 
777 
437 
946 
113 
961 
1014 
85 
549 
619 
635 
272 
753 
310 
313 
871 
269 
568 
452 
349 
863 
960 
284 
49 
1018 
163 
411 
693 
650 
98 
324 
1035 
687 
366 
884 
16 
187 
299 
558 
515 
861 
508 
117 
83 
230 
810 
972 
1017 
738 
525 
856 
587 
799 
882 
365 
146 
744 
445 
404 
511 
607 
105 
481 
999 
683 
743 
560 
828 
3 
577 
847 
453 
918 
474 
517 
498 
772 
32 
305 
839 
919 
413 
710 
965 
505 
152 
588 
253 
458 
203 
995 
519 
823 
722 
186 
8 
493 
790 
135 
966 
34 
876 
410 
958 
726 
770 
951 
1030 
432 
1031 
407 
204 
1 
116 
319 
704 
872 
644 
894 
222 
64 
657 
940 
601 
202 
427 
412 
594 
993 
431 
171 
440 
89 
1056 
948 
550 
354 
796 
77 
323 
308 
97 
892 
337 
279 
1061 
897 
1052 
43 
581 
962 
506 
934 
645 
1044 
719 
831 
527 
259 
19 
509 
984 
837 
915 
1024 
943 
840 
2 
898 
827 
1060 
488 
1041 
377 
745 
438 
888 
393 
118 
939 
733 
108 
921 
291 
223 
825 
586 
313 
757 
371 
717 
732 
369 
414 
70 
542 
576 
399 
520 
61 
703 
680 
562 
767 
749 
39 
677 
425 
878 
1000 
512 
955 
373 
691 
1028 
341 
15 
349 
18 
901 
251 
154 
227 
765 
627 
1009 
922 
611 
107 
249 
729 
531 
37 
99 
391 
1038 
408 
423 
746 
195 
364 
11 
575 
490 
583 
124 
926 
103 
792 
910 
436 
1049 
383 
320 
178 
1045 
561 
191 
136 
301 
895 
546 
1033 
864 
596 
753 
754 
952 
654 
905 
344 
67 
715 
428 
569 
480 
84 
247 
670 
639 
606 
281 
245 
705 
111 
817 
271 
389 
397 
933 
815 
1053 
940 
504 
337 
566 
501 
156 
522 
875 
7 
443 
190 
999 
718 
614 
372 
28 
310 
24 
813 
343 
384 
906 
42 
315 
612 
964 
338 
804 
555 
137 
489 
879 
908 
304 
866 
973 
1057 
21 
830 
419 
38 
916 
584 
449 
286 
355 
550 
168 
872 
486 
385 
210 
560 
533 
115 
630 
96 
406 
1026 
669 
800 
345 
16 
785 
727 
235 
506 
375 
391 
758 
426 
502 
662 
260 
958 
187 
503 
205 
778 
294 
193 
1031 
268 
497 
928 
325 
688 
491 
333 
299 
198 
436 
143 
565 
17 
956 
554 
968 
107 
974 
246 
39 
75 
33 
182 
35 
927 
284 
396 
971 
772 
73 
625 
959 
404 
955 
996 
681 
788 
868 
204 
109 
63 
263 
1005 
711 
160 
452 
274 
771 
445 
125 
421 
696 
634 
72 
106 
412 
946 
431 
475 
891 
796 
621 
779 
528 
600 
689 
379 
462 
318 
481 
48 
67 
529 
303 
810 
18 
403 
1025 
219 
740 
937 
467 
783 
377 
737 
573 
20 
706 
108 
642 
500 
809 
482 
459 
336 
820 
890 
901 
592 
724 
369 
538 
23 
312 
69 
516 
799 
276 
643 
578 
552 
980 
1003 
1013 
824 
457 
729 
776 
302 
660 
562 
416 
1020 
535 
730 
280 
932 
763 
960 
30 
309 
273 
878 
258 
138 
514 
761 
370 
568 
46 
422 
832 
570 
785 
297 
111 
292 
266 
95 
906 
4 
288 
380 
540 
148 
88 
291 
142 
734 
172 
24 
673 
846 
206 
825 
208 
637 
882 
490 
328 
631 
657 
921 
794 
99 
605 
807 
923 
110 
493 
534 
122 
417 
658 
769 
324 
1015 
695 
448 
240 
355 
1044 
896 
450 
518 
818 
840 
1006 
647 
281 
1054 
40 
979 
86 
738 
797 
902 
569 
992 
970 
682 
511 
576 
203 
939 
866 
68 
123 
33 
680 
481 
322 
893 
719 
897 
213 
177 
279 
269 
591 
698 
161 
143 
905 
872 
972 
451 
778 
686 
982 
26 
67 
261 
289 
1050 
530 
1017 
1003 
91 
845 
58 
276 
885 
49 
929 
349 
515 
220 
930 
969 
182 
332 
85 
721 
201 
766 
1023 
907 
347 
672 
285 
345 
527 
1048 
255 
464 
37 
479 
681 
323 
1057 
342 
226 
1027 
210 
424 
700 
590 
112 
814 
697 
366 
365 
1018 
596 
868 
469 
936 
991 
360 
953 
660 
311 
708 
125 
491 
150 
707 
1019 
19 
560 
368 
8 
626 
711 
819 
48 
419 
250 
651 
744 
850 
389 
746 
416 
92 
307 
599 
745 
263 
447 
83 
563 
808 
87 
1056 
796 
684 
551 
155 
987 
94 
300 
601 
270 
631 
715 
26 
197 
774 
1008 
338 
694 
741 
108 
310 
526 
586 
284 
887 
665 
773 
372 
127 
392 
907 
116 
559 
768 
214 
43 
452 
664 
908 
989 
843 
107 
503 
895 
433 
1026 
175 
789 
692 
249 
857 
875 
470 
727 
944 
728 
148 
726 
1036 
353 
547 
973 
