0.012800 
0.020700 
0.024400 
0.030100 
0.037600 
0.037800 
0.038200 
0.038600 
0.038900 
0.040000 
0.040600 
0.042800 
0.043700 
0.043900 
0.045800 
0.048200 
0.049100 
0.054300 
0.054800 
0.055500 
0.056400 
0.058600 
0.064400 
0.065100 
0.065400 
0.067200 
0.069500 
0.070200 
0.072300 
0.073100 
0.076100 
0.079800 
0.085700 
0.086300 
0.091400 
0.091600 
0.092700 
0.095700 
0.096800 
0.096900 
0.099000 
0.100500 
0.100700 
0.104600 
0.109200 
0.112400 
0.112800 
0.112800 
0.114500 
0.115300 
0.117100 
0.127000 
0.130500 
0.135200 
0.139700 
0.141300 
0.142900 
0.143400 
0.146400 
0.147600 
0.148100 
0.151500 
0.153400 
0.153600 
0.153900 
0.159100 
0.160100 
0.160300 
0.161300 
0.161700 
0.162300 
0.167300 
0.169800 
0.170200 
0.176000 
0.181300 
0.187100 
0.189300 
0.190300 
0.191300 
0.194300 
0.194800 
0.194900 
0.198900 
0.200400 
0.200700 
0.202700 
0.203400 
0.206200 
0.209300 
0.210100 
0.213400 
0.217400 
0.220300 
0.221300 
0.221800 
0.223600 
0.227100 
0.227300 
0.228700 
0.229500 
0.230100 
0.235700 
0.244600 
0.246000 
0.248500 
0.249700 
0.254600 
0.258100 
0.258700 
0.258900 
0.259400 
0.260100 
0.264400 
0.267500 
0.270400 
0.271200 
0.271500 
0.271500 
0.276500 
0.276800 
0.278500 
0.279100 
0.280700 
0.281900 
0.284200 
0.284200 
0.287700 
0.290100 
0.290400 
0.290500 
0.290500 
0.292300 
0.294000 
0.297000 
0.298600 
0.299300 
0.300400 
0.300400 
0.300500 
0.302900 
0.304400 
0.308900 
0.312000 
0.312000 
0.315800 
0.317700 
0.319500 
0.323700 
0.327000 
0.329500 
0.330100 
0.336000 
0.336600 
0.337200 
0.338600 
0.340600 
0.346400 
0.348600 
0.350000 
0.359300 
0.366600 
0.368000 
0.372300 
0.373800 
0.374000 
0.374200 
0.374700 
0.376300 
0.378600 
0.380500 
0.383400 
0.385500 
0.385800 
0.388200 
0.388200 
0.388200 
0.388800 
0.389900 
0.390200 
0.390600 
0.390800 
0.393900 
0.395900 
0.397400 
0.400000 
0.402100 
0.407000 
0.411700 
0.413200 
0.416400 
0.416600 
0.417600 
0.419800 
0.424000 
0.425100 
0.425300 
0.427100 
0.428900 
0.429500 
0.433400 
0.435300 
0.436300 
0.436700 
0.439100 
0.443600 
0.445200 
0.454400 
0.454600 
0.454900 
0.455000 
0.455300 
0.456100 
0.457400 
0.458500 
0.458700 
0.459600 
0.462800 
0.471800 
0.472800 
0.472900 
0.475700 
0.476100 
0.477100 
0.478700 
0.479100 
0.479100 
0.482000 
0.482100 
0.482900 
0.484800 
0.489300 
0.490700 
0.495200 
0.495300 
0.498500 
0.505300 
0.506400 
0.507500 
0.507600 
0.507700 
0.508500 
0.508900 
0.512200 
0.513100 
0.513500 
0.514800 
0.518900 
0.518900 
0.521200 
0.522600 
0.528000 
0.529100 
0.529700 
0.529900 
0.530500 
0.533700 
0.535600 
0.535900 
0.536000 
0.541900 
0.543200 
0.555000 
0.556700 
0.557200 
0.560100 
0.560900 
0.561300 
0.561500 
0.566500 
0.569200 
0.570400 
0.573400 
0.576500 
0.578000 
0.585000 
0.585200 
0.585900 
0.587100 
0.587900 
0.588000 
0.588600 
0.589300 
0.589800 
0.591000 
0.592300 
0.593300 
0.594800 
0.597700 
0.597900 
0.599200 
0.602900 
0.607900 
0.608300 
0.608700 
0.609200 
0.609200 
0.610100 
0.613500 
0.614100 
0.614600 
0.616500 
0.619000 
0.620100 
0.621700 
0.629700 
0.630100 
0.632700 
0.632700 
0.634500 
0.636100 
0.639100 
0.641400 
0.648800 
0.650000 
0.652000 
0.656000 
0.661200 
0.666400 
0.667300 
0.675000 
0.675500 
0.680300 
0.681000 
0.681800 
0.681900 
0.682000 
0.682400 
0.685100 
0.686200 
0.687500 
0.688400 
0.689800 
0.690200 
0.691000 
0.691300 
0.693600 
0.695000 
0.696100 
0.696400 
0.699800 
0.700900 
0.703800 
0.704200 
0.704500 
0.706300 
0.706300 
0.706700 
0.707100 
0.707900 
0.708700 
0.712500 
0.713000 
0.714500 
0.714700 
0.715200 
0.715200 
0.718100 
0.718700 
0.721400 
0.723600 
0.725500 
0.728600 
0.730600 
0.730900 
0.739400 
0.739700 
0.744000 
0.744800 
0.745700 
0.746900 
0.749500 
0.749700 
0.753000 
0.754800 
0.756000 
0.757700 
0.758500 
0.759900 
0.760000 
0.762200 
0.765800 
0.768700 
0.769900 
0.770600 
0.771300 
0.772700 
0.772800 
0.774700 
0.777100 
0.778200 
0.779300 
0.781300 
0.784000 
0.784500 
0.785000 
0.785400 
0.785400 
0.785900 
0.786900 
0.790700 
0.792600 
0.792600 
0.797500 
0.798000 
0.798600 
0.802800 
0.803000 
0.810700 
0.811100 
0.811300 
0.811300 
0.813000 
0.814200 
0.816000 
0.817500 
0.818000 
0.818000 
0.822700 
0.824300 
0.829400 
0.829800 
0.830200 
0.830500 
0.830700 
0.833600 
0.835800 
0.840200 
0.842400 
0.844800 
0.844800 
0.850500 
0.851100 
0.853300 
0.854800 
0.857500 
0.859600 
0.861100 
0.863900 
0.869300 
0.871500 
0.873300 
0.874100 
0.879100 
0.880000 
0.880600 
0.884300 
0.886600 
0.887600 
0.888000 
0.892500 
0.895900 
0.897800 
0.900800 
0.905800 
0.906200 
0.907000 
0.907100 
0.907700 
0.908600 
0.912400 
0.912600 
0.914500 
0.918300 
0.923800 
0.925800 
0.928100 
0.928300 
0.929200 
0.930500 
0.931700 
0.932600 
0.934300 
0.935700 
0.937200 
0.939100 
0.942500 
0.945900 
0.946300 
0.946900 
0.947400 
0.948900 
0.951500 
0.952600 
0.952600 
0.953200 
0.955300 
0.957000 
0.959400 
0.960700 
0.962200 
0.963400 
0.964000 
0.964200 
0.965200 
0.969500 
0.970500 
0.970800 
0.971000 
0.973500 
0.977900 
0.979700 
0.980500 
0.981300 
0.986500 
0.989100 
0.990800 
0.993300 
0.993800 
0.995400 
0.995800 
0.996200 
0.997600 
0.998700 
1.002400 
1.004900 
1.006000 
1.009800 
1.011200 
1.012600 
1.013600 
1.014900 
1.016700 
1.020600 
1.020700 
1.022800 
1.025600 
1.025900 
1.029100 
1.031600 
1.039200 
1.042200 
1.042400 
1.046300 
1.048700 
1.052200 
1.052400 
1.052900 
1.055900 
1.057600 
1.057900 
1.063300 
1.063900 
1.064700 
1.066100 
1.066300 
1.067900 
1.068000 
1.071800 
1.072200 
1.072600 
1.076100 
1.076500 
1.076800 
1.077500 
1.079800 
1.080800 
1.081400 
1.084800 
1.085600 
1.089600 
1.090100 
1.092900 
1.092900 
1.093000 
1.097300 
1.102000 
1.102400 
1.104200 
1.106900 
1.107300 
1.107600 
1.109900 
1.111100 
1.111500 
1.111500 
1.114000 
1.115900 
1.116300 
1.118100 
1.118200 
1.123100 
1.123400 
1.128400 
1.129100 
1.131600 
1.132900 
1.133400 
1.133500 
1.135500 
1.139600 
1.139600 
1.141600 
1.143300 
1.144000 
1.144100 
1.144300 
1.150000 
1.150500 
1.151800 
1.155200 
1.161700 
1.165000 
1.165500 
1.166000 
1.166500 
1.169400 
1.170500 
1.170500 
1.173300 
1.174100 
1.175400 
1.176000 
1.176400 
1.176800 
1.178900 
1.183700 
1.184100 
1.189500 
1.192500 
1.192900 
1.195600 
1.195600 
1.195700 
1.199100 
1.203800 
1.204300 
1.205700 
1.210200 
1.210900 
1.214000 
1.215800 
1.217700 
1.221400 
1.223700 
1.225700 
1.227800 
1.228200 
1.228500 
1.230700 
1.231300 
1.231400 
1.234300 
1.236000 
1.236600 
1.244200 
1.246800 
1.247400 
1.249900 
1.250300 
1.251100 
1.252700 
1.254900 
1.259000 
1.261000 
1.261200 
1.261700 
1.262300 
1.264200 
1.265700 
1.265800 
1.267600 
1.267700 
1.268400 
1.268700 
1.269700 
1.270000 
1.270000 
1.270100 
1.270400 
1.273600 
1.274600 
1.278400 
1.279800 
1.281100 
1.282200 
1.282800 
1.283400 
1.283700 
1.284100 
1.291400 
1.296500 
1.297000 
1.297800 
1.301000 
1.301400 
1.301800 
1.302300 
1.307800 
1.308100 
1.312200 
1.313200 
1.313500 
1.314200 
1.318100 
1.323800 
1.328700 
1.329300 
1.330000 
1.333600 
1.335100 
1.335600 
1.340500 
1.341200 
1.341500 
1.341500 
1.343200 
1.343700 
1.346900 
1.347800 
1.349600 
1.351100 
1.352300 
1.352500 
1.352800 
1.352900 
1.354000 
1.354600 
1.356800 
1.357200 
1.359500 
1.363600 
1.364600 
1.364800 
1.364900 
1.365100 
1.365200 
1.366400 
1.367900 
1.371200 
1.371800 
1.374300 
1.377800 
1.378900 
1.380100 
1.382600 
1.383500 
1.383900 
1.390900 
1.391100 
1.391900 
1.391900 
1.392600 
1.394400 
1.395200 
1.395400 
1.395500 
1.395600 
1.395900 
1.396400 
1.397000 
1.397200 
1.397600 
1.397700 
1.397700 
1.397800 
1.399200 
1.401300 
1.401500 
1.401800 
1.402800 
1.404400 
1.404800 
1.407300 
1.407400 
1.409300 
1.414300 
1.416000 
1.416300 
1.416600 
1.418900 
1.420100 
1.423100 
1.425500 
1.425700 
1.426400 
1.427000 
1.429500 
1.432800 
1.432900 
1.434400 
1.434700 
1.436600 
1.437300 
1.441200 
1.441700 
1.442200 
1.442600 
1.444000 
1.446800 
1.446800 
1.447100 
1.455800 
1.459900 
1.469400 
1.471400 
1.471700 
1.472300 
1.475900 
1.476900 
1.478900 
1.479400 
1.480700 
1.484400 
1.484600 
1.486200 
1.486300 
1.486700 
1.487200 
1.489700 
1.491300 
1.496100 
1.496900 
1.498600 
1.499300 
1.500400 
1.502900 
1.506000 
1.506100 
1.511600 
1.511900 
1.512500 
1.513800 
1.513800 
1.515400 
1.517000 
1.519300 
1.521500 
1.524900 
1.525600 
1.527100 
1.529200 
1.529900 
1.530200 
1.531400 
1.531800 
1.535800 
1.537100 
1.537400 
1.541400 
1.543900 
1.546800 
1.547900 
1.549200 
1.549200 
1.549200 
1.550400 
1.553400 
1.555200 
1.557400 
1.561300 
1.564100 
1.564600 
1.564900 
1.565700 
1.574600 
1.574600 
1.576900 
1.579400 
1.579700 
1.585800 
1.587000 
1.587500 
1.591800 
1.594700 
1.599500 
1.603600 
1.603600 
1.604500 
1.605300 
1.606600 
1.610200 
1.610500 
1.615100 
1.618000 
1.623800 
1.625400 
1.625400 
1.627300 
1.628000 
1.630200 
1.632900 
1.633600 
1.635100 
1.636600 
1.637100 
1.637400 
1.637500 
1.639100 
1.642300 
1.644100 
1.646700 
1.646900 
1.647600 
1.648300 
1.651700 
1.652400 
1.656000 
1.658600 
1.659400 
1.660600 
1.662200 
1.662500 
1.662800 
1.664000 
1.666100 
1.667000 
1.668200 
1.668400 
1.669700 
1.674800 
1.675700 
1.677100 
1.677300 
1.677700 
1.683100 
1.683500 
1.684600 
1.689900 
1.690600 
1.690700 
1.704800 
1.705100 
1.705300 
1.708000 
1.708200 
1.709500 
1.711400 
1.713200 
1.715500 
1.718100 
1.718500 
1.719300 
1.722400 
1.722700 
1.722900 
1.724600 
1.724900 
1.726500 
1.729100 
1.735300 
1.735500 
1.736100 
1.737000 
1.739700 
1.740600 
1.740800 
1.742100 
1.744700 
1.746000 
1.746100 
1.748400 
1.749000 
1.753700 
1.754800 
1.758500 
1.760800 
1.761700 
1.762500 
1.769600 
1.772100 
1.772500 
1.773100 
1.773800 
1.774900 
1.775500 
1.776200 
1.776500 
1.778700 
1.785300 
1.785800 
1.787400 
1.788200 
1.791500 
1.793100 
1.794000 
1.794800 
1.796200 
1.796600 
1.797500 
1.798100 
1.801200 
1.801500 
1.801700 
1.801800 
1.803400 
1.805700 
1.807200 
1.809100 
1.813600 
1.813700 
1.813900 
1.814200 
1.817400 
1.818200 
1.819700 
1.821200 
1.823600 
1.823800 
1.825400 
1.826700 
1.826800 
1.830100 
1.832100 
1.832700 
1.833300 
1.834100 
1.834600 
1.838200 
1.839400 
1.842500 
1.842800 
1.842900 
1.843900 
1.848100 
1.848500 
1.849000 
1.850100 
1.852100 
1.856000 
1.857700 
1.858000 
1.858300 
1.859000 
1.862100 
1.874600 
1.875200 
1.875600 
1.876200 
1.876500 
1.876500 
1.876600 
1.879600 
1.881800 
1.882100 
1.882500 
1.884900 
1.886500 
1.887600 
1.888400 
1.888600 
1.888600 
1.892500 
1.893000 
1.896600 
1.897900 
1.903700 
1.904200 
1.906000 
1.906300 
1.906400 
1.909600 
1.910100 
1.912400 
1.914400 
1.915500 
1.915800 
1.917000 
1.917300 
1.918000 
1.918300 
1.918900 
1.920100 
1.920600 
1.920900 
1.921900 
1.923800 
1.926000 
1.927900 
1.928000 
1.929000 
1.931500 
1.934200 
1.937100 
1.939100 
1.939400 
1.940300 
1.940300 
1.942700 
1.944700 
1.946800 
1.947000 
1.954200 
1.954800 
1.955800 
1.956100 
1.957200 
1.957400 
1.959800 
1.963400 
1.963800 
1.964700 
1.965000 
1.966200 
1.966900 
1.967300 
1.969000 
1.972400 
1.975700 
1.976900 
1.977400 
1.983400 
1.985700 
1.986600 
1.987900 
1.988600 
1.994300 
1.995500 
1.997000 
1.999200 
2.001000 
2.005600 
2.005900 
2.007300 
2.007600 
2.009200 
2.011600 
2.013400 
2.014000 
2.015900 
2.016000 
2.017100 
2.018400 
2.020700 
2.020800 
2.021400 
2.022300 
2.023300 
2.023900 
2.025800 
2.026100 
2.029000 
2.029600 
2.029900 
2.030000 
2.030100 
2.031700 
2.033500 
2.035700 
2.039200 
2.040200 
2.040900 
2.041200 
2.042600 
2.046700 
2.046900 
2.050200 
2.051300 
2.051800 
2.053300 
2.053300 
2.054500 
2.057100 
2.058600 
2.060500 
2.063300 
2.063400 
2.063400 
2.064100 
2.065600 
2.071500 
2.071900 
2.073900 
2.075500 
2.075800 
2.080700 
2.081300 
2.081400 
2.083700 
2.085200 
2.086200 
2.086500 
2.087400 
2.087700 
2.088100 
2.088700 
2.088800 
2.089000 
2.090400 
2.093100 
2.100400 
2.100500 
2.103600 
2.103600 
2.104700 
2.106200 
2.109700 
2.110200 
2.110900 
2.112000 
2.112200 
2.113700 
2.114500 
2.115100 
2.116400 
2.116400 
2.117000 
2.117600 
2.118200 
2.120600 
2.121400 
2.123300 
2.125100 
2.125400 
2.128300 
2.129900 
2.130200 
2.134900 
2.135000 
2.136100 
2.136800 
2.139200 
2.139500 
2.141700 
2.142900 
2.143700 
2.147500 
2.149300 
2.149600 
2.155700 
2.158000 
2.158100 
2.162000 
2.162500 
2.164200 
2.164300 
2.164500 
2.166200 
2.166700 
2.166800 
2.167400 
2.171200 
2.171600 
2.173700 
2.175900 
2.179000 
2.179300 
2.179500 
2.182400 
2.183700 
2.184000 
2.185400 
2.185400 
2.187600 
2.188400 
2.188800 
2.189600 
2.195800 
2.198500 
2.198600 
2.199200 
2.203100 
2.208700 
2.209700 
2.210800 
2.219100 
2.219800 
2.220500 
2.224300 
2.225900 
2.227200 
2.231000 
2.231700 
2.235700 
2.236500 
2.237300 
2.239100 
2.240000 
2.244700 
2.247000 
2.247700 
2.248000 
2.249900 
2.252500 
2.254100 
2.255100 
2.256500 
2.258200 
2.259800 
2.260100 
2.263200 
2.265100 
2.267400 
2.267600 
2.268600 
2.268800 
2.269400 
2.269400 
2.271100 
2.271800 
2.273200 
2.273700 
2.278600 
2.280100 
2.283100 
2.286400 
2.288600 
2.289700 
2.290600 
2.291300 
2.293400 
2.294000 
2.296200 
2.298200 
2.302800 
2.306900 
2.307700 
2.309300 
2.309400 
2.310500 
2.313100 
2.313400 
2.313900 
2.314500 
2.315200 
2.317100 
2.317600 
2.318300 
2.323300 
2.323900 
2.324000 
2.328700 
2.331900 
2.332900 
2.334300 
2.334500 
2.335200 
2.340000 
2.340400 
2.342200 
2.342700 
2.342900 
2.344000 
2.349300 
2.350200 
2.350300 
2.350400 
2.352500 
2.357900 
2.359000 
2.359800 
2.360100 
2.360900 
2.362200 
2.364900 
2.367000 
2.368200 
2.368700 
2.373600 
2.376000 
2.379900 
2.382600 
2.383500 
2.384100 
2.384400 
2.385600 
2.385700 
2.385700 
2.387400 
2.387500 
2.388500 
2.389100 
2.389500 
2.390400 
2.397700 
2.398400 
2.401400 
2.404900 
2.404900 
2.405800 
2.407100 
2.407200 
2.409400 
2.411000 
2.413000 
2.414600 
2.419100 
2.420100 
2.421000 
2.422100 
2.422800 
2.425300 
2.425700 
2.426300 
2.427700 
2.430600 
2.431600 
2.433000 
2.433000 
2.433600 
2.434500 
2.434600 
2.434700 
2.436800 
2.439900 
2.439900 
2.441800 
2.442000 
2.446000 
2.451900 
2.453600 
2.454400 
2.454900 
2.454900 
2.455400 
2.455400 
2.456200 
2.456900 
2.458600 
2.460000 
2.460200 
2.461300 
2.461700 
2.466900 
2.470000 
2.472500 
2.474300 
2.474800 
2.475500 
2.481500 
2.481500 
2.485000 
2.485300 
2.485300 
2.488400 
2.488800 
2.489300 
2.489900 
2.490800 
2.490900 
2.500300 
2.500700 
2.502700 
2.503300 
2.506100 
2.506800 
2.507100 
2.507400 
2.509000 
2.510200 
2.513800 
2.514300 
2.520300 
2.520500 
2.521000 
2.521800 
2.525300 
2.526200 
2.534600 
2.535800 
2.536600 
2.537100 
2.537700 
2.538400 
2.539400 
2.539400 
2.541000 
2.543600 
2.544900 
2.545800 
2.549900 
2.550300 
2.551600 
2.554100 
2.554600 
2.560100 
2.564500 
2.566700 
2.566700 
2.568000 
2.568600 
2.569800 
2.570300 
2.570700 
2.571100 
2.571200 
2.572500 
2.575200 
2.579400 
2.579900 
2.585600 
2.586200 
2.591600 
2.592500 
2.593100 
2.593100 
2.594600 
2.594600 
2.595500 
2.595800 
2.595900 
2.599100 
2.600200 
2.600600 
2.602300 
2.604300 
2.604500 
2.606700 
2.610100 
2.613400 
2.613800 
2.614900 
2.617100 
2.617700 
2.618900 
2.619700 
2.620800 
2.622200 
2.629800 
2.630800 
2.632500 
2.632500 
2.636000 
2.637100 
2.637300 
2.641800 
2.641900 
2.642100 
2.642900 
2.644500 
2.644800 
2.645700 
2.648500 
2.648800 
2.652400 
2.659600 
2.659900 
2.659900 
2.661300 
2.661400 
2.663700 
2.665200 
2.667700 
2.677700 
2.678000 
2.679100 
2.680600 
2.681000 
2.681000 
2.687500 
2.688200 
2.689200 
2.689700 
2.691200 
2.692900 
2.697200 
2.697300 
2.697400 
2.699800 
2.700000 
2.702300 
2.704000 
2.705200 
2.710200 
2.711400 
2.713300 
2.715300 
2.716500 
2.716700 
2.718400 
2.719500 
2.719600 
2.720800 
2.721200 
2.721800 
2.722300 
2.723000 
2.725600 
2.726600 
2.728000 
2.728900 
2.732600 
2.735800 
2.738600 
2.742800 
2.744800 
2.745900 
2.751000 
2.751300 
2.751600 
2.752700 
2.757200 
2.757900 
2.760000 
2.762400 
2.763700 
2.764300 
2.765600 
2.767900 
2.771300 
2.771900 
2.773800 
2.774200 
2.774700 
2.775300 
2.776300 
2.777200 
2.778200 
2.780400 
2.780400 
2.780500 
2.789700 
2.790600 
2.791300 
2.791400 
2.792600 
2.794900 
2.795900 
2.802100 
2.802300 
2.802500 
2.803400 
2.804900 
2.807500 
2.807800 
2.807900 
2.810000 
2.810100 
2.817000 
2.817900 
2.818700 
2.819600 
2.824000 
2.825000 
2.825400 
2.825400 
2.827700 
2.828600 
2.829400 
2.830500 
2.830700 
2.832000 
2.833700 
2.836500 
2.837000 
2.837300 
2.840300 
2.843200 
2.845300 
2.847100 
2.847900 
2.849300 
2.850000 
2.854600 
2.855900 
2.858900 
2.860100 
2.860200 
2.861900 
2.861900 
2.862600 
2.863000 
2.864400 
2.867400 
2.869400 
2.870000 
2.872000 
2.872200 
2.877200 
2.878500 
2.878900 
2.880000 
2.882000 
2.883100 
2.885200 
2.886300 
2.890500 
2.891600 
2.891900 
2.893100 
2.894300 
2.896700 
2.898800 
2.904200 
2.904400 
2.911200 
2.913300 
2.915200 
2.915700 
2.916000 
2.918500 
2.918800 
2.922500 
2.923000 
2.923900 
2.924800 
2.926900 
2.928700 
2.929900 
2.935300 
2.936000 
2.954000 
2.954300 
2.961400 
2.961800 
2.964400 
2.967400 
2.970300 
2.971300 
2.973800 
2.975500 
2.977300 
2.979000 
2.981400 
2.983000 
2.984600 
2.986100 
2.987000 
2.987900 
2.988000 
2.988600 
2.994400 
2.996800 
2.997200 
2.998800 
2.999000 
2.999700 
2.999800 
3.001800 
3.002200 
3.002600 
3.002700 
3.004400 
3.008700 
3.009200 
3.010300 
3.012300 
3.013700 
3.018300 
3.018500 
3.020600 
3.021900 
3.022200 
3.026000 
3.027200 
3.028600 
3.032500 
3.034300 
3.035700 
3.037300 
3.038600 
3.038600 
3.040100 
3.041200 
3.041700 
3.044200 
3.044200 
3.046500 
3.049100 
3.053900 
3.055800 
3.058100 
3.059300 
3.064100 
3.070200 
3.070700 
3.071600 
3.073800 
3.075500 
3.086700 
3.086800 
3.088200 
3.088400 
3.089900 
3.090800 
3.091600 
3.091900 
3.094300 
3.097100 
3.099300 
3.099900 
3.100700 
3.102600 
3.104300 
3.105400 
3.113000 
3.114600 
3.115100 
3.117800 
3.119200 
3.120100 
3.121700 
3.123700 
3.124600 
3.128400 
3.130200 
3.132900 
3.136100 
3.136700 
3.137700 
3.137900 
3.138100 
3.144700 
3.146100 
3.147100 
3.148800 
3.149500 
3.150000 
3.150700 
3.154600 
3.156100 
3.156600 
3.157700 
3.166000 
3.171100 
3.171200 
3.171500 
3.173100 
3.174100 
3.175000 
3.176200 
3.177100 
3.181000 
3.183300 
3.184000 
3.184600 
3.186300 
3.186400 
3.188500 
3.190100 
3.194800 
3.197000 
3.197900 
3.198900 
3.199500 
3.199500 
3.199600 
3.201400 
3.201800 
3.204400 
3.205500 
3.206800 
3.208300 
3.208300 
3.209200 
3.210200 
3.210500 
3.211700 
3.214100 
3.216000 
3.216300 
3.217200 
3.218900 
3.221300 
3.221500 
3.223000 
3.226100 
3.227300 
3.229000 
3.232800 
3.232900 
3.236800 
3.242500 
3.242600 
3.244200 
3.247000 
3.249800 
3.250600 
3.252200 
3.252800 
3.254500 
3.263100 
3.264400 
3.267200 
3.267300 
3.267800 
3.268400 
3.270800 
3.274500 
3.274700 
3.276000 
3.281000 
3.286000 
3.286200 
3.286300 
3.286700 
3.288400 
3.289100 
3.289200 
3.290000 
3.292800 
3.292800 
3.299000 
3.299800 
3.301100 
3.302800 
3.307600 
3.308600 
3.310500 
3.310900 
3.312500 
3.312700 
3.316000 
3.318800 
3.318900 
3.322800 
3.323100 
3.323400 
3.325500 
3.326000 
3.330200 
3.332800 
3.332800 
3.333700 
3.333900 
3.334300 
3.334400 
3.334900 
3.336200 
3.337500 
3.340300 
3.343900 
3.345000 
3.346000 
3.348900 
3.348900 
3.350100 
3.351400 
3.351400 
3.351800 
3.352700 
3.354700 
3.357700 
3.358600 
3.359400 
3.362700 
3.363700 
3.363900 
3.365300 
3.366500 
3.367800 
3.368000 
3.368800 
3.370200 
3.371400 
3.371600 
3.371800 
3.372500 
3.373400 
3.378800 
3.381000 
3.382200 
3.383700 
3.384100 
3.385300 
3.387800 
3.388100 
3.393900 
3.395100 
3.397400 
3.398600 
3.400200 
3.400600 
3.402500 
3.402800 
3.405000 
3.406100 
3.409400 
3.410300 
3.410900 
3.411300 
3.411600 
3.412200 
3.414600 
3.419300 
3.420100 
3.420100 
3.422800 
3.424300 
3.424600 
3.429400 
3.430200 
3.434600 
3.436700 
3.437000 
3.438600 
3.439400 
3.440600 
3.441100 
3.445300 
3.445500 
3.448900 
3.449400 
3.457400 
3.459200 
3.459900 
3.462100 
3.465400 
3.466500 
3.466600 
3.472200 
3.476500 
3.476600 
3.488500 
3.488700 
3.489100 
3.489300 
3.489500 
3.489600 
3.490500 
3.491900 
3.492200 
3.492900 
3.493800 
3.496000 
3.498000 
3.498700 
3.498900 
3.500000 
3.500400 
3.500900 
3.501400 
3.502400 
3.502900 
3.503800 
3.506500 
3.507600 
3.510300 
3.511200 
3.511300 
3.513200 
3.514400 
3.515600 
3.518000 
3.520300 
3.521900 
3.525200 
3.525800 
3.528000 
3.529700 
3.529800 
3.530900 
3.534000 
3.535200 
3.539500 
3.541100 
3.542500 
3.548400 
3.550000 
3.550200 
3.551300 
3.557800 
3.559500 
3.559700 
3.560100 
3.560200 
3.561900 
3.563400 
3.563600 
3.565300 
3.567500 
3.569500 
3.571500 
3.572400 
3.574400 
3.578000 
3.578600 
3.580600 
3.580900 
3.582200 
3.583500 
3.584500 
3.586800 
3.591800 
3.592700 
3.593300 
3.593400 
3.594400 
3.598200 
3.598500 
3.599500 
3.599500 
3.600600 
3.601500 
3.602000 
3.603200 
3.605400 
3.608600 
3.610400 
3.617100 
3.621200 
3.621600 
3.625900 
3.630900 
3.631000 
3.632500 
3.634100 
3.634500 
3.637100 
3.639100 
3.639200 
3.641900 
3.644900 
3.646600 
3.646900 
3.647800 
3.649100 
3.649600 
3.653000 
3.657600 
3.657700 
3.658400 
3.658600 
3.660700 
3.661500 
3.663200 
3.665500 
3.667700 
3.667900 
3.669400 
3.670800 
3.675400 
3.675600 
3.680800 
3.681800 
3.685600 
3.687600 
3.688400 
3.688600 
3.691300 
3.692000 
3.693000 
3.693700 
3.693800 
3.695900 
3.696200 
3.701600 
3.702800 
3.703300 
3.704200 
3.708900 
3.710700 
3.711800 
3.713700 
3.714800 
3.717400 
3.720300 
3.720900 
3.725200 
3.726900 
3.727400 
3.729300 
3.731400 
3.732100 
3.735500 
3.739700 
3.741600 
3.741800 
3.741900 
3.742000 
3.742100 
3.742900 
3.744500 
3.746000 
3.747500 
3.749400 
3.749800 
3.754000 
3.757400 
3.759100 
3.759200 
3.760600 
3.764000 
3.765800 
3.766200 
3.766700 
3.772200 
3.774900 
3.777100 
3.778600 
3.779100 
3.780700 
3.782700 
3.784400 
3.784400 
3.791100 
3.792900 
3.796900 
3.797900 
3.798100 
3.798500 
3.800100 
3.806400 
3.807000 
3.809800 
3.811400 
3.812500 
3.813200 
3.815600 
3.815700 
3.816700 
3.817800 
3.819500 
3.820700 
3.821800 
3.825800 
3.827100 
3.829800 
3.830000 
3.831700 
3.832100 
3.833300 
3.834700 
3.834800 
3.835800 
3.837900 
3.838500 
3.841100 
3.841200 
3.843800 
3.844900 
3.845400 
3.847200 
3.847800 
3.849500 
3.852200 
3.852200 
3.853600 
3.855100 
3.861800 
3.863400 
3.866900 
3.868500 
3.868800 
3.869200 
3.869600 
3.871100 
3.874800 
3.875400 
3.881700 
3.882400 
3.886700 
3.887900 
3.888600 
3.890700 
3.892100 
3.892300 
3.894200 
3.896200 
3.898700 
3.900000 
3.900100 
3.900500 
3.903800 
3.905800 
3.907100 
3.909000 
3.911700 
3.912100 
3.912700 
3.914400 
3.915000 
3.926000 
3.927200 
3.928400 
3.931900 
3.933700 
3.933800 
3.934600 
3.934800 
3.935300 
3.935400 
3.939100 
3.942100 
3.942300 
3.942400 
3.947700 
3.949600 
3.952500 
3.952600 
3.952700 
3.955400 
3.955800 
3.956000 
3.959600 
3.960000 
3.961900 
3.963900 
3.965000 
3.967800 
3.970100 
3.970800 
3.970900 
3.972800 
3.974300 
3.974900 
3.985400 
3.985600 
3.985600 
3.987200 
3.987300 
3.989100 
3.990100 
3.991600 
3.992800 
3.993300 
3.993400 
3.993900 
3.995000 
3.995600 
3.996400 
3.999900 
