15 
55 
70 
1 
34 
120 
71 
79 
52 
121 
61 
31 
63 
135 
187 
127 
74 
153 
149 
162 
30 
135 
51 
53 
70 
115 
26 
16 
61 
95 
87 
68 
77 
66 
46 
126 
160 
132 
72 
93 
89 
8 
187 
98 
106 
94 
163 
101 
92 
120 
19 
73 
26 
118 
151 
48 
182 
12 
185 
76 
140 
119 
28 
27 
158 
102 
29 
75 
108 
165 
87 
65 
136 
170 
147 
9 
69 
112 
127 
16 
106 
187 
91 
74 
159 
28 
174 
172 
153 
97 
65 
124 
27 
74 
151 
30 
135 
52 
47 
78 
125 
171 
169 
182 
34 
22 
12 
89 
48 
130 
39 
106 
149 
22 
20 
65 
139 
40 
128 
154 
134 
7 
102 
37 
176 
42 
125 
152 
97 
113 
104 
73 
9 
65 
70 
18 
63 
40 
61 
121 
79 
140 
8 
45 
79 
6 
97 
67 
89 
88 
149 
62 
19 
171 
114 
38 
10 
8 
140 
163 
52 
77 
162 
37 
134 
182 
173 
147 
55 
160 
129 
107 
136 
58 
146 
26 
160 
44 
145 
109 
15 
80 
182 
22 
184 
181 
150 
33 
171 
53 
37 
175 
73 
128 
131 
79 
80 
175 
62 
142 
34 
88 
82 
166 
65 
37 
81 
145 
177 
78 
144 
133 
77 
102 
27 
69 
138 
152 
45 
39 
181 
68 
93 
136 
150 
48 
91 
17 
52 
127 
44 
159 
172 
70 
147 
142 
104 
15 
28 
126 
150 
107 
10 
121 
137 
96 
63 
29 
5 
127 
161 
84 
140 
168 
160 
129 
110 
161 
75 
126 
99 
16 
115 
6 
44 
174 
177 
39 
94 
34 
59 
108 
184 
180 
2 
88 
131 
64 
124 
79 
56 
61 
142 
185 
31 
109 
29 
14 
5 
160 
177 
9 
51 
156 
82 
91 
119 
159 
136 
93 
112 
95 
113 
150 
39 
161 
148 
6 
5 
101 
124 
109 
65 
163 
186 
25 
183 
59 
161 
146 
132 
150 
164 
67 
40 
83 
23 
13 
33 
146 
158 
121 
81 
21 
63 
143 
181 
20 
39 
113 
9 
45 
82 
155 
187 
53 
152 
49 
172 
173 
98 
36 
54 
38 
157 
90 
162 
18 
0 
158 
170 
146 
59 
101 
100 
64 
148 
76 
52 
130 
25 
145 
68 
118 
119 
144 
139 
160 
163 
72 
134 
46 
69 
143 
161 
179 
31 
32 
166 
184 
128 
101 
109 
172 
3 
125 
43 
76 
109 
6 
11 
154 
26 
94 
47 
183 
41 
73 
147 
38 
114 
129 
126 
180 
74 
77 
140 
91 
174 
113 
165 
69 
123 
109 
34 
103 
176 
33 
150 
49 
132 
96 
122 
185 
21 
56 
116 
34 
155 
170 
114 
121 
3 
98 
99 
109 
148 
168 
154 
92 
111 
110 
67 
165 
121 
123 
125 
60 
120 
21 
180 
160 
151 
121 
180 
134 
118 
163 
135 
156 
146 
102 
142 
141 
10 
17 
40 
98 
35 
14 
38 
116 
154 
53 
62 
119 
78 
90 
107 
175 
156 
44 
116 
123 
167 
105 
12 
122 
104 
127 
129 
133 
72 
66 
177 
76 
63 
45 
65 
186 
49 
178 
18 
62 
72 
127 
6 
59 
165 
4 
17 
187 
24 
153 
49 
68 
30 
104 
64 
166 
159 
130 
149 
110 
129 
77 
52 
3 
128 
114 
119 
150 
83 
117 
151 
107 
160 
110 
38 
64 
113 
100 
146 
65 
20 
27 
72 
143 
60 
135 
57 
136 
112 
164 
168 
8 
29 
137 
125 
42 
49 
73 
12 
120 
183 
100 
88 
28 
179 
56 
19 
121 
35 
177 
4 
135 
64 
145 
82 
146 
27 
99 
161 
25 
86 
13 
91 
111 
165 
25 
53 
14 
74 
5 
139 
69 
100 
141 
161 
63 
145 
20 
158 
60 
13 
6 
136 
62 
27 
175 
187 
76 
128 
74 
98 
114 
117 
50 
9 
28 
1 
44 
42 
27 
3 
76 
125 
106 
138 
70 
156 
150 
33 
110 
1 
112 
54 
57 
143 
125 
25 
99 
61 
140 
187 
97 
16 
27 
115 
4 
161 
84 
129 
96 
116 
95 
132 
53 
183 
73 
129 
153 
15 
61 
116 
20 
86 
104 
151 
148 
104 
153 
43 
80 
1 
44 
121 
30 
7 
148 
51 
16 
165 
79 
169 
117 
1 
41 
88 
102 
101 
171 
183 
47 
61 
37 
112 
123 
64 
15 
119 
133 
147 
121 
59 
87 
126 
165 
144 
8 
88 
164 
100 
96 
12 
56 
42 
112 
74 
162 
26 
176 
27 
177 
118 
111 
102 
167 
173 
12 
30 
92 
153 
56 
3 
66 
108 
39 
52 
46 
167 
80 
96 
147 
64 
118 
112 
79 
11 
116 
168 
28 
8 
146 
48 
121 
145 
163 
5 
91 
135 
153 
142 
2 
96 
29 
143 
125 
169 
69 
81 
82 
62 
86 
187 
144 
175 
156 
145 
42 
44 
126 
102 
87 
50 
103 
159 
58 
11 
12 
54 
45 
33 
26 
54 
134 
177 
152 
129 
66 
70 
6 
145 
151 
123 
49 
19 
173 
15 
137 
64 
88 
65 
28 
182 
67 
185 
99 
126 
63 
136 
109 
184 
8 
108 
152 
134 
20 
29 
9 
63 
19 
127 
137 
161 
42 
184 
117 
180 
24 
62 
39 
162 
1 
2 
87 
159 
55 
180 
13 
110 
143 
89 
101 
17 
14 
65 
90 
107 
120 
80 
108 
82 
127 
174 
144 
140 
23 
75 
102 
65 
111 
135 
66 
76 
53 
182 
10 
16 
176 
149 
153 
63 
123 
94 
85 
81 
91 
96 
135 
58 
165 
174 
97 
116 
10 
137 
92 
75 
8 
79 
4 
166 
88 
45 
18 
48 
143 
33 
147 
136 
62 
70 
140 
149 
102 
7 
172 
32 
144 
151 
29 
82 
125 
143 
45 
128 
61 
178 
40 
129 
47 
150 
97 
5 
126 
17 
90 
92 
122 
182 
15 
30 
128 
124 
94 
0 
161 
125 
169 
2 
0 
108 
106 
123 
187 
101 
121 
172 
24 
187 
75 
138 
17 
139 
38 
82 
0 
104 
124 
56 
87 
42 
183 
18 
97 
99 
136 
55 
151 
33 
48 
159 
83 
24 
135 
86 
70 
130 
17 
60 
115 
123 
39 
66 
118 
165 
151 
153 
80 
97 
149 
180 
75 
35 
113 
178 
5 
53 
160 
58 
163 
54 
28 
0 
8 
52 
33 
29 
132 
90 
9 
155 
110 
60 
4 
180 
168 
100 
74 
6 
51 
166 
4 
34 
153 
122 
149 
113 
60 
72 
184 
22 
150 
7 
13 
183 
79 
130 
19 
64 
164 
179 
139 
76 
56 
13 
49 
72 
37 
153 
128 
157 
136 
27 
39 
63 
146 
81 
131 
66 
30 
167 
82 
182 
118 
58 
25 
43 
73 
128 
30 
108 
55 
182 
113 
68 
131 
127 
61 
149 
135 
143 
69 
136 
101 
37 
121 
176 
77 
148 
120 
130 
131 
40 
106 
13 
38 
31 
44 
72 
114 
24 
133 
21 
1 
171 
119 
19 
79 
133 
28 
145 
150 
102 
153 
80 
144 
151 
186 
124 
77 
139 
130 
38 
74 
16 
175 
171 
62 
135 
108 
159 
138 
67 
150 
59 
8 
181 
64 
119 
52 
7 
146 
172 
125 
41 
55 
39 
60 
88 
141 
121 
168 
124 
155 
86 
92 
68 
137 
166 
60 
172 
141 
38 
68 
75 
161 
17 
59 
31 
16 
108 
127 
23 
71 
13 
24 
77 
39 
110 
17 
22 
25 
123 
26 
19 
140 
51 
42 
97 
53 
50 
29 
123 
21 
6 
67 
144 
180 
177 
85 
111 
165 
107 
9 
93 
153 
114 
172 
39 
41 
132 
162 
103 
185 
87 
141 
55 
34 
53 
150 
61 
14 
125 
7 
119 
34 
99 
22 
131 
93 
86 
68 
97 
78 
156 
106 
43 
126 
100 
72 
149 
17 
163 
148 
22 
164 
45 
169 
130 
95 
31 
89 
82 
172 
11 
124 
63 
160 
145 
149 
100 
105 
164 
56 
75 
103 
114 
74 
134 
113 
83 
26 
130 
138 
7 
52 
76 
57 
13 
168 
51 
0 
183 
150 
88 
64 
68 
38 
103 
156 
82 
53 
89 
101 
132 
161 
57 
139 
87 
59 
2 
80 
167 
1 
68 
21 
129 
138 
77 
99 
143 
36 
97 
140 
72 
128 
170 
183 
74 
22 
185 
150 
57 
142 
179 
82 
62 
137 
45 
149 
66 
145 
96 
121 
178 
47 
174 
43 
7 
106 
61 
52 
45 
67 
14 
75 
126 
33 
146 
70 
32 
113 
177 
103 
62 
18 
94 
36 
72 
168 
28 
132 
27 
104 
86 
71 
107 
95 
49 
131 
91 
136 
77 
148 
164 
17 
32 
68 
42 
177 
27 
127 
43 
123 
139 
134 
69 
31 
120 
93 
2 
124 
72 
95 
133 
0 
39 
166 
44 
143 
128 
111 
53 
2 
109 
131 
121 
81 
84 
89 
125 
59 
4 
142 
91 
111 
66 
109 
117 
128 
47 
51 
17 
96 
187 
165 
13 
42 
20 
169 
95 
111 
183 
148 
86 
19 
66 
147 
185 
117 
178 
30 
39 
177 
20 
87 
38 
70 
159 
48 
134 
165 
64 
184 
17 
56 
123 
185 
178 
93 
91 
78 
34 
21 
3 
8 
174 
23 
27 
91 
38 
12 
79 
101 
136 
68 
40 
82 
164 
51 
55 
44 
53 
176 
184 
154 
99 
37 
30 
172 
134 
46 
59 
173 
137 
146 
139 
175 
94 
135 
181 
95 
58 
36 
118 
138 
6 
2 
109 
107 
129 
74 
80 
90 
102 
124 
169 
100 
174 
57 
63 
84 
125 
16 
73 
152 
176 
61 
151 
6 
36 
41 
58 
148 
13 
27 
42 
87 
145 
117 
25 
133 
158 
137 
171 
44 
143 
159 
85 
58 
171 
107 
27 
133 
68 
110 
123 
127 
172 
22 
143 
131 
29 
183 
9 
95 
68 
76 
144 
14 
117 
179 
111 
87 
167 
150 
141 
124 
98 
137 
4 
118 
43 
108 
181 
15 
18 
24 
86 
4 
11 
49 
87 
77 
68 
108 
126 
10 
117 
183 
28 
112 
9 
179 
177 
78 
74 
31 
50 
131 
55 
88 
69 
75 
42 
151 
172 
24 
126 
134 
13 
173 
78 
63 
176 
26 
23 
89 
53 
73 
24 
136 
83 
97 
6 
137 
54 
154 
66 
96 
126 
181 
1 
61 
91 
116 
87 
114 
121 
124 
59 
94 
73 
155 
143 
88 
50 
158 
175 
29 
52 
31 
75 
87 
175 
184 
124 
7 
45 
102 
21 
20 
44 
40 
75 
87 
178 
96 
164 
39 
68 
168 
156 
166 
163 
44 
1 
4 
109 
81 
144 
165 
63 
136 
108 
111 
28 
142 
177 
161 
141 
17 
65 
125 
101 
140 
49 
85 
134 
143 
71 
4 
183 
52 
29 
95 
54 
60 
138 
160 
61 
86 
35 
46 
170 
178 
117 
158 
97 
174 
113 
33 
44 
26 
48 
38 
25 
135 
128 
153 
78 
98 
106 
0 
92 
119 
97 
174 
144 
163 
119 
89 
108 
93 
147 
1 
101 
130 
78 
83 
67 
39 
57 
52 
107 
63 
152 
14 
122 
16 
45 
61 
150 
6 
31 
69 
102 
4 
76 
123 
171 
175 
22 
18 
34 
91 
59 
166 
78 
135 
87 
132 
164 
70 
172 
124 
132 
68 
92 
137 
114 
144 
185 
110 
156 
173 
80 
99 
182 
85 
141 
70 
94 
4 
62 
112 
182 
88 
67 
121 
187 
19 
180 
151 
50 
177 
59 
41 
128 
3 
87 
146 
50 
97 
42 
132 
25 
149 
86 
5 
164 
6 
52 
127 
128 
107 
172 
59 
184 
167 
15 
104 
97 
4 
108 
171 
48 
90 
180 
6 
71 
66 
155 
0 
76 
184 
87 
178 
154 
170 
86 
128 
39 
106 
44 
53 
31 
103 
91 
152 
15 
118 
26 
45 
154 
169 
181 
113 
139 
53 
89 
174 
110 
26 
147 
149 
97 
107 
67 
15 
98 
163 
167 
137 
9 
100 
45 
74 
99 
20 
150 
101 
103 
146 
89 
134 
130 
30 
108 
89 
53 
161 
38 
59 
73 
118 
134 
123 
39 
122 
100 
62 
35 
158 
150 
27 
87 
90 
6 
170 
153 
128 
66 
122 
157 
72 
155 
24 
88 
18 
19 
30 
1 
153 
121 
183 
162 
157 
182 
76 
140 
39 
11 
19 
108 
173 
33 
139 
29 
96 
172 
95 
72 
160 
149 
78 
23 
167 
143 
20 
100 
159 
161 
64 
89 
13 
80 
29 
0 
39 
78 
45 
89 
48 
102 
162 
151 
117 
88 
104 
120 
180 
48 
71 
161 
123 
13 
89 
115 
164 
144 
87 
112 
124 
181 
186 
168 
90 
76 
89 
130 
143 
13 
134 
162 
179 
77 
60 
129 
168 
187 
116 
62 
117 
123 
49 
35 
38 
160 
40 
10 
19 
145 
147 
179 
99 
186 
30 
57 
134 
22 
129 
119 
157 
13 
95 
97 
74 
177 
56 
131 
118 
144 
182 
8 
87 
113 
142 
53 
31 
55 
96 
185 
100 
87 
4 
36 
84 
15 
145 
35 
70 
84 
122 
149 
118 
124 
92 
184 
135 
159 
90 
120 
53 
186 
148 
170 
94 
10 
8 
66 
64 
183 
48 
140 
121 
116 
41 
90 
152 
28 
144 
11 
148 
27 
126 
55 
75 
37 
124 
112 
113 
126 
66 
132 
179 
108 
109 
76 
138 
139 
182 
133 
99 
121 
171 
17 
144 
108 
87 
146 
160 
170 
36 
118 
186 
140 
17 
128 
125 
106 
124 
170 
26 
84 
150 
130 
94 
42 
127 
179 
53 
181 
70 
1 
48 
108 
159 
113 
25 
40 
66 
37 
11 
62 
24 
157 
158 
81 
39 
137 
134 
175 
98 
142 
53 
167 
75 
84 
38 
163 
120 
141 
117 
174 
46 
0 
170 
93 
169 
51 
74 
57 
88 
133 
173 
0 
163 
56 
35 
