158 
59 
160 
170 
8 
30 
90 
59 
134 
67 
56 
173 
104 
126 
61 
156 
0 
22 
49 
105 
171 
110 
90 
62 
70 
102 
24 
50 
153 
55 
117 
123 
33 
94 
110 
125 
119 
151 
92 
17 
123 
142 
184 
180 
45 
32 
61 
68 
67 
31 
47 
123 
131 
116 
175 
50 
176 
122 
105 
10 
96 
185 
102 
94 
92 
84 
184 
72 
20 
113 
54 
95 
120 
65 
182 
42 
117 
179 
88 
36 
185 
161 
138 
110 
116 
178 
56 
50 
48 
133 
77 
171 
34 
29 
29 
7 
15 
18 
153 
81 
92 
128 
16 
122 
46 
55 
141 
30 
78 
62 
176 
31 
64 
108 
120 
115 
16 
58 
177 
155 
9 
49 
33 
90 
55 
63 
137 
108 
38 
109 
53 
105 
173 
123 
100 
76 
118 
38 
12 
183 
126 
182 
42 
181 
117 
92 
140 
178 
111 
50 
153 
187 
141 
144 
32 
7 
116 
27 
10 
51 
117 
53 
5 
28 
178 
4 
179 
52 
113 
110 
0 
88 
8 
6 
44 
1 
36 
161 
74 
156 
134 
32 
34 
100 
59 
135 
6 
149 
119 
159 
150 
112 
89 
161 
70 
171 
19 
148 
168 
117 
72 
52 
119 
135 
151 
31 
96 
0 
92 
143 
131 
10 
174 
36 
104 
90 
125 
141 
68 
152 
139 
163 
160 
52 
120 
70 
79 
48 
151 
152 
39 
8 
76 
164 
137 
59 
93 
186 
155 
133 
12 
151 
148 
88 
89 
12 
55 
166 
45 
94 
130 
179 
6 
40 
9 
149 
130 
112 
83 
128 
60 
76 
24 
135 
186 
84 
182 
59 
98 
3 
93 
82 
171 
187 
41 
157 
133 
168 
81 
163 
113 
121 
29 
172 
69 
147 
100 
122 
52 
92 
12 
55 
124 
34 
60 
125 
63 
164 
182 
31 
50 
52 
99 
154 
6 
79 
137 
149 
132 
136 
165 
17 
21 
52 
172 
108 
177 
2 
28 
169 
122 
81 
97 
76 
78 
34 
64 
27 
11 
121 
45 
138 
63 
36 
42 
111 
20 
89 
125 
122 
42 
167 
129 
158 
127 
55 
116 
14 
173 
187 
58 
126 
36 
153 
82 
53 
171 
79 
173 
64 
132 
176 
13 
75 
118 
160 
137 
141 
177 
79 
100 
12 
15 
90 
31 
20 
46 
165 
59 
29 
152 
161 
68 
4 
116 
77 
174 
170 
50 
65 
49 
113 
95 
28 
153 
103 
105 
106 
68 
36 
94 
124 
62 
187 
89 
27 
4 
113 
46 
91 
94 
42 
108 
161 
97 
111 
130 
167 
112 
3 
11 
86 
90 
67 
181 
60 
62 
150 
40 
6 
57 
109 
108 
99 
23 
118 
127 
110 
8 
0 
55 
27 
5 
51 
28 
124 
122 
119 
95 
147 
33 
71 
87 
86 
152 
110 
9 
166 
43 
54 
108 
0 
135 
50 
92 
10 
11 
89 
98 
166 
183 
107 
133 
49 
81 
179 
118 
32 
57 
79 
113 
55 
66 
107 
169 
33 
176 
152 
131 
60 
154 
111 
42 
114 
151 
107 
153 
147 
167 
24 
64 
146 
88 
175 
173 
89 
70 
41 
171 
163 
53 
17 
59 
58 
131 
76 
96 
146 
117 
60 
47 
82 
99 
34 
89 
106 
113 
137 
100 
21 
5 
66 
13 
176 
70 
39 
184 
65 
17 
103 
147 
132 
165 
171 
163 
74 
180 
114 
89 
177 
110 
58 
143 
71 
44 
157 
41 
57 
5 
16 
128 
150 
64 
159 
28 
6 
124 
26 
99 
97 
108 
141 
129 
101 
164 
169 
23 
15 
2 
43 
167 
31 
77 
62 
140 
25 
34 
29 
113 
18 
23 
158 
83 
124 
109 
157 
152 
125 
181 
49 
42 
17 
46 
68 
54 
94 
179 
19 
51 
102 
125 
30 
109 
7 
152 
184 
173 
108 
137 
68 
75 
90 
140 
168 
97 
116 
65 
59 
43 
60 
2 
30 
64 
126 
129 
39 
12 
22 
82 
95 
91 
53 
100 
140 
73 
130 
132 
156 
44 
46 
85 
138 
170 
60 
0 
19 
103 
52 
6 
68 
135 
115 
118 
155 
24 
28 
161 
43 
75 
59 
139 
96 
166 
58 
55 
68 
106 
76 
39 
61 
1 
151 
125 
73 
2 
18 
178 
120 
36 
176 
7 
57 
25 
12 
89 
101 
124 
152 
151 
75 
79 
4 
153 
5 
6 
45 
133 
155 
93 
177 
37 
82 
59 
143 
85 
6 
43 
88 
22 
118 
129 
41 
52 
114 
103 
2 
148 
98 
181 
50 
60 
65 
71 
80 
105 
62 
59 
96 
86 
132 
114 
34 
159 
25 
173 
121 
125 
112 
26 
35 
142 
84 
20 
7 
128 
169 
120 
43 
180 
141 
58 
171 
31 
24 
28 
170 
91 
81 
169 
164 
137 
131 
135 
22 
37 
34 
108 
68 
51 
75 
138 
78 
38 
114 
185 
36 
95 
79 
15 
169 
25 
94 
32 
156 
103 
81 
150 
142 
123 
86 
19 
87 
124 
146 
41 
72 
77 
180 
116 
137 
119 
16 
156 
98 
6 
95 
74 
45 
24 
35 
147 
55 
52 
84 
176 
1 
184 
119 
71 
4 
140 
127 
31 
51 
173 
77 
5 
164 
144 
10 
20 
22 
9 
87 
180 
101 
1 
79 
183 
149 
154 
100 
99 
29 
10 
93 
59 
110 
130 
69 
70 
145 
90 
114 
167 
40 
185 
138 
52 
50 
57 
91 
178 
82 
18 
150 
30 
123 
94 
80 
22 
39 
43 
175 
54 
110 
140 
169 
34 
143 
147 
3 
79 
65 
138 
185 
149 
27 
158 
0 
78 
60 
20 
156 
53 
31 
41 
121 
103 
55 
84 
119 
93 
150 
64 
89 
15 
83 
128 
75 
21 
27 
159 
77 
41 
152 
163 
167 
179 
171 
98 
160 
63 
59 
52 
6 
137 
58 
144 
62 
17 
72 
133 
105 
165 
176 
87 
118 
114 
97 
99 
54 
10 
52 
46 
91 
181 
112 
111 
143 
13 
105 
108 
147 
62 
27 
115 
89 
77 
130 
29 
135 
176 
2 
18 
28 
74 
50 
150 
67 
185 
35 
10 
175 
48 
145 
36 
100 
112 
39 
120 
43 
25 
70 
45 
122 
133 
73 
139 
28 
131 
4 
64 
125 
24 
98 
72 
155 
42 
164 
147 
146 
88 
94 
152 
106 
18 
129 
175 
45 
165 
132 
37 
138 
42 
178 
99 
12 
89 
10 
14 
123 
136 
171 
144 
52 
108 
20 
118 
57 
49 
133 
126 
43 
65 
148 
165 
6 
157 
171 
33 
34 
47 
154 
16 
173 
45 
134 
3 
183 
94 
15 
135 
95 
178 
151 
46 
2 
9 
67 
98 
79 
7 
85 
28 
31 
132 
92 
80 
131 
147 
60 
39 
102 
65 
64 
61 
25 
50 
179 
83 
129 
3 
5 
81 
8 
68 
121 
157 
53 
85 
43 
109 
4 
115 
88 
6 
28 
144 
150 
96 
165 
62 
151 
70 
7 
159 
113 
177 
81 
83 
127 
87 
94 
89 
63 
132 
106 
18 
128 
67 
135 
138 
96 
182 
95 
181 
98 
111 
137 
71 
94 
161 
91 
141 
160 
145 
143 
12 
84 
177 
89 
79 
138 
144 
136 
103 
130 
20 
56 
93 
185 
90 
73 
158 
125 
140 
184 
74 
126 
11 
187 
178 
181 
55 
164 
14 
88 
76 
105 
186 
139 
157 
54 
179 
134 
123 
108 
0 
63 
96 
40 
82 
145 
138 
50 
93 
184 
15 
25 
30 
120 
4 
105 
75 
28 
177 
59 
113 
185 
85 
164 
5 
54 
7 
37 
135 
16 
147 
77 
128 
89 
34 
118 
156 
60 
87 
53 
47 
13 
5 
39 
32 
120 
88 
124 
25 
136 
33 
12 
43 
11 
56 
137 
66 
79 
86 
44 
164 
166 
174 
170 
9 
130 
106 
16 
112 
62 
80 
47 
91 
108 
77 
0 
55 
185 
172 
27 
127 
142 
48 
131 
55 
70 
95 
141 
35 
88 
87 
136 
13 
170 
43 
5 
61 
175 
158 
155 
169 
140 
57 
51 
147 
36 
156 
150 
113 
179 
3 
11 
10 
84 
115 
30 
90 
93 
72 
134 
135 
85 
157 
150 
120 
50 
32 
176 
155 
62 
88 
46 
16 
3 
49 
129 
85 
25 
107 
167 
69 
150 
179 
168 
185 
13 
136 
33 
118 
160 
26 
103 
187 
64 
54 
15 
105 
174 
146 
154 
98 
34 
81 
95 
153 
90 
99 
82 
112 
89 
45 
65 
144 
92 
94 
59 
86 
183 
79 
74 
12 
36 
26 
105 
171 
18 
39 
30 
186 
117 
122 
181 
174 
94 
6 
98 
38 
1 
142 
57 
104 
173 
179 
146 
180 
86 
20 
144 
130 
77 
113 
9 
67 
50 
109 
126 
131 
62 
29 
32 
81 
63 
153 
186 
38 
14 
176 
55 
60 
130 
57 
71 
91 
145 
103 
169 
114 
75 
49 
138 
136 
121 
20 
88 
125 
70 
61 
165 
100 
59 
134 
178 
119 
97 
154 
13 
160 
56 
42 
12 
184 
31 
111 
185 
179 
134 
48 
36 
30 
76 
133 
3 
115 
93 
121 
104 
89 
117 
157 
99 
168 
15 
51 
139 
164 
170 
6 
175 
82 
26 
46 
176 
106 
91 
98 
156 
71 
49 
116 
90 
4 
68 
107 
105 
87 
66 
15 
114 
150 
165 
178 
104 
185 
128 
29 
35 
80 
146 
142 
49 
37 
168 
167 
12 
163 
30 
104 
69 
171 
86 
76 
53 
9 
13 
27 
23 
133 
26 
144 
184 
131 
88 
132 
172 
21 
2 
109 
25 
174 
13 
34 
186 
97 
74 
56 
28 
126 
119 
99 
139 
113 
9 
8 
13 
133 
71 
48 
169 
51 
146 
110 
59 
131 
159 
13 
36 
164 
160 
143 
127 
18 
119 
29 
142 
38 
62 
17 
26 
81 
162 
74 
104 
2 
129 
185 
145 
122 
55 
168 
101 
49 
152 
18 
84 
7 
50 
60 
133 
156 
159 
186 
39 
187 
32 
43 
181 
45 
42 
116 
107 
170 
76 
132 
179 
108 
94 
187 
18 
48 
34 
23 
98 
143 
134 
103 
130 
7 
126 
163 
25 
173 
57 
148 
52 
135 
115 
81 
27 
65 
150 
9 
161 
167 
94 
63 
30 
55 
73 
80 
89 
169 
14 
77 
115 
82 
143 
141 
176 
144 
181 
148 
130 
106 
25 
142 
79 
11 
73 
139 
147 
59 
87 
132 
15 
24 
49 
107 
52 
118 
61 
44 
26 
116 
84 
97 
22 
154 
19 
54 
96 
36 
92 
7 
164 
176 
150 
126 
169 
9 
96 
18 
4 
0 
82 
87 
19 
120 
7 
165 
170 
148 
89 
30 
109 
1 
66 
141 
45 
58 
186 
68 
0 
125 
12 
100 
121 
147 
43 
157 
98 
56 
117 
85 
131 
54 
29 
164 
90 
182 
52 
180 
138 
18 
89 
153 
184 
127 
164 
39 
114 
140 
130 
45 
29 
187 
118 
82 
155 
74 
27 
100 
60 
51 
158 
166 
148 
55 
109 
129 
91 
116 
153 
96 
139 
88 
26 
59 
29 
140 
105 
119 
3 
78 
143 
68 
79 
161 
76 
34 
113 
41 
91 
126 
7 
10 
95 
77 
17 
15 
107 
25 
89 
67 
3 
29 
167 
7 
51 
0 
137 
50 
133 
186 
143 
76 
16 
70 
15 
73 
144 
71 
1 
178 
92 
34 
141 
42 
122 
165 
41 
58 
30 
46 
67 
29 
25 
113 
3 
37 
112 
157 
42 
76 
160 
104 
163 
56 
121 
145 
86 
40 
14 
144 
33 
2 
95 
17 
15 
178 
138 
164 
167 
183 
47 
146 
177 
176 
60 
107 
136 
25 
118 
53 
173 
37 
55 
65 
24 
184 
153 
104 
94 
100 
70 
154 
17 
88 
36 
109 
59 
82 
171 
187 
71 
1 
160 
76 
147 
18 
133 
51 
9 
48 
91 
107 
99 
120 
38 
174 
106 
103 
186 
79 
165 
2 
94 
138 
123 
153 
125 
119 
103 
117 
95 
51 
55 
93 
184 
178 
108 
45 
126 
76 
29 
88 
42 
22 
27 
36 
6 
114 
62 
111 
78 
24 
17 
112 
56 
1 
122 
182 
180 
74 
123 
97 
108 
58 
47 
2 
68 
78 
28 
55 
18 
87 
136 
43 
160 
178 
154 
90 
126 
1 
99 
49 
88 
114 
148 
186 
146 
64 
17 
2 
14 
59 
93 
140 
153 
117 
137 
116 
57 
129 
31 
15 
92 
10 
71 
20 
81 
80 
148 
121 
61 
69 
170 
105 
39 
75 
36 
187 
153 
41 
26 
146 
130 
12 
97 
52 
61 
54 
69 
147 
92 
30 
174 
6 
136 
15 
76 
123 
16 
112 
68 
109 
115 
183 
49 
26 
60 
181 
141 
57 
93 
39 
147 
186 
136 
24 
125 
3 
86 
52 
84 
79 
80 
69 
178 
157 
142 
186 
166 
120 
38 
28 
107 
74 
47 
99 
52 
42 
98 
29 
1 
146 
84 
100 
14 
54 
22 
58 
157 
41 
26 
33 
154 
162 
137 
38 
173 
20 
91 
19 
158 
147 
153 
23 
63 
66 
46 
86 
31 
8 
102 
178 
48 
10 
70 
64 
112 
104 
5 
21 
111 
33 
145 
107 
160 
170 
65 
154 
165 
46 
3 
11 
28 
93 
72 
118 
76 
146 
12 
143 
87 
71 
162 
161 
125 
68 
132 
34 
65 
152 
22 
94 
70 
182 
26 
130 
166 
87 
180 
105 
110 
36 
89 
163 
14 
143 
98 
149 
178 
156 
139 
116 
155 
28 
151 
11 
153 
53 
140 
40 
67 
37 
7 
150 
145 
144 
162 
93 
112 
87 
114 
2 
119 
187 
124 
30 
148 
56 
29 
35 
70 
170 
99 
100 
62 
21 
165 
50 
52 
59 
28 
139 
80 
64 
130 
82 
75 
141 
168 
95 
91 
165 
115 
7 
102 
101 
97 
161 
49 
62 
149 
48 
119 
93 
4 
19 
98 
77 
184 
46 
94 
30 
105 
6 
120 
158 
97 
171 
166 
153 
135 
53 
81 
134 
38 
33 
52 
181 
156 
177 
101 
183 
55 
149 
71 
26 
70 
50 
40 
62 
84 
165 
69 
107 
166 
112 
11 
73 
27 
168 
37 
133 
89 
150 
153 
100 
79 
152 
181 
87 
143 
163 
154 
139 
118 
164 
131 
135 
57 
17 
63 
20 
109 
74 
66 
171 
22 
8 
134 
47 
151 
52 
174 
45 
140 
173 
78 
19 
73 
100 
132 
72 
151 
156 
180 
42 
106 
121 
185 
33 
40 
160 
183 
124 
139 
164 
133 
182 
147 
181 
27 
126 
141 
131 
14 
145 
99 
90 
166 
38 
29 
140 
165 
50 
150 
34 
59 
127 
17 
180 
143 
142 
182 
114 
26 
27 
70 
72 
7 
147 
23 
100 
170 
58 
0 
176 
125 
77 
81 
44 
83 
102 
156 
120 
161 
158 
75 
110 
34 
57 
46 
21 
97 
67 
111 
43 
47 
18 
0 
26 
102 
53 
153 
75 
92 
96 
172 
28 
143 
152 
62 
31 
178 
173 
140 
100 
162 
38 
76 
167 
160 
181 
36 
55 
99 
106 
132 
116 
108 
109 
64 
174 
72 
166 
73 
9 
145 
66 
110 
97 
144 
55 
28 
150 
80 
81 
100 
63 
74 
131 
115 
108 
156 
175 
60 
185 
166 
23 
143 
51 
69 
121 
152 
3 
110 
32 
80 
76 
144 
122 
1 
161 
53 
20 
47 
31 
2 
29 
55 
177 
83 
133 
91 
95 
105 
66 
114 
130 
150 
172 
93 
89 
136 
171 
42 
58 
102 
135 
49 
44 
168 
141 
7 
36 
169 
85 
164 
32 
47 
5 
155 
180 
125 
109 
38 
117 
147 
44 
84 
140 
47 
113 
26 
130 
65 
174 
120 
69 
181 
55 
95 
115 
101 
175 
104 
72 
118 
148 
135 
163 
98 
7 
144 
58 
109 
161 
11 
76 
127 
184 
46 
15 
92 
77 
82 
145 
31 
142 
65 
111 
89 
7 
27 
64 
10 
117 
123 
149 
36 
32 
21 
79 
150 
66 
100 
30 
151 
90 
75 
73 
95 
130 
40 
2 
43 
10 
146 
119 
37 
148 
116 
165 
6 
29 
70 
85 
97 
80 
153 
40 
159 
48 
19 
51 
55 
4 
77 
134 
181 
82 
49 
128 
122 
170 
54 
66 
84 
13 
16 
62 
101 
73 
1 
43 
123 
139 
85 
105 
110 
127 
59 
153 
149 
150 
64 
178 
61 
121 
92 
147 
102 
75 
40 
140 
72 
68 
154 
137 
54 
129 
78 
29 
135 
182 
84 
159 
35 
108 
121 
16 
10 
99 
57 
51 
146 
175 
160 
105 
150 
8 
98 
64 
94 
0 
77 
176 
184 
37 
180 
58 
110 
89 
49 
25 
137 
83 
39 
90 
67 
113 
69 
157 
70 
117 
149 
45 
80 
125 
151 
134 
62 
88 
66 
150 
35 
135 
9 
114 
19 
147 
2 
16 
41 
91 
149 
3 
4 
186 
116 
54 
106 
22 
68 
23 
73 
70 
75 
147 
160 
37 
96 
41 
171 
101 
124 
36 
176 
74 
154 
66 
117 
51 
77 
118 
102 
18 
31 
54 
122 
9 
160 
71 
52 
103 
150 
94 
18 
92 
87 
7 
73 
106 
14 
12 
153 
77 
97 
177 
52 
17 
183 
162 
79 
50 
91 
109 
155 
164 
149 
94 
93 
172 
104 
165 
46 
140 
51 
78 
154 
1 
58 
21 
150 
29 
45 
70 
162 
167 
88 
95 
184 
27 
75 
146 
90 
144 
2 
176 
37 
78 
137 
59 
94 
5 
121 
6 
101 
69 
156 
180 
99 
159 
145 
66 
185 
27 
95 
143 
56 
148 
123 
67 
97 
131 
65 
48 
57 
159 
141 
7 
119 
127 
99 
125 
126 
128 
174 
87 
139 
64 
168 
122 
76 
123 
187 
49 
53 
84 
0 
78 
81 
165 
6 
132 
116 
164 
80 
66 
4 
122 
106 
40 
173 
65 
51 
52 
147 
5 
141 
148 
64 
28 
22 
18 
172 
177 
91 
181 
121 
120 
103 
66 
45 
135 
8 
162 
83 
93 
111 
110 
172 
99 
158 
142 
42 
39 
128 
185 
133 
97 
183 
40 
122 
6 
172 
182 
49 
102 
116 
114 
106 
103 
94 
34 
144 
146 
4 
87 
99 
20 
131 
16 
9 
69 
79 
17 
18 
68 
151 
40 
97 
166 
95 
129 
108 
174 
182 
82 
107 
172 
173 
45 
157 
139 
23 
133 
169 
140 
138 
89 
161 
84 
49 
71 
24 
64 
186 
147 
178 
141 
21 
14 
80 
183 
53 
13 
119 
144 
98 
143 
104 
136 
10 
150 
18 
12 
2 
92 
83 
109 
23 
178 
112 
77 
86 
63 
57 
46 
75 
58 
30 
95 
94 
17 
15 
97 
165 
60 
6 
3 
43 
50 
63 
18 
29 
28 
145 
8 
164 
115 
159 
84 
89 
19 
82 
54 
180 
91 
178 
106 
5 
53 
35 
57 
116 
65 
118 
146 
88 
112 
151 
170 
16 
75 
84 
24 
153 
169 
33 
30 
103 
31 
67 
147 
137 
3 
79 
38 
95 
77 
168 
81 
47 
156 
101 
70 
153 
123 
71 
40 
92 
26 
17 
2 
52 
187 
141 
64 
94 
11 
14 
47 
54 
32 
74 
23 
140 
164 
147 
181 
28 
139 
93 
153 
22 
44 
4 
154 
175 
63 
171 
118 
127 
153 
186 
73 
30 
180 
161 
101 
162 
62 
36 
41 
153 
86 
129 
114 
139 
24 
167 
170 
43 
35 
172 
23 
119 
28 
66 
37 
133 
70 
149 
21 
159 
98 
165 
146 
164 
169 
171 
71 
0 
151 
129 
38 
182 
81 
103 
118 
140 
74 
23 
163 
91 
48 
64 
61 
142 
73 
145 
121 
58 
29 
43 
0 
25 
105 
135 
89 
75 
168 
164 
180 
72 
109 
95 
12 
136 
104 
143 
27 
157 
83 
14 
117 
103 
108 
162 
57 
109 
3 
14 
21 
25 
69 
11 
171 
137 
159 
92 
107 
169 
34 
39 
122 
139 
146 
167 
147 
95 
163 
83 
18 
49 
68 
7 
2 
33 
140 
147 
186 
134 
145 
132 
90 
111 
30 
53 
47 
33 
44 
80 
54 
110 
79 
147 
27 
2 
148 
161 
40 
168 
134 
31 
94 
103 
155 
150 
16 
101 
174 
143 
77 
97 
64 
33 
85 
47 
73 
74 
168 
95 
8 
157 
15 
147 
146 
37 
162 
12 
45 
112 
123 
187 
6 
110 
10 
2 
77 
160 
28 
42 
128 
179 
54 
114 
84 
1 
21 
167 
117 
39 
180 
63 
107 
79 
168 
132 
74 
147 
15 
46 
116 
81 
88 
6 
166 
127 
148 
54 
33 
10 
160 
15 
32 
161 
98 
6 
57 
27 
133 
109 
8 
48 
149 
186 
19 
151 
34 
165 
138 
69 
58 
134 
178 
89 
43 
97 
77 
85 
50 
2 
93 
177 
152 
114 
52 
105 
90 
112 
32 
82 
133 
3 
108 
36 
33 
135 
81 
67 
22 
180 
141 
66 
53 
94 
173 
154 
152 
29 
10 
125 
106 
184 
49 
123 
17 
136 
81 
102 
18 
96 
31 
155 
122 
186 
86 
121 
38 
46 
45 
48 
127 
149 
85 
16 
76 
41 
114 
186 
78 
44 
110 
118 
72 
9 
103 
80 
75 
119 
50 
133 
187 
98 
140 
55 
132 
95 
180 
22 
92 
126 
66 
28 
169 
155 
178 
86 
19 
143 
75 
112 
186 
51 
77 
104 
158 
33 
137 
68 
60 
90 
179 
143 
74 
89 
76 
99 
159 
6 
163 
2 
168 
15 
56 
26 
182 
78 
113 
150 
136 
37 
171 
118 
177 
146 
41 
13 
187 
38 
10 
122 
90 
72 
61 
134 
98 
89 
140 
158 
54 
74 
59 
171 
133 
163 
13 
68 
121 
6 
154 
33 
28 
169 
151 
131 
18 
16 
44 
101 
107 
95 
1 
134 
132 
152 
50 
15 
108 
83 
183 
16 
135 
120 
157 
161 
132 
100 
138 
18 
67 
53 
129 
150 
94 
158 
10 
11 
154 
41 
72 
64 
120 
121 
58 
112 
44 
52 
161 
111 
59 
5 
139 
153 
83 
171 
22 
159 
164 
141 
50 
82 
103 
154 
13 
152 
55 
165 
151 
115 
42 
70 
90 
176 
75 
140 
153 
21 
28 
106 
47 
187 
113 
74 
95 
170 
138 
84 
166 
174 
156 
44 
161 
118 
136 
145 
187 
92 
75 
16 
88 
104 
74 
0 
155 
97 
131 
120 
76 
174 
57 
171 
29 
132 
122 
85 
28 
37 
30 
83 
111 
168 
44 
88 
95 
152 
41 
149 
67 
63 
118 
130 
100 
33 
54 
135 
101 
108 
147 
56 
157 
131 
19 
63 
102 
163 
114 
137 
184 
87 
26 
78 
44 
176 
89 
7 
172 
149 
127 
16 
148 
42 
8 
137 
109 
48 
186 
100 
19 
69 
6 
133 
156 
2 
15 
139 
159 
121 
45 
25 
12 
143 
42 
1 
166 
5 
146 
57 
136 
94 
82 
26 
186 
130 
72 
13 
140 
161 
102 
156 
28 
76 
154 
147 
23 
56 
73 
158 
155 
34 
168 
91 
122 
57 
90 
124 
8 
94 
1 
109 
108 
16 
152 
173 
178 
93 
77 
32 
133 
99 
113 
172 
101 
58 
51 
128 
27 
30 
49 
173 
126 
93 
46 
122 
68 
81 
79 
74 
135 
170 
17 
120 
80 
131 
143 
48 
164 
161 
37 
104 
156 
10 
57 
85 
70 
68 
170 
96 
160 
133 
107 
184 
139 
182 
93 
47 
21 
74 
75 
120 
49 
149 
12 
68 
6 
34 
48 
90 
115 
114 
1 
132 
121 
145 
91 
71 
176 
8 
122 
20 
116 
137 
41 
58 
94 
59 
152 
110 
46 
10 
51 
45 
151 
107 
133 
109 
148 
89 
