38
39
36
35
30
36
39
26
46
39
26
29
42
31
29
36
33
34
31
32
28
36
37
23
33
41
34
44
45
39
33
27
27
35
33
33
39
37
49
33
31
44
41
19
38
30
33
31
41
32
40
43
32
45
34
28
34
37
36
32
36
33
35
41
30
33
37
50
35
43
43
32
25
32
31
40
51
31
35
34
43
32
29
27
32
31
29
41
37
27
42
26
38
41
35
37
35
40
34
39
22
27
30
34
31
43
32
35
32
35
33
36
30
36
50
43
40
32
44
29
34
38
33
34
32
22
31
44
26
33
35
49
32
30
38
44
23
38
40
44
41
35
35
30
30
28
23
36
22
28
36
35
35
36
31
35
53
33
33
27
46
39
48
37
26
34
38
34
40
44
25
34
36
30
52
39
44
26
41
28
41
39
48
41
29
34
29
30
