23
27
18
19
28
24
20
22
22
23
23
21
22
27
24
21
21
24
24
25
26
22
29
28
23
27
18
25
21
23
18
26
22
20
25
24
27
24
22
23
21
23
19
23
25
23
22
27
21
22
19
21
17
18
16
21
25
25
29
25
25
24
27
25
23
25
28
27
20
24
26
24
22
15
21
21
20
24
22
20
24
23
25
22
27
28
22
21
23
26
27
16
29
19
23
26
26
26
21
23
26
21
25
24
25
23
25
29
24
22
26
23
23
30
29
25
20
24
22
27
22
24
22
22
24
27
17
20
26
23
21
23
26
26
22
20
18
22
18
25
25
26
25
24
24
25
28
24
21
21
22
22
23
24
25
26
27
27
26
22
23
21
20
23
25
21
20
27
21
24
27
21
19
19
27
25
24
23
29
26
28
19
18
26
25
23
20
22
28
21
24
27
21
23
25
24
26
24
27
22
21
23
26
18
28
27
21
24
23
33
19
26
21
25
21
24
26
22
22
25
20
20
29
22
24
26
25
23
25
22
22
23
26
26
24
29
20
29
31
21
24
26
22
23
24
25
27
24
19
25
24
22
24
22
22
22
23
25
25
26
20
23
14
25
26
25
24
29
23
24
24
23
23
24
24
15
24
23
23
20
23
20
24
21
18
22
22
22
27
25
22
25
24
21
23
22
26
23
18
23
26
22
29
26
18
22
23
22
25
22
24
20
27
27
22
22
19
26
23
27
25
21
24
21
23
23
18
26
21
23
21
25
20
25
25
25
28
18
22
23
22
24
24
29
25
23
22
24
23
25
20
29
20
19
22
21
22
23
26
25
23
20
23
22
24
18
23
20
24
24
29
22
27
27
24
21
19
23
26
27
25
19
24
22
24
25
20
22
20
20
21
23
20
26
23
21
27
17
23
20
17
19
24
21
24
28
23
31
27
22
25
27
22
25
22
23
24
25
27
26
26
22
20
28
25
25
22
22
31
30
21
23
27
24
26
21
21
24
24
22
26
19
26
23
23
23
25
20
23
22
26
28
27
24
21
26
22
26
18
22
22
26
22
23
24
25
29
23
22
23
28
26
29
20
22
22
25
24
25
24
23
21
23
25
19
26
23
19
23
24
18
24
22
18
24
22
23
24
22
21
21
22
25
23
21
22
20
22
23
21
27
20
22
25
29
22
20
24
22
24
25
21
24
27
19
22
25
22
22
27
19
23
27
27
25
24
24
19
20
21
25
27
17
22
17
19
24
23
26
24
27
22
24
20
23
27
21
22
25
27
25
24
20
23
17
20
20
25
25
20
26
25
24
18
25
20
22
23
25
19
22
23
22
21
26
25
24
25
25
22
25
25
24
29
27
20
21
23
21
23
19
22
24
19
23
25
22
16
24
24
25
28
23
22
30
23
21
23
18
23
27
26
17
24
23
24
22
20
25
25
20
23
23
22
23
27
20
26
27
21
19
21
22
26
23
28
23
24
30
21
22
23
24
21
22
20
21
23
26
20
27
20
25
22
23
21
23
27
20
26
22
23
27
21
24
27
15
19
24
24
27
22
23
25
25
17
33
31
24
20
19
27
21
29
20
22
32
29
27
27
23
18
26
22
22
19
22
17
17
31
25
24
20
23
22
24
26
24
25
23
24
23
22
17
19
24
22
23
17
25
26
21
23
25
21
16
26
21
22
25
18
27
22
24
22
21
21
25
21
24
22
23
25
26
23
20
22
25
19
21
23
26
24
25
18
25
25
21
23
27
26
22
27
27
22
20
26
27
18
24
25
25
24
20
23
23
26
14
22
21
22
35
24
26
22
17
24
26
23
22
23
21
24
22
23
23
24
22
26
21
21
20
26
27
24
25
18
24
24
25
26
23
17
20
19
17
17
21
19
27
30
21
19
25
24
22
23
25
26
23
24
21
21
20
21
26
24
28
27
25
23
26
25
17
26
21
25
23
26
25
21
21
25
22
22
22
21
20
28
24
19
24
23
28
24
28
25
27
22
26
24
21
25
20
19
26
24
27
19
24
18
25
28
20
27
23
24
18
26
23
25
22
28
20
20
28
24
23
25
24
22
24
23
22
22
21
23
27
19
25
25
25
27
20
26
22
25
24
22
22
23
25
26
20
20
22
23
23
20
23
22
26
29
26
22
21
21
24
24
30
23
26
22
26
27
23
22
24
26
22
20
23
16
26
27
23
26
22
25
25
25
23
25
24
23
22
25
20
19
25
20
22
25
22
23
27
28
28
28
25
22
23
25
27
25
23
22
28
25
29
18
20
19
18
25
20
22
18
27
24
29
25
24
26
27
24
25
26
27
25
28
22
23
26
20
26
22
25
19
25
20
26
25
26
22
23
20
18
24
18
19
22
28
23
26
19
20
21
25
23
23
26
24
23
24
21
24
20
19
25
25
21
