75 
932 
1019 
1089 
750 
539 
586 
141 
412 
679 
225 
159 
711 
445 
631 
1224 
1175 
386 
72 
787 
998 
807 
87 
931 
383 
653 
1047 
590 
527 
948 
682 
808 
324 
218 
820 
1121 
182 
565 
536 
1136 
224 
34 
806 
788 
850 
641 
1210 
1080 
82 
544 
529 
785 
494 
86 
939 
522 
49 
434 
30 
292 
1034 
9 
1052 
711 
271 
576 
252 
619 
1197 
293 
45 
460 
215 
89 
646 
208 
160 
960 
226 
327 
933 
897 
272 
7 
963 
320 
1153 
723 
108 
855 
157 
972 
496 
1143 
1029 
518 
767 
869 
1077 
302 
703 
143 
18 
763 
1202 
1112 
1145 
824 
1072 
1189 
797 
210 
865 
885 
880 
139 
818 
916 
733 
387 
707 
863 
562 
94 
951 
1000 
370 
877 
429 
535 
794 
722 
770 
66 
341 
1221 
288 
462 
446 
526 
1234 
237 
1182 
102 
625 
1208 
762 
1232 
610 
766 
508 
42 
981 
235 
257 
654 
881 
1207 
310 
627 
464 
606 
673 
918 
350 
1217 
1025 
127 
37 
1067 
2 
826 
997 
27 
440 
917 
1119 
1094 
805 
617 
932 
944 
349 
449 
244 
843 
238 
1086 
1044 
419 
651 
28 
1096 
804 
248 
742 
84 
1016 
1178 
936 
158 
509 
375 
757 
482 
414 
1055 
430 
472 
194 
83 
540 
835 
853 
1220 
368 
93 
623 
287 
364 
648 
1125 
491 
441 
758 
1166 
859 
372 
533 
189 
36 
221 
458 
614 
461 
73 
233 
560 
502 
1233 
753 
353 
817 
579 
5 
1224 
1112 
222 
483 
314 
82 
116 
631 
1000 
143 
1196 
1185 
994 
590 
230 
343 
531 
602 
657 
370 
180 
547 
272 
11 
1175 
439 
729 
600 
481 
355 
398 
253 
973 
935 
788 
13 
381 
476 
884 
494 
592 
647 
1188 
453 
142 
669 
362 
182 
1186 
153 
1154 
570 
519 
771 
523 
534 
300 
1021 
749 
1180 
1073 
713 
732 
46 
1171 
852 
204 
122 
287 
356 
585 
164 
77 
918 
120 
663 
668 
558 
55 
950 
492 
1036 
728 
488 
984 
980 
1065 
86 
860 
331 
794 
3 
158 
533 
323 
448 
988 
183 
838 
296 
923 
461 
726 
750 
424 
411 
242 
48 
1042 
556 
886 
341 
557 
1162 
1163 
1190 
271 
1078 
254 
561 
546 
739 
819 
922 
342 
259 
475 
103 
351 
399 
349 
1002 
625 
693 
609 
116 
97 
753 
825 
778 
233 
775 
1025 
95 
312 
332 
643 
654 
307 
23 
978 
346 
268 
616 
455 
573 
1000 
914 
235 
445 
157 
837 
1173 
330 
1001 
540 
662 
1228 
1222 
1210 
934 
895 
853 
634 
564 
397 
751 
979 
465 
131 
70 
807 
691 
281 
493 
7 
404 
207 
645 
315 
846 
171 
904 
863 
278 
1174 
115 
772 
1164 
11 
902 
1159 
483 
353 
5 
112 
1107 
580 
757 
1179 
500 
1022 
1194 
174 
249 
442 
303 
1008 
243 
100 
233 
605 
381 
952 
579 
1068 
961 
677 
298 
327 
1166 
938 
191 
1201 
81 
1207 
1099 
968 
1161 
811 
790 
923 
1065 
14 
1003 
727 
522 
568 
356 
370 
4 
313 
254 
958 
761 
898 
986 
723 
1127 
218 
1028 
521 
574 
485 
180 
129 
572 
1051 
124 
1205 
821 
16 
693 
304 
699 
817 
173 
663 
615 
1074 
848 
836 
53 
906 
322 
148 
707 
845 
867 
476 
640 
1070 
1157 
28 
639 
1053 
342 
558 
912 
1141 
439 
394 
533 
597 
840 
175 
125 
701 
1180 
1122 
354 
520 
1071 
1046 
454 
94 
908 
880 
540 
435 
18 
888 
869 
464 
417 
828 
183 
1156 
899 
136 
225 
1023 
303 
1150 
267 
421 
1202 
1226 
589 
588 
856 
617 
482 
352 
343 
1032 
530 
583 
5 
126 
1198 
1182 
261 
1208 
851 
1052 
216 
174 
1124 
926 
578 
948 
786 
895 
68 
166 
402 
770 
932 
434 
399 
1149 
602 
344 
595 
649 
1090 
605 
1211 
564 
76 
452 
517 
728 
977 
782 
302 
521 
901 
400 
546 
1080 
392 
323 
1230 
676 
1067 
668 
14 
945 
789 
872 
512 
1177 
669 
360 
732 
1155 
490 
359 
889 
882 
565 
191 
1046 
27 
1109 
263 
1098 
757 
430 
909 
170 
661 
1044 
1150 
300 
306 
596 
157 
767 
745 
1167 
276 
751 
104 
432 
204 
308 
581 
121 
320 
1066 
15 
1152 
4 
1012 
1232 
63 
587 
454 
2 
456 
1178 
179 
496 
1158 
286 
131 
30 
1051 
173 
225 
442 
79 
169 
1184 
428 
5 
535 
707 
102 
1074 
1218 
266 
1174 
1056 
282 
195 
838 
311 
404 
370 
1055 
954 
241 
394 
1128 
346 
1070 
336 
344 
1024 
780 
802 
696 
260 
958 
412 
624 
659 
720 
393 
468 
190 
740 
75 
970 
913 
66 
405 
1082 
667 
137 
898 
45 
426 
1104 
240 
1084 
805 
132 
511 
759 
338 
461 
223 
243 
902 
1135 
989 
957 
635 
224 
611 
1226 
662 
1043 
560 
323 
258 
1207 
864 
362 
897 
681 
549 
792 
299 
702 
998 
355 
325 
162 
111 
1019 
569 
366 
369 
991 
286 
683 
675 
484 
666 
351 
1005 
1 
236 
994 
664 
684 
537 
694 
947 
971 
935 
985 
209 
316 
1159 
960 
234 
466 
689 
512 
933 
775 
1083 
77 
729 
1072 
1190 
487 
255 
321 
1010 
524 
977 
936 
1213 
350 
473 
892 
1044 
533 
267 
867 
179 
1081 
546 
722 
418 
948 
1018 
1112 
999 
727 
1015 
199 
29 
781 
725 
924 
637 
514 
343 
588 
82 
1115 
860 
1144 
1136 
349 
1162 
312 
1086 
679 
256 
132 
227 
1212 
203 
709 
582 
554 
631 
422 
295 
891 
276 
1038 
532 
713 
469 
868 
337 
1063 
346 
539 
523 
333 
766 
944 
1226 
1210 
803 
63 
14 
600 
1119 
248 
351 
237 
579 
930 
1085 
314 
550 
184 
1009 
1025 
613 
221 
215 
30 
849 
258 
387 
208 
559 
148 
134 
584 
511 
928 
374 
529 
589 
359 
703 
297 
424 
1132 
657 
457 
827 
90 
842 
804 
678 
167 
146 
563 
833 
54 
551 
399 
668 
714 
427 
470 
1228 
417 
962 
1185 
734 
103 
140 
1030 
1141 
361 
553 
626 
20 
313 
401 
651 
257 
599 
290 
363 
15 
858 
966 
697 
922 
976 
653 
766 
936 
303 
1184 
1148 
501 
412 
197 
1195 
515 
583 
544 
492 
274 
432 
1199 
285 
474 
364 
571 
228 
646 
69 
74 
477 
115 
28 
1031 
927 
341 
149 
534 
953 
1107 
465 
860 
217 
269 
510 
162 
159 
903 
413 
172 
1178 
699 
1105 
210 
864 
106 
1088 
488 
963 
345 
479 
910 
469 
98 
266 
522 
988 
312 
727 
1082 
517 
1201 
1097 
475 
708 
114 
231 
439 
1073 
784 
1000 
1032 
825 
834 
157 
527 
632 
982 
572 
424 
625 
709 
214 
1215 
431 
59 
928 
1113 
445 
728 
863 
1023 
1210 
879 
672 
1125 
1040 
480 
1165 
525 
259 
959 
1216 
1 
450 
1067 
989 
354 
564 
72 
850 
346 
280 
824 
765 
1015 
91 
751 
222 
678 
389 
697 
675 
873 
361 
40 
140 
205 
583 
985 
337 
1146 
198 
240 
414 
11 
241 
1227 
570 
848 
1002 
167 
594 
745 
77 
775 
246 
1192 
17 
142 
89 
1003 
508 
976 
651 
1218 
555 
200 
531 
1081 
180 
752 
292 
742 
36 
1195 
286 
298 
493 
265 
285 
157 
946 
870 
297 
571 
92 
1223 
124 
496 
283 
1234 
697 
711 
445 
231 
277 
693 
821 
421 
221 
235 
260 
168 
609 
352 
376 
567 
694 
834 
1103 
522 
936 
668 
701 
1183 
1044 
492 
1190 
826 
719 
996 
664 
934 
1092 
368 
98 
444 
1201 
271 
398 
867 
182 
794 
1088 
318 
467 
523 
1215 
514 
310 
323 
1032 
159 
940 
895 
653 
560 
616 
521 
236 
646 
615 
1131 
66 
595 
1015 
184 
573 
1135 
425 
1141 
756 
877 
764 
28 
454 
1112 
118 
188 
1129 
485 
835 
1214 
1031 
1139 
383 
978 
87 
1095 
121 
122 
638 
721 
985 
39 
105 
27 
585 
807 
176 
625 
17 
208 
220 
439 
661 
385 
713 
410 
1229 
687 
406 
281 
494 
590 
561 
345 
1051 
256 
417 
519 
809 
1062 
516 
35 
544 
440 
822 
657 
198 
831 
994 
825 
734 
768 
915 
964 
912 
1018 
367 
603 
662 
1234 
372 
722 
71 
758 
902 
343 
192 
191 
548 
592 
413 
279 
302 
568 
871 
488 
803 
972 
636 
244 
432 
461 
839 
209 
589 
613 
729 
1228 
329 
239 
134 
526 
681 
237 
821 
989 
785 
962 
813 
709 
541 
695 
427 
1180 
162 
301 
612 
1121 
1126 
480 
489 
1032 
656 
276 
1200 
1127 
55 
113 
1106 
342 
29 
736 
1081 
1072 
797 
1040 
722 
76 
882 
1147 
796 
1202 
363 
690 
1093 
987 
648 
643 
323 
463 
930 
720 
757 
898 
818 
875 
1083 
832 
183 
210 
1182 
1141 
932 
842 
17 
1170 
112 
345 
730 
706 
1176 
380 
852 
983 
1079 
551 
280 
885 
189 
782 
85 
104 
1032 
1063 
122 
1188 
334 
843 
533 
434 
325 
713 
368 
824 
513 
1089 
534 
913 
828 
975 
970 
254 
495 
599 
128 
457 
132 
1118 
802 
659 
972 
373 
369 
873 
554 
304 
1169 
982 
71 
382 
1059 
694 
1161 
427 
1172 
356 
759 
141 
137 
7 
1189 
478 
687 
415 
880 
866 
389 
744 
794 
249 
796 
721 
418 
548 
1195 
935 
601 
583 
398 
648 
799 
591 
1152 
306 
1167 
1112 
1165 
688 
727 
292 
1198 
1206 
383 
946 
98 
451 
261 
285 
1204 
645 
697 
411 
1196 
353 
422 
665 
716 
1023 
1123 
384 
1125 
328 
966 
297 
489 
566 
221 
46 
838 
765 
977 
965 
1209 
230 
134 
224 
929 
1148 
1126 
699 
948 
404 
223 
400 
1214 
821 
773 
287 
1120 
234 
316 
1174 
464 
102 
619 
903 
369 
19 
378 
1177 
1020 
735 
1185 
1211 
1071 
1131 
593 
486 
771 
684 
511 
304 
446 
1190 
360 
169 
677 
444 
1222 
237 
282 
548 
362 
944 
638 
311 
1228 
494 
1219 
1100 
602 
73 
1194 
79 
865 
386 
549 
848 
18 
24 
317 
419 
393 
990 
32 
583 
764 
804 
1081 
1026 
108 
768 
11 
1073 
604 
925 
714 
1086 
337 
1117 
1225 
379 
824 
160 
1122 
694 
676 
611 
689 
789 
682 
667 
547 
13 
1159 
794 
844 
946 
815 
1017 
582 
736 
1202 
911 
834 
217 
21 
475 
841 
76 
156 
295 
826 
913 
675 
555 
117 
881 
1000 
1208 
817 
16 
617 
1214 
12 
1186 
1047 
563 
699 
1134 
424 
1032 
1036 
390 
621 
504 
746 
526 
407 
204 
229 
616 
138 
747 
531 
1102 
88 
364 
1056 
981 
146 
233 
363 
1031 
757 
1180 
670 
977 
319 
33 
613 
938 
732 
129 
491 
183 
1093 
1080 
1006 
230 
214 
466 
665 
767 
488 
105 
235 
543 
193 
702 
270 
158 
221 
94 
446 
112 
1137 
104 
305 
493 
451 
211 
331 
900 
315 
423 
428 
304 
1002 
140 
279 
256 
1128 
631 
261 
1048 
215 
1101 
888 
283 
609 
1177 
317 
148 
58 
1131 
79 
1132 
626 
182 
592 
437 
556 
926 
939 
1228 
927 
342 
465 
516 
662 
1164 
242 
711 
159 
946 
499 
1186 
396 
469 
1061 
886 
340 
156 
1126 
1205 
645 
447 
1060 
67 
954 
426 
601 
384 
416 
1065 
255 
838 
793 
1055 
330 
962 
827 
551 
173 
335 
1104 
756 
461 
312 
1148 
235 
27 
209 
869 
1175 
1214 
581 
661 
522 
689 
1117 
545 
360 
638 
631 
1133 
17 
579 
290 
826 
297 
260 
575 
694 
779 
972 
934 
539 
647 
586 
487 
1191 
319 
688 
557 
744 
76 
807 
1225 
162 
596 
34 
1140 
30 
86 
389 
58 
322 
874 
1168 
1181 
553 
68 
473 
755 
399 
812 
1061 
14 
1007 
160 
307 
422 
941 
448 
716 
583 
454 
698 
614 
78 
765 
576 
190 
458 
1016 
820 
151 
849 
432 
472 
558 
753 
598 
1104 
429 
244 
1066 
497 
634 
839 
284 
194 
611 
306 
754 
711 
806 
251 
317 
188 
70 
447 
74 
1139 
727 
52 
127 
101 
867 
561 
184 
1194 
492 
639 
741 
621 
430 
224 
697 
382 
1077 
1203 
99 
394 
337 
232 
180 
129 
672 
240 
626 
656 
1091 
505 
408 
879 
889 
172 
24 
720 
992 
815 
1060 
871 
523 
29 
213 
1084 
988 
470 
1076 
970 
36 
527 
775 
48 
1133 
195 
526 
296 
98 
1026 
811 
186 
340 
202 
1111 
41 
10 
1204 
319 
396 
405 
730 
183 
440 
469 
913 
346 
1074 
301 
17 
1157 
241 
406 
1082 
94 
102 
633 
1052 
1030 
929 
859 
1087 
1148 
43 
900 
354 
907 
609 
1002 
88 
451 
553 
684 
39 
555 
881 
1085 
459 
40 
25 
675 
1093 
283 
542 
792 
254 
309 
956 
512 
119 
362 
286 
752 
997 
234 
1036 
930 
923 
985 
991 
1205 
402 
738 
1055 
721 
510 
295 
203 
405 
925 
415 
765 
1108 
1033 
432 
790 
417 
197 
468 
211 
247 
776 
1084 
1023 
151 
427 
904 
1169 
152 
578 
15 
605 
1201 
816 
392 
955 
623 
1098 
1028 
316 
95 
448 
60 
257 
28 
782 
226 
876 
987 
480 
1183 
896 
1162 
1049 
840 
959 
1025 
907 
678 
767 
681 
977 
1203 
133 
438 
178 
620 
588 
436 
256 
746 
916 
497 
141 
1222 
743 
587 
30 
1045 
1126 
358 
637 
733 
1145 
54 
37 
1211 
1216 
1163 
654 
337 
890 
864 
80 
88 
84 
207 
224 
225 
109 
631 
909 
112 
70 
182 
692 
310 
875 
212 
672 
747 
55 
327 
950 
361 
806 
493 
652 
446 
742 
773 
643 
833 
865 
567 
760 
1171 
1153 
488 
1156 
889 
1102 
307 
482 
126 
33 
670 
289 
1005 
876 
718 
1083 
789 
586 
545 
97 
937 
133 
232 
797 
948 
374 
367 
910 
186 
1074 
476 
498 
187 
223 
155 
772 
324 
580 
926 
503 
1115 
923 
991 
858 
159 
345 
255 
228 
85 
1184 
861 
489 
573 
338 
1181 
376 
458 
392 
385 
996 
677 
301 
266 
822 
1063 
229 
279 
158 
596 
202 
594 
827 
555 
576 
440 
886 
65 
802 
903 
81 
299 
76 
1194 
885 
636 
891 
240 
1044 
958 
524 
451 
824 
967 
552 
800 
583 
1189 
504 
541 
1026 
1031 
280 
326 
467 
1223 
728 
770 
724 
981 
56 
492 
327 
564 
608 
787 
659 
719 
312 
51 
502 
978 
859 
1168 
1122 
246 
113 
107 
656 
700 
501 
1206 
1050 
758 
567 
713 
768 
844 
654 
894 
150 
161 
453 
1111 
309 
738 
1123 
1204 
428 
705 
598 
896 
436 
837 
329 
1046 
147 
779 
1060 
1092 
190 
293 
265 
498 
514 
251 
578 
840 
834 
754 
326 
532 
867 
847 
691 
460 
732 
925 
48 
761 
314 
788 
55 
559 
243 
611 
257 
900 
635 
1016 
986 
827 
1021 
484 
269 
585 
584 
165 
1039 
623 
876 
214 
667 
163 
1133 
1015 
371 
181 
579 
121 
1189 
877 
962 
1233 
220 
254 
1126 
1052 
153 
1036 
920 
586 
229 
1122 
825 
802 
219 
1185 
991 
634 
575 
1177 
690 
398 
964 
1031 
1103 
125 
1001 
728 
809 
716 
1136 
549 
1004 
435 
527 
652 
241 
194 
757 
789 
487 
971 
382 
378 
612 
188 
149 
337 
195 
836 
755 
432 
700 
213 
526 
628 
593 
56 
703 
1229 
376 
1029 
558 
310 
174 
823 
689 
317 
162 
284 
469 
206 
736 
333 
428 
1002 
749 
1084 
233 
497 
1214 
415 
264 
211 
90 
262 
602 
51 
784 
334 
138 
576 
1043 
436 
821 
1078 
74 
960 
1142 
1012 
900 
296 
932 
14 
1017 
368 
1221 
32 
1175 
110 
921 
790 
760 
256 
1132 
934 
302 
326 
752 
148 
418 
354 
535 
661 
555 
1106 
942 
731 
936 
870 
883 
1165 
707 
797 
972 
697 
23 
893 
44 
1023 
1067 
1179 
457 
623 
1123 
430 
178 
482 
673 
412 
672 
398 
107 
1048 
381 
962 
253 
359 
1176 
166 
1151 
874 
981 
1101 
704 
135 
963 
1069 
274 
844 
431 
60 
492 
86 
765 
324 
328 
740 
1198 
923 
116 
171 
776 
778 
571 
626 
1031 
1120 
475 
975 
1072 
706 
717 
849 
973 
999 
1043 
413 
272 
1213 
104 
795 
126 
985 
625 
900 
1219 
726 
1232 
200 
992 
378 
877 
1086 
399 
1076 
284 
352 
347 
641 
881 
128 
332 
756 
630 
742 
156 
1016 
727 
496 
463 
1181 
360 
414 
796 
1083 
971 
1024 
990 
808 
762 
435 
1147 
620 
366 
64 
112 
134 
423 
940 
768 
953 
1221 
35 
554 
166 
243 
1039 
1167 
862 
1042 
1110 
883 
306 
503 
699 
663 
690 
563 
715 
654 
165 
680 
828 
162 
1196 
873 
91 
313 
415 
1041 
868 
974 
151 
603 
723 
79 
311 
43 
1021 
398 
27 
393 
907 
761 
741 
123 
489 
523 
74 
961 
911 
281 
771 
702 
334 
137 
622 
536 
742 
791 
938 
181 
784 
714 
1225 
1066 
380 
545 
231 
87 
674 
328 
730 
1032 
270 
1198 
588 
980 
1127 
945 
1152 
194 
829 
608 
586 
133 
222 
1018 
542 
322 
582 
1058 
681 
713 
619 
1185 
801 
555 
1099 
457 
521 
278 
617 
459 
142 
154 
259 
722 
492 
132 
245 
108 
150 
112 
643 
289 
29 
236 
638 
177 
652 
660 
16 
978 
90 
1140 
691 
320 
546 
41 
594 
808 
211 
1025 
391 
743 
267 
1110 
651 
884 
625 
8 
1114 
606 
428 
693 
1210 
47 
170 
791 
379 
516 
1046 
871 
1072 
1038 
1076 
205 
1115 
756 
872 
970 
436 
515 
1145 
1091 
1215 
784 
677 
453 
420 
644 
153 
46 
983 
1092 
491 
269 
455 
1047 
308 
604 
300 
1174 
229 
576 
146 
135 
855 
1060 
941 
235 
114 
93 
687 
1175 
461 
100 
152 
886 
1144 
1121 
176 
154 
1078 
195 
1058 
607 
317 
536 
505 
348 
1187 
740 
390 
858 
225 
933 
440 
199 
1228 
291 
586 
354 
787 
162 
926 
709 
1204 
307 
660 
437 
893 
1194 
938 
925 
389 
877 
715 
632 
638 
1101 
1089 
26 
249 
182 
167 
159 
816 
921 
403 
1074 
874 
84 
655 
205 
773 
1174 
1183 
464 
1008 
371 
458 
429 
901 
224 
1211 
689 
45 
1178 
1104 
538 
209 
911 
735 
662 
782 
1001 
23 
105 
1156 
180 
596 
1073 
698 
1172 
1106 
1165 
602 
783 
606 
951 
201 
509 
514 
791 
25 
928 
965 
1197 
319 
1171 
724 
91 
705 
839 
169 
218 
474 
1131 
1037 
1134 
99 
771 
1219 
279 
1175 
185 
339 
712 
18 
232 
296 
585 
993 
859 
582 
843 
420 
768 
388 
943 
366 
578 
284 
263 
597 
1166 
913 
1120 
359 
860 
1009 
373 
492 
1170 
812 
1080 
323 
961 
79 
3 
318 
320 
955 
404 
862 
1161 
697 
950 
680 
1040 
156 
752 
1005 
981 
473 
723 
779 
848 
260 
244 
189 
927 
907 
164 
8 
434 
198 
998 
559 
655 
997 
573 
245 
175 
845 
171 
580 
995 
764 
1085 
716 
78 
363 
781 
147 
213 
1 
598 
33 
805 
97 
1118 
450 
25 
1172 
505 
275 
243 
311 
230 
462 
767 
152 
614 
1177 
811 
449 
317 
135 
67 
884 
925 
211 
469 
1030 
237 
566 
89 
873 
44 
1032 
468 
935 
417 
874 
735 
287 
1192 
817 
1024 
546 
1190 
297 
10 
784 
810 
15 
128 
971 
131 
367 
623 
395 
777 
130 
1090 
371 
1125 
933 
351 
976 
1155 
189 
896 
738 
175 
155 
220 
748 
225 
1063 
460 
72 
339 
988 
800 
1123 
888 
244 
745 
991 
1074 
79 
740 
396 
850 
413 
851 
281 
364 
57 
604 
696 
252 
678 
399 
707 
670 
617 
509 
528 
639 
253 
607 
312 
26 
806 
165 
327 
32 
361 
664 
835 
931 
421 
1037 
1234 
272 
650 
1049 
77 
624 
1105 
179 
180 
88 
960 
994 
128 
722 
18 
956 
148 
871 
1005 
894 
541 
593 
227 
108 
1081 
434 
694 
974 
390 
615 
679 
919 
733 
575 
804 
688 
497 
386 
985 
581 
144 
928 
295 
1083 
706 
1006 
856 
172 
93 
542 
737 
619 
28 
248 
916 
530 
254 
659 
683 
350 
727 
70 
1095 
1110 
1008 
119 
178 
689 
191 
90 
470 
440 
228 
41 
1213 
16 
967 
897 
1102 
197 
429 
247 
610 
22 
185 
932 
467 
944 
992 
115 
1087 
602 
965 
1218 
977 
211 
485 
507 
781 
1057 
1205 
668 
332 
563 
935 
625 
777 
60 
426 
1116 
324 
990 
174 
913 
433 
505 
1054 
222 
520 
648 
586 
878 
156 
731 
443 
1143 
112 
545 
418 
200 
319 
1190 
740 
868 
36 
1064 
551 
19 
579 
127 
1215 
728 
1156 
597 
205 
1071 
684 
574 
208 
1024 
162 
487 
140 
1200 
1063 
951 
899 
491 
1067 
1003 
363 
199 
694 
365 
1207 
927 
59 
577 
496 
202 
346 
235 
569 
819 
617 
1038 
984 
1123 
872 
277 
372 
584 
145 
258 
663 
428 
559 
751 
1225 
399 
638 
980 
986 
1161 
410 
802 
805 
12 
456 
240 
652 
1044 
959 
1146 
845 
686 
1062 
589 
975 
543 
705 
1047 
882 
615 
343 
768 
531 
715 
497 
268 
591 
1075 
1124 
719 
623 
1182 
529 
314 
706 
554 
94 
173 
108 
648 
871 
1014 
169 
351 
89 
1056 
216 
516 
957 
727 
219 
164 
465 
38 
763 
674 
462 
1135 
7 
655 
732 
411 
575 
1102 
385 
1005 
736 
398 
534 
328 
826 
44 
1170 
93 
495 
586 
74 
1103 
340 
474 
832 
201 
1017 
703 
1136 
881 
45 
246 
1051 
1203 
320 
757 
325 
754 
953 
771 
911 
1020 
1060 
680 
812 
1152 
1013 
650 
945 
1059 
283 
960 
955 
1139 
644 
392 
1035 
602 
233 
1233 
1065 
457 
501 
455 
1120 
1086 
649 
476 
857 
877 
313 
470 
943 
647 
891 
862 
72 
900 
276 
983 
1207 
522 
275 
932 
1227 
607 
471 
747 
297 
300 
549 
769 
269 
526 
36 
452 
299 
1091 
588 
1221 
851 
56 
318 
377 
391 
362 
1166 
46 
337 
435 
247 
577 
441 
688 
1068 
317 
933 
348 
748 
503 
598 
1089 
1189 
109 
667 
626 
830 
82 
834 
407 
40 
562 
715 
752 
1003 
145 
1033 
418 
1184 
507 
899 
462 
1066 
1200 
820 
631 
343 
185 
799 
1162 
342 
372 
456 
408 
466 
585 
216 
630 
393 
742 
345 
401 
1054 
794 
370 
246 
868 
589 
931 
398 
37 
126 
1182 
49 
242 
436 
454 
1211 
1161 
125 
887 
421 
657 
1085 
601 
808 
264 
340 
89 
922 
749 
845 
261 
633 
915 
1143 
235 
228 
675 
1112 
737 
87 
1071 
31 
575 
274 
1048 
495 
209 
199 
55 
1074 
1070 
617 
69 
1176 
41 
54 
614 
564 
743 
661 
954 
1127 
419 
969 
985 
380 
148 
395 
208 
791 
348 
1186 
1028 
960 
434 
1089 
881 
616 
13 
552 
268 
11 
1054 
427 
1138 
1174 
795 
955 
125 
649 
26 
721 
129 
883 
980 
775 
296 
981 
858 
641 
242 
106 
1002 
750 
1215 
516 
570 
192 
318 
94 
1230 
553 
802 
1132 
875 
23 
371 
243 
652 
440 
977 
717 
1179 
308 
691 
322 
728 
256 
1231 
510 
190 
224 
1062 
178 
1080 
156 
18 
679 
587 
1202 
401 
1118 
937 
168 
379 
1094 
971 
735 
995 
840 
416 
287 
356 
25 
574 
497 
456 
354 
1147 
103 
677 
311 
1078 
752 
568 
321 
535 
637 
336 
1034 
8 
1216 
625 
213 
814 
764 
464 
50 
530 
409 
342 
143 
626 
1067 
426 
1181 
1207 
905 
169 
778 
320 
145 
498 
413 
706 
924 
759 
441 
189 
714 
101 
1133 
782 
906 
1204 
385 
204 
146 
448 
200 
819 
396 
649 
1017 
656 
655 
1053 
711 
691 
919 
380 
1134 
158 
889 
751 
274 
960 
796 
893 
14 
273 
929 
1052 
771 
816 
262 
105 
259 
961 
1127 
1038 
526 
997 
363 
578 
504 
337 
703 
171 
181 
391 
1026 
151 
873 
671 
275 
475 
62 
216 
630 
762 
1166 
959 
985 
80 
604 
712 
710 
980 
792 
512 
1200 
104 
580 
687 
429 
126 
663 
312 
945 
1044 
1182 
461 
1004 
323 
952 
1011 
499 
260 
509 
1035 
603 
17 
170 
614 
210 
148 
697 
74 
101 
26 
310 
990 
965 
741 
1121 
1130 
794 
1230 
1161 
1119 
940 
1108 
238 
675 
64 
1220 
582 
1112 
269 
1001 
214 
195 
58 
137 
514 
87 
473 
1063 
1141 
837 
577 
285 
561 
1045 
231 
920 
831 
381 
622 
908 
966 
1216 
91 
81 
1201 
219 
548 
801 
843 
759 
11 
1 
584 
239 
119 
1116 
1110 
619 
427 
402 
791 
307 
815 
602 
999 
519 
256 
1019 
600 
861 
969 
357 
785 
615 
94 
159 
888 
539 
1218 
335 
729 
126 
248 
786 
52 
102 
1091 
895 
1188 
666 
771 
449 
627 
1142 
1164 
640 
243 
725 
510 
717 
941 
315 
580 
608 
435 
635 
596 
744 
490 
916 
925 
141 
557 
680 
346 
515 
454 
419 
54 
915 
448 
384 
1203 
956 
1029 
132 
710 
758 
1059 
415 
942 
254 
450 
211 
492 
1064 
76 
864 
422 
344 
845 
605 
182 
667 
271 
690 
1100 
6 
654 
560 
439 
293 
701 
1208 
286 
199 
491 
10 
692 
301 
554 
487 
436 
330 
1010 
1069 
1136 
441 
340 
775 
92 
212 
876 
507 
762 
1206 
873 
1135 
949 
1217 
281 
784 
1210 
716 
688 
519 
1003 
250 
109 
617 
954 
405 
995 
598 
1092 
240 
1158 
641 
165 
668 
645 
1077 
559 
26 
698 
573 
58 
429 
52 
907 
837 
482 
1111 
189 
287 
236 
764 
203 
31 
1215 
116 
991 
391 
209 
605 
1068 
1185 
1013 
521 
759 
933 
342 
671 
685 
615 
546 
88 
1232 
68 
381 
863 
274 
1062 
689 
534 
747 
660 
204 
320 
93 
669 
5 
1207 
903 
1069 
1089 
885 
205 
177 
297 
548 
658 
909 
488 
1057 
377 
958 
234 
594 
815 
1112 
469 
1229 
861 
433 
1018 
635 
1160 
852 
29 
175 
323 
212 
828 
426 
498 
1005 
383 
130 
1002 
159 
118 
1036 
774 
662 
72 
222 
473 
1134 
1051 
642 
44 
390 
375 
934 
962 
327 
450 
919 
302 
395 
1033 
924 
525 
672 
835 
789 
963 
500 
362 
1155 
991 
1127 
727 
353 
993 
528 
309 
75 
824 
1006 
399 
410 
27 
157 
867 
883 
590 
705 
1024 
125 
436 
1231 
272 
640 
1058 
1193 
878 
541 
896 
308 
968 
920 
664 
462 
565 
1165 
430 
211 
409 
497 
888 
783 
532 
1223 
1159 
194 
445 
104 
752 
1032 
424 
898 
438 
618 
1064 
599 
294 
555 
955 
412 
547 
252 
1029 
1140 
1062 
1148 
1233 
171 
271 
1212 
675 
887 
69 
221 
231 
901 
553 
717 
115 
442 
762 
585 
983 
490 
369 
693 
389 
337 
1153 
729 
1089 
248 
229 
1172 
1124 
496 
301 
665 
1054 
809 
615 
204 
819 
477 
1188 
593 
107 
405 
518 
995 
843 
1224 
707 
464 
794 
128 
33 
1112 
1162 
616 
30 
695 
696 
744 
694 
151 
282 
291 
352 
861 
1130 
335 
367 
348 
785 
899 
796 
558 
592 
1061 
784 
611 
1169 
810 
292 
1033 
1091 
378 
320 
468 
102 
475 
281 
807 
466 
396 
1229 
131 
1114 
236 
639 
90 
407 
522 
1090 
826 
891 
749 
764 
436 
427 
1155 
499 
1148 
134 
941 
864 
73 
255 
895 
771 
191 
692 
943 
383 
173 
1073 
94 
1002 
655 
1221 
275 
715 
238 
288 
15 
583 
376 
706 
41 
153 
795 
343 
804 
327 
547 
1216 
1109 
425 
743 
301 
622 
52 
410 
1168 
1222 
1016 
302 
1012 
1219 
1146 
968 
713 
962 
241 
434 
803 
260 
25 
108 
672 
846 
710 
1225 
1039 
1070 
1047 
960 
116 
1099 
997 
382 
471 
1080 
1150 
247 
127 
300 
502 
1214 
831 
860 
223 
1116 
249 
637 
585 
881 
316 
1102 
159 
1071 
330 
1117 
877 
1159 
421 
280 
922 
734 
883 
564 
774 
1068 
490 
295 
454 
995 
1088 
61 
1004 
1141 
980 
158 
1236 
739 
904 
528 
867 
520 
349 
670 
852 
453 
783 
978 
1233 
866 
525 
224 
1132 
399 
918 
346 
557 
20 
9 
570 
572 
1163 
480 
773 
917 
332 
618 
3 
11 
1227 
211 
1160 
957 
1120 
374 
134 
1082 
879 
1136 
730 
265 
43 
1002 
140 
566 
976 
105 
552 
1030 
331 
1179 
221 
14 
834 
1087 
910 
965 
824 
1189 
908 
1184 
838 
1105 
1025 
16 
565 
506 
169 
250 
305 
383 
372 
745 
110 
142 
953 
555 
275 
347 
64 
213 
519 
1077 
900 
1103 
712 
182 
359 
61 
72 
568 
961 
790 
21 
1145 
225 
1018 
348 
311 
715 
79 
621 
427 
890 
49 
651 
1164 
968 
471 
801 
593 
277 
53 
1057 
139 
618 
562 
1004 
803 
1002 
1032 
92 
916 
799 
1000 
513 
1143 
46 
641 
449 
260 
701 
770 
569 
431 
11 
1076 
912 
484 
1115 
763 
1008 
1097 
1222 
296 
424 
673 
527 
1128 
578 
614 
389 
740 
760 
198 
547 
1190 
494 
1217 
789 
1092 
1096 
358 
832 
131 
458 
1142 
522 
1082 
224 
730 
722 
588 
810 
376 
213 
1152 
101 
553 
765 
330 
542 
436 
796 
177 
440 
1030 
604 
305 
62 
239 
434 
657 
82 
32 
237 
127 
1020 
1137 
1005 
941 
825 
443 
463 
686 
59 
263 
950 
724 
0 
277 
670 
329 
75 
684 
945 
1 
1064 
942 
939 
1126 
1060 
113 
581 
1231 
435 
1202 
417 
568 
517 
319 
770 
757 
440 
650 
747 
226 
859 
786 
864 
947 
576 
540 
64 
594 
78 
188 
294 
1134 
482 
963 
622 
1151 
773 
385 
451 
368 
1056 
1014 
25 
202 
51 
756 
132 
1080 
411 
615 
1218 
507 
264 
487 
167 
989 
260 
560 
187 
1212 
361 
21 
262 
501 
1226 
710 
545 
846 
265 
258 
267 
1171 
910 
690 
483 
15 
1070 
218 
1111 
1071 
1208 
1211 
10 
108 
767 
912 
849 
376 
1044 
388 
774 
948 
1153 
728 
1078 
996 
22 
642 
1152 
1198 
755 
925 
1076 
851 
942 
584 
578 
671 
314 
232 
458 
146 
965 
836 
997 
512 
1120 
1162 
804 
375 
856 
591 
315 
427 
382 
714 
877 
92 
211 
274 
891 
1107 
1061 
520 
169 
933 
476 
1158 
707 
193 
659 
1104 
1228 
871 
45 
583 
162 
1210 
1202 
1137 
151 
684 
628 
297 
895 
889 
1015 
1142 
722 
698 
918 
250 
961 
1073 
1204 
983 
332 
