0.067100 
0.075800 
0.084800 
0.085600 
0.094500 
0.096500 
0.096600 
0.097900 
0.099800 
0.101600 
0.106800 
0.110000 
0.110100 
0.110400 
0.113200 
0.113200 
0.115200 
0.116400 
0.118300 
0.119100 
0.121400 
0.122400 
0.126700 
0.126800 
0.128200 
0.128300 
0.132400 
0.134400 
0.134800 
0.135200 
0.135300 
0.136200 
0.136600 
0.137400 
0.138100 
0.138600 
0.141200 
0.145000 
0.145300 
0.146600 
0.150300 
0.151000 
0.151200 
0.151300 
0.151400 
0.153100 
0.154700 
0.155600 
0.155800 
0.156700 
0.156800 
0.156800 
0.157500 
0.159100 
0.160600 
0.162700 
0.163300 
0.166800 
0.167000 
0.167500 
0.169100 
0.169600 
0.170500 
0.172000 
0.172300 
0.173100 
0.174000 
0.174800 
0.177100 
0.177400 
0.179300 
0.181100 
0.182500 
0.183500 
0.185400 
0.187600 
0.188200 
0.188200 
0.188700 
0.188700 
0.188800 
0.190100 
0.190600 
0.190900 
0.192400 
0.192700 
0.192900 
0.193200 
0.194000 
0.195900 
0.196900 
0.197100 
0.199100 
0.201900 
0.202600 
0.202800 
0.202900 
0.203300 
0.203300 
0.203500 
0.203900 
0.204400 
0.205600 
0.206500 
0.207500 
0.208100 
0.209100 
0.211400 
0.212500 
0.212800 
0.213800 
0.215100 
0.216000 
0.216100 
0.216400 
0.216500 
0.218900 
0.219000 
0.219200 
0.219400 
0.221400 
0.222600 
0.222800 
0.224700 
0.226900 
0.227400 
0.227600 
0.228200 
0.229400 
0.229600 
0.229800 
0.230200 
0.230600 
0.230900 
0.235400 
0.235800 
0.236700 
0.238900 
0.241000 
0.242200 
0.243100 
0.243200 
0.244200 
0.245300 
0.246800 
0.248700 
0.248800 
0.249700 
0.254200 
0.254400 
0.255800 
0.256500 
0.259300 
0.259700 
0.259900 
0.260600 
0.261700 
0.263900 
0.265000 
0.265400 
0.266300 
0.266800 
0.267800 
0.269300 
0.269500 
0.270300 
0.270500 
0.271400 
0.272300 
0.272600 
0.273000 
0.273000 
0.275100 
0.276200 
0.276300 
0.277300 
0.277600 
0.280000 
0.280600 
0.283200 
0.283300 
0.283800 
0.285300 
0.288200 
0.288400 
0.289900 
0.292700 
0.294400 
0.294900 
0.297300 
0.298100 
0.299100 
0.300100 
0.301300 
0.303300 
0.303300 
0.305400 
0.306100 
0.308400 
0.308800 
0.310200 
0.313700 
0.314600 
0.317600 
0.319200 
0.322100 
0.322200 
0.322500 
0.323800 
0.326200 
0.328000 
0.328600 
0.329200 
0.329500 
0.329900 
0.330800 
0.333000 
0.334100 
0.334400 
0.335000 
0.338000 
0.338100 
0.338800 
0.339100 
0.340200 
0.340700 
0.341100 
0.341300 
0.343000 
0.344900 
0.345100 
0.345800 
0.345800 
0.345800 
0.346100 
0.346600 
0.347100 
0.347100 
0.347800 
0.348300 
0.349700 
0.350200 
0.353500 
0.354100 
0.355900 
0.356000 
0.356400 
0.357300 
0.358900 
0.360400 
0.360600 
0.365000 
0.365300 
0.367100 
0.368000 
0.371900 
0.373800 
0.375100 
0.377100 
0.377300 
0.377300 
0.377700 
0.377700 
0.378200 
0.378600 
0.379900 
0.380700 
0.380900 
0.382200 
0.382400 
0.382800 
0.383100 
0.383200 
0.383700 
0.385000 
0.385500 
0.385900 
0.386200 
0.388100 
0.389000 
0.390400 
0.391900 
0.392100 
0.392300 
0.392600 
0.393000 
0.395600 
0.396200 
0.396400 
0.396500 
0.396800 
0.400800 
0.401400 
0.401400 
0.402600 
0.403700 
0.404200 
0.406200 
0.406400 
0.407300 
0.407400 
0.407900 
0.408600 
0.409700 
0.410900 
0.411700 
0.415200 
0.419000 
0.419200 
0.419700 
0.420000 
0.421500 
0.422100 
0.422100 
0.423200 
0.423700 
0.424300 
0.424700 
0.424700 
0.427000 
0.427400 
0.428300 
0.431300 
0.432800 
0.433800 
0.434000 
0.435600 
0.436700 
0.436900 
0.436900 
0.438500 
0.438700 
0.439000 
0.439200 
0.441500 
0.441900 
0.444100 
0.445000 
0.446400 
0.446700 
0.448800 
0.456300 
0.457200 
0.457300 
0.459000 
0.460100 
0.460200 
0.463700 
0.463800 
0.464600 
0.466400 
0.466800 
0.467600 
0.467900 
0.468100 
0.468300 
0.468700 
0.469800 
0.471600 
0.472300 
0.474500 
0.474700 
0.475200 
0.475800 
0.475800 
0.477100 
0.477300 
0.477900 
0.478100 
0.478600 
0.479500 
0.480000 
0.480600 
0.480700 
0.481000 
0.481800 
0.485000 
0.487100 
0.487100 
0.487400 
0.488000 
0.488600 
0.489000 
0.491600 
0.494300 
0.494700 
0.495500 
0.496700 
0.497000 
0.497200 
0.498200 
0.499200 
0.499300 
0.500900 
0.501200 
0.502800 
0.503000 
0.504200 
0.505100 
0.505200 
0.507300 
0.507700 
0.507800 
0.508800 
0.511100 
0.512900 
0.513100 
0.513600 
0.515600 
0.515600 
0.515700 
0.516300 
0.516700 
0.518000 
0.518400 
0.524600 
0.526500 
0.528200 
0.529300 
0.530500 
0.530600 
0.533200 
0.533600 
0.536800 
0.537500 
0.541200 
0.541800 
0.542700 
0.545200 
0.545400 
0.545500 
0.545900 
0.546900 
0.546900 
0.551300 
0.555100 
0.555700 
0.556800 
0.559600 
0.563900 
0.564800 
0.564900 
0.565700 
0.567100 
0.568800 
0.570200 
0.571100 
0.571400 
0.573200 
0.574400 
0.574400 
0.574600 
0.575100 
0.575500 
0.576300 
0.576900 
0.579100 
0.581300 
0.583400 
0.583800 
0.583800 
0.584600 
0.585300 
0.585500 
0.586700 
0.588500 
0.588600 
0.591300 
0.591600 
0.592600 
0.594500 
0.595100 
0.595600 
0.595700 
0.596200 
0.596400 
0.596700 
0.598200 
0.598700 
0.599400 
0.600100 
0.602100 
0.603000 
0.604600 
0.605500 
0.609100 
0.610200 
0.611600 
0.612400 
0.614400 
0.614500 
0.615300 
0.615400 
0.618000 
0.618500 
0.620400 
0.621200 
0.621500 
0.622500 
0.624600 
0.626100 
0.627400 
0.627800 
0.628800 
0.629000 
0.629300 
0.629900 
0.630500 
0.630700 
0.632800 
0.636000 
0.636400 
0.637100 
0.637700 
0.638100 
0.640000 
0.642000 
0.642300 
0.643000 
0.643500 
0.643700 
0.644400 
0.645600 
0.645700 
0.646100 
0.646600 
0.647000 
0.648200 
0.649300 
0.649800 
0.650700 
0.652000 
0.652600 
0.652800 
0.655000 
0.655500 
0.656800 
0.658000 
0.659600 
0.659600 
0.659900 
0.660800 
0.661100 
0.661300 
0.661700 
0.662000 
0.664600 
0.665200 
0.667800 
0.669500 
0.670600 
0.670700 
0.676100 
0.676100 
0.676600 
0.677000 
0.678400 
0.678400 
0.682300 
0.683400 
0.685000 
0.685900 
0.686200 
0.686300 
0.687200 
0.687600 
0.688300 
0.688400 
0.689800 
0.690000 
0.690200 
0.690700 
0.691700 
0.692100 
0.692900 
0.693400 
0.693900 
0.696500 
0.697600 
0.699400 
0.702200 
0.702300 
0.704600 
0.705200 
0.706200 
0.707400 
0.707600 
0.708000 
0.708800 
0.710000 
0.710500 
0.711300 
0.713300 
0.713600 
0.715000 
0.715200 
0.716800 
0.717700 
0.718700 
0.719000 
0.721100 
0.721300 
0.723700 
0.724400 
0.724700 
0.725400 
0.726500 
0.727600 
0.728700 
0.728900 
0.729600 
0.731900 
0.731900 
0.732200 
0.732800 
0.733000 
0.733800 
0.735000 
0.736800 
0.738000 
0.738200 
0.738500 
0.738600 
0.738700 
0.739200 
0.740900 
0.741500 
0.743300 
0.744700 
0.745000 
0.747900 
0.749100 
0.749600 
0.750700 
0.750800 
0.750800 
0.751600 
0.752300 
0.753800 
0.753900 
0.754900 
0.756600 
0.757500 
0.757800 
0.758700 
0.759700 
0.761200 
0.761800 
0.762100 
0.766400 
0.766500 
0.767000 
0.767700 
0.768400 
0.769200 
0.769700 
0.770900 
0.771300 
0.776200 
0.776800 
0.777700 
0.777900 
0.778700 
0.779100 
0.779900 
0.780800 
0.781000 
0.781200 
0.783700 
0.786200 
0.786200 
0.788700 
0.788700 
0.788700 
0.789600 
0.790500 
0.791000 
0.791800 
0.792000 
0.794400 
0.794900 
0.795100 
0.796500 
0.797100 
0.797600 
0.799800 
0.800300 
0.801000 
0.801400 
0.801600 
0.802400 
0.802700 
0.803600 
0.808400 
0.811300 
0.813800 
0.814400 
0.817300 
0.819300 
0.819400 
0.819600 
0.820100 
0.820900 
0.821600 
0.822300 
0.822300 
0.823000 
0.823700 
0.824200 
0.824600 
0.825100 
0.825600 
0.826200 
0.826300 
0.828500 
0.830900 
0.831100 
0.831100 
0.832300 
0.833100 
0.833300 
0.833800 
0.835300 
0.836500 
0.837400 
0.838300 
0.838400 
0.838600 
0.840300 
0.840700 
0.843900 
0.846400 
0.846900 
0.848100 
0.849000 
0.849200 
0.849600 
0.850800 
0.851000 
0.852000 
0.852200 
0.853000 
0.854000 
0.854300 
0.854300 
0.856700 
0.857500 
0.858900 
0.862100 
0.862200 
0.862400 
0.862800 
0.863900 
0.865200 
0.865700 
0.865800 
0.865800 
0.865900 
0.866400 
0.867100 
0.867300 
0.868500 
0.869500 
0.869800 
0.872200 
0.872300 
0.873100 
0.874300 
0.875000 
0.876300 
0.877300 
0.878500 
0.879500 
0.879500 
0.880600 
0.881700 
0.881800 
0.881900 
0.883700 
0.883800 
0.884600 
0.885100 
0.885100 
0.885400 
0.886500 
0.887700 
0.888200 
0.888700 
0.888800 
0.889800 
0.890100 
0.890400 
0.890700 
0.891100 
0.891300 
0.892400 
0.892600 
0.892700 
0.893200 
0.895300 
0.899600 
0.899800 
0.901600 
0.902300 
0.903400 
0.908200 
0.908900 
0.911100 
0.911700 
0.912000 
0.912200 
0.912700 
0.913000 
0.913400 
0.913700 
0.915300 
0.915400 
0.915800 
0.916300 
0.917400 
0.918000 
0.918500 
0.919600 
0.920400 
0.922500 
0.922600 
0.922800 
0.924000 
0.927300 
0.927400 
0.927800 
0.928600 
0.929800 
0.930500 
0.933400 
0.934300 
0.938000 
0.938200 
0.938600 
0.939100 
0.940600 
0.942800 
0.946200 
0.946700 
0.946900 
0.948400 
0.950200 
0.950200 
0.950300 
0.952900 
0.953500 
0.954500 
0.955000 
0.955600 
0.955900 
0.956200 
0.958400 
0.959400 
0.960800 
0.960800 
0.961900 
0.962200 
0.962600 
0.963500 
0.963900 
0.965400 
0.966000 
0.968400 
0.968600 
0.969500 
0.970100 
0.970500 
0.974000 
0.975700 
0.977300 
0.978400 
0.978600 
0.978700 
0.980100 
0.980300 
0.981000 
0.981400 
0.984100 
0.984700 
0.986700 
0.986800 
0.986900 
0.988700 
0.989000 
0.991100 
0.991300 
0.992200 
0.995000 
0.995100 
0.996300 
0.997800 
0.997900 
0.998500 
0.999900 
1.001700 
1.003100 
1.003500 
1.003800 
1.004200 
1.004300 
1.004800 
1.005100 
1.005300 
1.005500 
1.008700 
1.009300 
1.010300 
1.011800 
1.012000 
1.012900 
1.014200 
1.017300 
1.018600 
1.018900 
1.019600 
1.020000 
1.020200 
1.021300 
1.022300 
1.022500 
1.024300 
1.024400 
1.025800 
1.026600 
1.026700 
1.027200 
1.027700 
1.028200 
1.030500 
1.032800 
1.036800 
1.037100 
1.037200 
1.039900 
1.042800 
1.044000 
1.045100 
1.046800 
1.047500 
1.048500 
1.048900 
1.051000 
1.051100 
1.052000 
1.054500 
1.055300 
1.056300 
1.057200 
1.057500 
1.058900 
1.059500 
1.059700 
1.061300 
1.063600 
1.064500 
1.065300 
1.066900 
1.068400 
1.068800 
1.069000 
1.069300 
1.070100 
1.070300 
1.070800 
1.071600 
1.071800 
1.072300 
1.072400 
1.073900 
1.074200 
1.075500 
1.075800 
1.082300 
1.082400 
1.083200 
1.083600 
1.084100 
1.084300 
1.084600 
1.084900 
1.088500 
1.090200 
1.090500 
1.091300 
1.091400 
1.093000 
1.094000 
1.094500 
1.095000 
1.095800 
1.095900 
1.096100 
1.096200 
1.097500 
1.100000 
1.102100 
1.102600 
1.105100 
1.107000 
1.107600 
1.109400 
1.110400 
1.114400 
1.114800 
1.115900 
1.116100 
1.116600 
1.121800 
1.122000 
1.123400 
1.124500 
1.125900 
1.127500 
1.127800 
1.127900 
1.131100 
1.131100 
1.131200 
1.132000 
1.133000 
1.133500 
1.134100 
1.134700 
1.134900 
1.137900 
1.138500 
1.138500 
1.139000 
1.140100 
1.143100 
1.143300 
1.145800 
1.146800 
1.148300 
1.148400 
1.151300 
1.153800 
1.153800 
1.154600 
1.154900 
1.155500 
1.155800 
1.155900 
1.156800 
1.157500 
1.159800 
1.160400 
1.161300 
1.163400 
1.163500 
1.165100 
1.168100 
1.168500 
1.171000 
1.171200 
1.172000 
1.174000 
1.174900 
1.175000 
1.176600 
1.176800 
1.177300 
1.177800 
1.177800 
1.178300 
1.179800 
1.182100 
1.183100 
1.183600 
1.184200 
1.184900 
1.185300 
1.185900 
1.186600 
1.187000 
1.188700 
1.189700 
1.191600 
1.193000 
1.194900 
1.195300 
1.196400 
1.199700 
1.199900 
1.200300 
1.200300 
1.200800 
1.202300 
1.202800 
1.203000 
1.203600 
1.204300 
1.206200 
1.206300 
1.206500 
1.206500 
1.207500 
1.207900 
1.207900 
1.211000 
1.211600 
1.212600 
1.215200 
1.215600 
1.215900 
1.217800 
1.218700 
1.219700 
1.220700 
1.222500 
1.222800 
1.223000 
1.223400 
1.223700 
1.223700 
1.225300 
1.225900 
1.227800 
1.228400 
1.228400 
1.229700 
1.230600 
1.231000 
1.232100 
1.236100 
1.236200 
1.242900 
1.244800 
1.244900 
1.245300 
1.246800 
1.248800 
1.250900 
1.252900 
1.254500 
1.255200 
1.255300 
1.256000 
1.256400 
1.257400 
1.258400 
1.260400 
1.261100 
1.263800 
1.263900 
1.264500 
1.266600 
1.267800 
1.268200 
1.268400 
1.268800 
1.269600 
1.270200 
1.270600 
1.274000 
1.274400 
1.275700 
1.275800 
1.277300 
1.277500 
1.280200 
1.280200 
1.282900 
1.284500 
1.284600 
1.284700 
1.284900 
1.285500 
1.285800 
1.286400 
1.288600 
1.290300 
1.290300 
1.296400 
1.297100 
1.298300 
1.299400 
1.299500 
1.299900 
1.301000 
1.303000 
1.303100 
1.303500 
1.304600 
1.305900 
1.305900 
1.306100 
1.306200 
1.306600 
1.306600 
1.307000 
1.307300 
1.308200 
1.308900 
1.309100 
1.309300 
1.310500 
1.311200 
1.312600 
1.314700 
1.318600 
1.321600 
1.323100 
1.325700 
1.325900 
1.326600 
1.327000 
1.329000 
1.329400 
1.331800 
1.332000 
1.334800 
1.336000 
1.337300 
1.339200 
1.340200 
1.342000 
1.343700 
1.344000 
1.344500 
1.344900 
1.345100 
1.345400 
1.346500 
1.346800 
1.347300 
1.347500 
1.348100 
1.348800 
1.351000 
1.352200 
1.352200 
1.353300 
1.353400 
1.354600 
1.355900 
1.356000 
1.356100 
1.356400 
1.356900 
1.357300 
1.358100 
1.359000 
1.359800 
1.360300 
1.360400 
1.360400 
1.361800 
1.362200 
1.362200 
1.362700 
1.363400 
1.363400 
1.364900 
1.365300 
1.366000 
1.366600 
1.366800 
1.366800 
1.366900 
1.366900 
1.367000 
1.368000 
1.369500 
1.369900 
1.370100 
1.371000 
1.372200 
1.372400 
1.373000 
1.373100 
1.373300 
1.374100 
1.376300 
1.376400 
1.377300 
1.378300 
1.378600 
1.378800 
1.380700 
1.382200 
1.382300 
1.383000 
1.383600 
1.383700 
1.384000 
1.384600 
1.385300 
1.385500 
1.388400 
1.389000 
1.389900 
1.390200 
1.394100 
1.394600 
1.395500 
1.396400 
1.396800 
1.397300 
1.397300 
1.399600 
1.400400 
1.400600 
1.400700 
1.401900 
1.405900 
1.407800 
1.408200 
1.408300 
1.411600 
1.412800 
1.413900 
1.414400 
1.414900 
1.415000 
1.415600 
1.416300 
1.417100 
1.423300 
1.425500 
1.425800 
1.425800 
1.427100 
1.429600 
1.430100 
1.430100 
1.432400 
1.432900 
1.435800 
1.436700 
1.436700 
1.437300 
1.438200 
1.438400 
1.438500 
1.438900 
1.440000 
1.440000 
1.440000 
1.440000 
1.440400 
1.441700 
1.444300 
1.446000 
1.449200 
1.451200 
1.452800 
1.453300 
1.454200 
1.455400 
1.455600 
1.459000 
1.459600 
1.459700 
1.459900 
1.461100 
1.462500 
1.462800 
1.463300 
1.469100 
1.470100 
1.471900 
1.472900 
1.472900 
1.474300 
1.474600 
1.475000 
1.477600 
1.478600 
1.480800 
1.482900 
1.482900 
1.483000 
1.484600 
1.485900 
1.487000 
1.487100 
1.487200 
1.487300 
1.488000 
1.493900 
1.498500 
1.499100 
1.499500 
1.504100 
1.504200 
1.504800 
1.505600 
1.507100 
1.507900 
1.510000 
1.510300 
1.511500 
1.515100 
1.515800 
1.516200 
1.516300 
1.516600 
1.519300 
1.520700 
1.521500 
1.522600 
1.523000 
1.523800 
1.525500 
1.526500 
1.526900 
1.527800 
1.528800 
1.528900 
1.529300 
1.529400 
1.532400 
1.532800 
1.533700 
1.536400 
1.536600 
1.537600 
1.538900 
1.542400 
1.542900 
1.542900 
1.545400 
1.546300 
1.546500 
1.547600 
1.547900 
1.549300 
1.549600 
1.551500 
1.551700 
1.552100 
1.553900 
1.554200 
1.556100 
1.558200 
1.558900 
1.559300 
1.559300 
1.559500 
1.563300 
1.564000 
1.564100 
1.565500 
1.565800 
1.566000 
1.568900 
1.569100 
1.570200 
1.570300 
1.571000 
1.571300 
1.572700 
1.574400 
1.575200 
1.575600 
1.576900 
1.577500 
1.577800 
1.578100 
1.579600 
1.579900 
1.580200 
1.582000 
1.582100 
1.583400 
1.584500 
1.588100 
1.588300 
1.588500 
1.588800 
1.588800 
1.589100 
1.590900 
1.591000 
1.592800 
1.592900 
1.593800 
1.596200 
1.600300 
1.602400 
1.602600 
1.602700 
1.603200 
1.607100 
1.607800 
1.608400 
1.609000 
1.609600 
1.610700 
1.613100 
1.613100 
1.615100 
1.615300 
1.615600 
1.615900 
1.617100 
1.619100 
1.619300 
1.619500 
1.621100 
1.621800 
1.625100 
1.626100 
1.626700 
1.626800 
1.628100 
1.628100 
1.628100 
1.628900 
1.631300 
1.634500 
1.634500 
1.635200 
1.636400 
1.636500 
1.636700 
1.637400 
1.637900 
1.640500 
1.640600 
1.641600 
1.641700 
1.641900 
1.641900 
1.642600 
1.642900 
1.642900 
1.644600 
1.644900 
1.645100 
1.646000 
1.646100 
1.648000 
1.648600 
1.648800 
1.649700 
1.650700 
1.651000 
1.652700 
1.654500 
1.656100 
1.656800 
1.658500 
1.659900 
1.661900 
1.662900 
1.669900 
1.670900 
1.671200 
1.671800 
1.671900 
1.672100 
1.672200 
1.672500 
1.672500 
1.672600 
1.673000 
1.674700 
1.675500 
1.676000 
1.678600 
1.678600 
1.681200 
1.681800 
1.682500 
1.683300 
1.683500 
1.683600 
1.683600 
1.687400 
1.689200 
1.689300 
1.689500 
1.689900 
1.690000 
1.690800 
1.692200 
1.694600 
1.694900 
1.695700 
1.696000 
1.696200 
1.697200 
1.698000 
1.699000 
1.700500 
1.700700 
1.701500 
1.703300 
1.703600 
1.703700 
1.705100 
1.706400 
1.706700 
1.706800 
1.708200 
1.708700 
1.709200 
1.709700 
1.710400 
1.713500 
1.713900 
1.714600 
1.716200 
1.717200 
1.719700 
1.719700 
1.719900 
1.720600 
1.722600 
1.723200 
1.723400 
1.723800 
1.723900 
1.725100 
1.727400 
1.728600 
1.729100 
1.730000 
1.730200 
1.730700 
1.730800 
1.731200 
1.734000 
1.735000 
1.735000 
1.738500 
1.739000 
1.739200 
1.740200 
1.740800 
1.742000 
1.742900 
1.744500 
1.744700 
1.747000 
1.747300 
1.747400 
1.747500 
1.748600 
1.749400 
1.750400 
1.750700 
1.752400 
1.753000 
1.753300 
1.753500 
1.753600 
1.754700 
1.754900 
1.757300 
1.757700 
1.760200 
1.762900 
1.763400 
1.765800 
1.765800 
1.767100 
1.769400 
1.770800 
1.771100 
1.772200 
1.772700 
1.773800 
1.776600 
1.776700 
1.776900 
1.777400 
1.777500 
1.777800 
1.778200 
1.778300 
1.779600 
1.779700 
1.780000 
1.780000 
1.780700 
1.781400 
1.781400 
1.784200 
1.785100 
1.786100 
1.786300 
1.787500 
1.790000 
1.790300 
1.790300 
1.791800 
1.792700 
1.793800 
1.794900 
1.795800 
1.796000 
1.797100 
1.798700 
1.798800 
1.799300 
1.801700 
1.804500 
1.805100 
1.805400 
1.812500 
1.814000 
1.814200 
1.814300 
1.814600 
1.816900 
1.818500 
1.818600 
1.818900 
1.819200 
1.821400 
1.822400 
1.823000 
1.824200 
1.825000 
1.825400 
1.825600 
1.829600 
1.832900 
1.833500 
1.834800 
1.836600 
1.837300 
1.838300 
1.838700 
1.838900 
1.841000 
1.842800 
1.843500 
1.843900 
1.844200 
1.845900 
1.848900 
1.848900 
1.849200 
1.849600 
1.851200 
1.852500 
1.853000 
1.853200 
1.853900 
1.854600 
1.854800 
1.856100 
1.856300 
1.857100 
1.857700 
1.857700 
1.858800 
1.859200 
1.859600 
1.859800 
1.860500 
1.863100 
1.863700 
1.863900 
1.864900 
1.866600 
1.868300 
1.869100 
1.869200 
1.871200 
1.871600 
1.872400 
1.872900 
1.872900 
1.873700 
1.873700 
1.875300 
1.876200 
1.877200 
1.881000 
1.881100 
1.881300 
1.881900 
1.884000 
1.884000 
1.884700 
1.885400 
1.890100 
1.890300 
1.891300 
1.891700 
1.891800 
1.893100 
1.895500 
1.896000 
1.898100 
1.900600 
1.901200 
1.903400 
1.903700 
1.905200 
1.907100 
1.908100 
1.908800 
1.908900 
1.908900 
1.909600 
1.909700 
1.910200 
1.911600 
1.913700 
1.918300 
1.918400 
1.918800 
1.919500 
1.921400 
1.923700 
1.924400 
1.925100 
1.927200 
1.928600 
1.928900 
1.929100 
1.929300 
1.930100 
1.931000 
1.932200 
1.932300 
1.932700 
1.934200 
1.935400 
1.937500 
1.938700 
1.939200 
1.941900 
1.943600 
1.944400 
1.944600 
1.945500 
1.947100 
1.947500 
1.948200 
1.948700 
1.949500 
1.949700 
1.950500 
1.951400 
1.951500 
1.951900 
1.953500 
1.953600 
1.953800 
1.953800 
1.954100 
1.954600 
1.955600 
1.955900 
1.958100 
1.958800 
1.960700 
1.962400 
1.965500 
1.966500 
1.967700 
1.968400 
1.968500 
1.969500 
1.970200 
1.973900 
1.976800 
1.977400 
1.979200 
1.980600 
1.980700 
1.980900 
1.983400 
1.983500 
1.983500 
1.984100 
1.988700 
1.989000 
1.991400 
1.991500 
1.991700 
1.994800 
1.995700 
1.996900 
1.997400 
1.999100 
1.999700 
2.001400 
2.001700 
2.003200 
2.004200 
2.005900 
2.006200 
2.006500 
2.007500 
2.007800 
2.009600 
2.009800 
2.009900 
2.013200 
2.013500 
2.013600 
2.013700 
2.014200 
2.014300 
2.014600 
2.015800 
2.015900 
2.016000 
2.016700 
2.021100 
2.021300 
2.021900 
2.022100 
2.022800 
2.023100 
2.024200 
2.024700 
2.027200 
2.027900 
2.029100 
2.030500 
2.030900 
2.031200 
2.033900 
2.034700 
2.036600 
2.037800 
2.037800 
2.038000 
2.039300 
2.040100 
2.040800 
2.042700 
2.043500 
2.048500 
2.048500 
2.048800 
2.051300 
2.051700 
2.052300 
2.052600 
2.053000 
2.053000 
2.054900 
2.055000 
2.055200 
2.055300 
2.056100 
2.059200 
2.059300 
2.060800 
2.061700 
2.065500 
2.067500 
2.068300 
2.068400 
2.068800 
2.071900 
2.073000 
2.073200 
2.073500 
2.075200 
2.075500 
2.076100 
2.076500 
2.078200 
2.078400 
2.080500 
2.080500 
2.080800 
2.081900 
2.082200 
2.085000 
2.086200 
2.086500 
2.086500 
2.087300 
2.087800 
2.088000 
2.088400 
2.089900 
2.090900 
2.090900 
2.096500 
2.096600 
2.097200 
2.098000 
2.099000 
2.099100 
2.099600 
2.099900 
2.100100 
2.101700 
2.102500 
2.103400 
2.104700 
2.105600 
2.105900 
2.105900 
2.108200 
2.110000 
2.110700 
2.114300 
2.114700 
2.116000 
2.117500 
2.117700 
2.118300 
2.118300 
2.118300 
2.121200 
2.122600 
2.126100 
2.126700 
2.128400 
2.128800 
2.130600 
2.133000 
2.133500 
2.133600 
2.135100 
2.137400 
2.138600 
2.138900 
2.139900 
2.142400 
2.142600 
2.143200 
2.144000 
2.144900 
2.148800 
2.148900 
2.149000 
2.149900 
2.150500 
2.151300 
2.152700 
2.154100 
2.154700 
2.156300 
2.156500 
2.156700 
2.159100 
2.159600 
2.160000 
2.160900 
2.161800 
2.162900 
2.163100 
2.163600 
2.163700 
2.163900 
2.164600 
2.165000 
2.165300 
2.168100 
2.172400 
2.174100 
2.176100 
2.176300 
2.177200 
2.177300 
2.177500 
2.177700 
2.178300 
2.180200 
2.180300 
2.180800 
2.183000 
2.183500 
2.184700 
2.186800 
2.187200 
2.187500 
2.187900 
2.188300 
2.189900 
2.190500 
2.191000 
2.191700 
2.192400 
2.192900 
2.192900 
2.193000 
2.194700 
2.194800 
2.196300 
2.196400 
2.196800 
2.198600 
2.198600 
2.199600 
2.200900 
2.201200 
2.201600 
2.202100 
2.202200 
2.203600 
2.204400 
2.204600 
2.205300 
2.206100 
2.206400 
2.206400 
2.208000 
2.209000 
2.209100 
2.210200 
2.210600 
2.212400 
2.213200 
2.213700 
2.214400 
2.214500 
2.216000 
2.216100 
2.216800 
2.217600 
2.217900 
2.218000 
2.220000 
2.220700 
2.220900 
2.221100 
2.221200 
2.221600 
2.222200 
2.222600 
2.222800 
2.225000 
2.225300 
2.225300 
2.226300 
2.227900 
2.228200 
2.228400 
2.228700 
2.231200 
2.231400 
2.233400 
2.233700 
2.235500 
2.235700 
2.236000 
2.236200 
2.238100 
2.238600 
2.238800 
2.239100 
2.239500 
2.243300 
2.246100 
2.246300 
2.246600 
2.246700 
2.247300 
2.248000 
2.248400 
2.249800 
2.251600 
2.254300 
2.255600 
2.257300 
2.258000 
2.259100 
2.259200 
2.260100 
2.260800 
2.261000 
2.261100 
2.261400 
2.263200 
2.263500 
2.263500 
2.264300 
2.264700 
2.265000 
2.265400 
2.267000 
2.267100 
2.267200 
2.268800 
2.271800 
2.272300 
2.273900 
2.277300 
2.279000 
2.279600 
2.280900 
2.282500 
2.282900 
2.283900 
2.285000 
2.285100 
2.285200 
2.286700 
2.287800 
2.287900 
2.288100 
2.292600 
2.292700 
2.293600 
2.297700 
2.298900 
2.303400 
2.303900 
2.304000 
2.304100 
2.304600 
2.308300 
2.308600 
2.311300 
2.312400 
2.313400 
2.315300 
2.315800 
2.319400 
2.319500 
2.320200 
2.320500 
2.320900 
2.321000 
2.322700 
2.322800 
2.323000 
2.325500 
2.326500 
2.328000 
2.328400 
2.330300 
2.330600 
2.331200 
2.333600 
2.334400 
2.335400 
2.336000 
2.336100 
2.336900 
2.338600 
2.339400 
2.345300 
2.346300 
2.347000 
2.347100 
2.347800 
2.348100 
2.348300 
2.348500 
2.348800 
2.349500 
2.352800 
2.361400 
2.361600 
2.362100 
2.362400 
2.362500 
2.363500 
2.364800 
2.365100 
2.365500 
2.367400 
2.368100 
2.368800 
2.371400 
2.371500 
2.372600 
2.373400 
2.374300 
2.374700 
2.375500 
2.375600 
2.376100 
2.376900 
2.377100 
2.377800 
2.379300 
2.380500 
2.380500 
2.382100 
2.383400 
2.384100 
2.384800 
2.385300 
2.385800 
2.385900 
2.387800 
2.388500 
2.390400 
2.391000 
2.391200 
2.391400 
2.392300 
2.397700 
2.398400 
2.399200 
2.399400 
2.400100 
2.400500 
2.402500 
2.402700 
2.404400 
2.407400 
2.408400 
2.408900 
2.410300 
2.410500 
2.411500 
2.412800 
2.414100 
2.414100 
2.414400 
2.414800 
2.415000 
2.417200 
2.417600 
2.417700 
2.419300 
2.419800 
2.420500 
2.424900 
2.425000 
2.425500 
2.427100 
2.428200 
2.428800 
2.429300 
2.429800 
2.431000 
2.431700 
2.432000 
2.432700 
2.434200 
2.435100 
2.435900 
2.436000 
2.437100 
2.442000 
2.442000 
2.443600 
2.443900 
2.444200 
2.445100 
2.447200 
2.447500 
2.449500 
2.451400 
2.451700 
2.453100 
2.453200 
2.454200 
2.454500 
2.455200 
2.456600 
2.460200 
2.460700 
2.461200 
2.461500 
2.462600 
2.463100 
2.463100 
2.463300 
2.464800 
2.465400 
2.465900 
2.466600 
2.467200 
2.468600 
2.469600 
2.470700 
2.473200 
2.478200 
2.478800 
2.480500 
2.482100 
2.482700 
2.483500 
2.484000 
2.485900 
2.486100 
2.486200 
2.486300 
2.486500 
2.487100 
2.487400 
2.489000 
2.491600 
2.492100 
2.492200 
2.492200 
2.493500 
2.494900 
2.495600 
2.495900 
2.497800 
2.498700 
2.499600 
2.500000 
2.502200 
2.503700 
2.508900 
2.509900 
2.509900 
2.512000 
2.512200 
2.512400 
2.512700 
2.515200 
2.517900 
2.519100 
2.519400 
2.519600 
2.521400 
2.521700 
2.522200 
2.522600 
2.526400 
2.526800 
2.528700 
2.529000 
2.529400 
2.529800 
2.530200 
2.530200 
2.530700 
2.532400 
2.532700 
2.537100 
2.537500 
2.537500 
2.539600 
2.540000 
2.540000 
2.541100 
2.543800 
2.543900 
2.544000 
2.546500 
2.550000 
2.551000 
2.551900 
2.552900 
2.553400 
2.554800 
2.555700 
2.558500 
2.560500 
2.561400 
2.561600 
2.562200 
2.562200 
2.562300 
2.562300 
2.563300 
2.565900 
2.566300 
2.566700 
2.567100 
2.567200 
2.567300 
2.567600 
2.570300 
2.572100 
2.572200 
2.572900 
2.573600 
2.574200 
2.577600 
2.583100 
2.583200 
2.584500 
2.584500 
2.585500 
2.585600 
2.587000 
2.587700 
2.588300 
2.588400 
2.589800 
2.590200 
2.590300 
2.591200 
2.591300 
2.591300 
2.591400 
2.592000 
2.592100 
2.593100 
2.593300 
2.593700 
2.593800 
2.594000 
2.594100 
2.595000 
2.595900 
2.596100 
2.597000 
2.597100 
2.598000 
2.600100 
2.600800 
2.601300 
2.602300 
2.604400 
2.605300 
2.605700 
2.607400 
2.609400 
2.609800 
2.611400 
2.615200 
2.615600 
2.616400 
2.617400 
2.617600 
2.620300 
2.621500 
2.623100 
2.623200 
2.623900 
2.624300 
2.624900 
2.626100 
2.628000 
2.629700 
2.629800 
2.630000 
2.630100 
2.631000 
2.632400 
2.633000 
2.633300 
2.633300 
2.634700 
2.634800 
2.634900 
2.635000 
2.636000 
2.636500 
2.636700 
2.638300 
2.638700 
2.639100 
2.639400 
2.639700 
2.640300 
2.641000 
2.642100 
2.643000 
2.646000 
2.646300 
2.647400 
2.647500 
2.649300 
2.649500 
2.649900 
2.650100 
2.650700 
2.650900 
2.652200 
2.653000 
2.655000 
2.657400 
2.660100 
2.660200 
2.661000 
2.661800 
2.662000 
2.662500 
2.663600 
2.664100 
2.665000 
2.665100 
2.665100 
2.665200 
2.665400 
2.665500 
2.665600 
2.666100 
2.666500 
2.669000 
2.669700 
2.670100 
2.672600 
2.674300 
2.675600 
2.678000 
2.678400 
2.680200 
2.681000 
2.681200 
2.681300 
2.682200 
2.683100 
2.683100 
2.683300 
2.684000 
2.686800 
2.687300 
2.689000 
2.689300 
2.690500 
2.690800 
2.691100 
2.693300 
2.693700 
2.693900 
2.695800 
2.696100 
2.697100 
2.697100 
2.697600 
2.698000 
2.698300 
2.699800 
2.700100 
2.700900 
2.701500 
2.702300 
2.704100 
2.704700 
2.705900 
2.707800 
2.715600 
2.715800 
2.718400 
2.720200 
2.722400 
2.722900 
2.724700 
2.727300 
2.727500 
2.727900 
2.728100 
2.729300 
2.729500 
2.730300 
2.730300 
2.730400 
2.730400 
2.735900 
2.736500 
2.740500 
2.741600 
2.742500 
2.742700 
2.743400 
2.743800 
2.746700 
2.747000 
2.748400 
2.748700 
2.750000 
2.750500 
2.751200 
2.752600 
2.755000 
2.755400 
2.756200 
2.757800 
2.757800 
2.758500 
2.758700 
2.759500 
2.760100 
2.761300 
2.761700 
2.762400 
2.764100 
2.764700 
2.765200 
2.766400 
2.767600 
2.768300 
2.768700 
2.769100 
2.769300 
2.769900 
2.770800 
2.772200 
2.772800 
2.773500 
2.773700 
2.775000 
2.775700 
2.776700 
2.777600 
2.777800 
2.777900 
2.779400 
2.779500 
2.779600 
2.781000 
2.781200 
2.782100 
2.783000 
2.783200 
2.784300 
2.784400 
2.786600 
2.787200 
2.787300 
2.787300 
2.787600 
2.787700 
2.788300 
2.788600 
2.789200 
2.789500 
2.791200 
2.791900 
2.793100 
2.794100 
2.794200 
2.794600 
2.798500 
2.798600 
2.802600 
2.803800 
2.803800 
2.804100 
2.804200 
2.805500 
2.805800 
2.806300 
2.806600 
2.806800 
2.808400 
2.808400 
2.808900 
2.809200 
2.811000 
2.813100 
2.816300 
2.818800 
2.822100 
2.822700 
2.822900 
2.823000 
2.823900 
2.826000 
2.827300 
2.828000 
2.831000 
2.832200 
2.833500 
2.833700 
2.836300 
2.838400 
2.839100 
2.842600 
2.842900 
2.843400 
2.843800 
2.846400 
2.847100 
2.849200 
2.849300 
2.849600 
2.850000 
2.850300 
2.851000 
2.851000 
2.855800 
2.857600 
2.858600 
2.859900 
2.860100 
2.861000 
2.861200 
2.862700 
2.863400 
2.863800 
2.866700 
2.867300 
2.873500 
2.874200 
2.875800 
2.877200 
2.880000 
2.881000 
2.881300 
2.881700 
2.882700 
2.884300 
2.886300 
2.887700 
2.888200 
2.890100 
2.891300 
2.892100 
2.893500 
2.894100 
2.894700 
2.895300 
2.895400 
2.895400 
2.899200 
2.900200 
2.900300 
2.901100 
2.902100 
2.905500 
2.906100 
2.906800 
2.907300 
2.907300 
2.908200 
2.910500 
2.911800 
2.912200 
2.913700 
2.914400 
2.914400 
2.914500 
2.915300 
2.916300 
2.918400 
2.919700 
2.920200 
2.920900 
2.922000 
2.923200 
2.923700 
2.924100 
2.924600 
2.925900 
2.928000 
2.928500 
2.929000 
2.930300 
2.930400 
2.931200 
2.931900 
2.932900 
2.934100 
2.934300 
2.934400 
2.936900 
2.938200 
2.941800 
2.942800 
2.945000 
2.947200 
2.948300 
2.949800 
2.950300 
2.950600 
2.951100 
2.951700 
2.953100 
2.953700 
2.953900 
2.955100 
2.956300 
2.959400 
2.962400 
2.962400 
2.962900 
2.963300 
2.963500 
2.964900 
2.974300 
2.975600 
2.979600 
2.979700 
2.984200 
2.986900 
2.987000 
2.987200 
2.990900 
2.991100 
2.991900 
2.992300 
2.993100 
2.993200 
2.993400 
2.994900 
2.995400 
2.995500 
2.995600 
2.996500 
2.997400 
2.998300 
3.000300 
3.002200 
3.004700 
3.005100 
3.005200 
3.005400 
3.005600 
3.005600 
3.006400 
3.006500 
3.007300 
3.008200 
3.008300 
3.008400 
3.009000 
3.009800 
3.010100 
3.010300 
3.011800 
3.015500 
3.017100 
3.018500 
3.019200 
3.019800 
3.020100 
3.020800 
3.022600 
3.024100 
3.024800 
3.025000 
3.025400 
3.026800 
3.027300 
3.029600 
3.029800 
3.033500 
3.033700 
3.034100 
3.034300 
3.036200 
3.036500 
3.036900 
3.037900 
3.039500 
3.039700 
3.040300 
3.043500 
3.043600 
3.044900 
3.044900 
3.045000 
3.045200 
3.045800 
3.046600 
3.051300 
3.051800 
3.052000 
3.052300 
3.052400 
3.055000 
3.056000 
3.056600 
3.056900 
3.057100 
3.057400 
3.057900 
3.058000 
3.059800 
3.060100 
3.061400 
3.062600 
3.063300 
3.065100 
3.065900 
3.066500 
3.068300 
3.069700 
3.071000 
3.072400 
3.072500 
3.073100 
3.073100 
3.073100 
3.074500 
3.078300 
3.078900 
3.079100 
3.079400 
3.082700 
3.084000 
3.085400 
3.085500 
3.086600 
3.092500 
3.093500 
3.093700 
3.094300 
3.095400 
3.096100 
3.096700 
3.096800 
3.100500 
3.100600 
3.103400 
3.105400 
3.105900 
3.106300 
3.108400 
3.108600 
3.110000 
3.110700 
3.110900 
3.110900 
3.112500 
3.112900 
3.113300 
3.113600 
3.120300 
3.120900 
3.124000 
3.124100 
3.124100 
3.124200 
3.125200 
3.125600 
3.126500 
3.127000 
3.127600 
3.127700 
3.128500 
3.131000 
3.131300 
3.131900 
3.132800 
3.134200 
3.134700 
3.137100 
3.138800 
3.142000 
3.143100 
3.143900 
3.144100 
3.144500 
3.145800 
3.149100 
3.152700 
3.153200 
3.153300 
3.153600 
3.154500 
3.155000 
3.155100 
3.157600 
3.157700 
3.158200 
3.161300 
3.161600 
3.161800 
3.166400 
3.166800 
3.166900 
3.167300 
3.167600 
3.170900 
3.171500 
3.171900 
3.172200 
3.173600 
3.174200 
3.175300 
3.175800 
3.175900 
3.177200 
3.177800 
3.179600 
3.184000 
3.185200 
3.185600 
3.186100 
3.186500 
3.187500 
3.188000 
3.188500 
3.188600 
3.189100 
3.190100 
3.190600 
3.192700 
3.195400 
3.197800 
3.200000 
3.200300 
3.201800 
3.202700 
3.202800 
3.205200 
3.208900 
3.210200 
3.214800 
3.215000 
3.215300 
3.216100 
3.216800 
3.216900 
3.217100 
3.219900 
3.220200 
3.222400 
3.225200 
3.226600 
3.226700 
3.226700 
3.227500 
3.227800 
3.229500 
3.229800 
3.230300 
3.231800 
3.232900 
3.233200 
3.235400 
3.236500 
3.236900 
3.237100 
3.243300 
3.243400 
3.245900 
3.246500 
3.247400 
3.249800 
3.250500 
3.253500 
3.254100 
3.257900 
3.258200 
3.258500 
3.259500 
3.263200 
3.264600 
3.265300 
3.267400 
3.267500 
3.267700 
3.270500 
3.271500 
3.272100 
3.272700 
3.276500 
3.278200 
3.278600 
3.280500 
3.280700 
3.280700 
3.282400 
3.283400 
3.283600 
3.284800 
3.286300 
3.287800 
3.287900 
3.289600 
3.290100 
3.290800 
3.290900 
3.291000 
3.291100 
3.291800 
3.294300 
3.294400 
3.297400 
3.297900 
3.297900 
3.298300 
3.299400 
3.299500 
3.299900 
3.301600 
3.303500 
3.305700 
3.305800 
3.306200 
3.306400 
3.306500 
3.307200 
3.307300 
3.309100 
3.311300 
3.312800 
3.313000 
3.314700 
3.316200 
3.316200 
3.316600 
3.317500 
3.318100 
3.318400 
3.318800 
3.319100 
3.319900 
3.320100 
3.320400 
3.320500 
3.320700 
3.320700 
3.321600 
3.321600 
3.322000 
3.322200 
3.324200 
3.325000 
3.325400 
3.327100 
3.328000 
3.328500 
3.330000 
3.330100 
3.330200 
3.330700 
3.331500 
3.333000 
3.337000 
3.338100 
3.338600 
3.338900 
3.339000 
3.339500 
3.340100 
3.341100 
3.342000 
3.343900 
3.344000 
3.344900 
3.345500 
3.346700 
3.347600 
3.347700 
3.349200 
3.350000 
3.350300 
3.352300 
3.352500 
3.352900 
3.352900 
3.354000 
3.355900 
3.358700 
3.359500 
3.362000 
3.362500 
3.362700 
3.364700 
3.364900 
3.365100 
3.365400 
3.365400 
3.368800 
3.374500 
3.374700 
3.374800 
3.376500 
3.376900 
3.379300 
3.381300 
3.382800 
3.384300 
3.385000 
3.385400 
3.386100 
3.387800 
3.387800 
3.388500 
3.388800 
3.390900 
3.392600 
3.394100 
3.394600 
3.395100 
3.398800 
3.399300 
3.399600 
3.402400 
3.405000 
3.406500 
3.406900 
3.410700 
3.411200 
3.412500 
3.412600 
3.413600 
3.414100 
3.414700 
3.416600 
3.417300 
3.417600 
3.418300 
3.418700 
3.419500 
3.420600 
3.424800 
3.426000 
3.426300 
3.426600 
3.428200 
3.429200 
3.429400 
3.429700 
3.431000 
3.433400 
3.434800 
3.434900 
3.438300 
3.438800 
3.439500 
3.439700 
3.439900 
3.441200 
3.441400 
3.441800 
3.442200 
3.442900 
3.443700 
3.444600 
3.445400 
3.447300 
3.447600 
3.449000 
3.449200 
3.450300 
3.451400 
3.451700 
3.452300 
3.453000 
3.456100 
3.456300 
3.458100 
3.458600 
3.459100 
3.459200 
3.460400 
3.461100 
3.461200 
3.461300 
3.461400 
3.462700 
3.462900 
3.468500 
3.468700 
3.469000 
3.470000 
3.470100 
3.471100 
3.474400 
3.474900 
3.475300 
3.476400 
3.478600 
3.479500 
3.482000 
3.482800 
3.483000 
3.483600 
3.484000 
3.485200 
3.485400 
3.485400 
3.485700 
3.485800 
3.487600 
3.492200 
3.495300 
3.496300 
3.498000 
3.498200 
3.498300 
3.499200 
3.499300 
3.499300 
3.500100 
3.500900 
3.501600 
3.504000 
3.505900 
3.506800 
3.511200 
3.511200 
3.512000 
3.512100 
3.512700 
3.514100 
3.514900 
3.516200 
3.516700 
3.517500 
3.517800 
3.518300 
3.521300 
3.521500 
3.523000 
3.523200 
3.524700 
3.525000 
3.530300 
3.530500 
3.530600 
3.530700 
3.532700 
3.533800 
3.535900 
3.538300 
3.539100 
3.539200 
3.540000 
3.540400 
3.541200 
3.543800 
3.545500 
3.546400 
3.546900 
3.547800 
3.548900 
3.549100 
3.549400 
3.549500 
3.550400 
3.552700 
3.553700 
3.555700 
3.555900 
3.556400 
3.556500 
3.557600 
3.558500 
3.561000 
3.561700 
3.561900 
3.562100 
3.563200 
3.563500 
3.563900 
3.567000 
3.567200 
3.568100 
3.568100 
3.568300 
3.569000 
3.570300 
3.571500 
3.572600 
3.573200 
3.575500 
3.575800 
3.578300 
3.580800 
3.583500 
3.585500 
3.585600 
3.586500 
3.589800 
3.589800 
3.591400 
3.592200 
3.592200 
3.593200 
3.593600 
3.594000 
3.595500 
3.595800 
3.596000 
3.596500 
3.596800 
3.598100 
3.603300 
3.603500 
3.603600 
3.603600 
3.603800 
3.604900 
3.607200 
3.607300 
3.608200 
3.609300 
3.609800 
3.609800 
3.611200 
3.612200 
3.614000 
3.614600 
3.614900 
3.616000 
3.616100 
3.618500 
3.618600 
3.619800 
3.621700 
3.621900 
3.622200 
3.623100 
3.623200 
3.623300 
3.623500 
3.624500 
3.625700 
3.626600 
3.627800 
3.627900 
3.628700 
3.630100 
3.630600 
3.630700 
3.630800 
3.631200 
3.631700 
3.633300 
3.634300 
3.634800 
3.637300 
3.638300 
3.638300 
3.639100 
3.639400 
3.641100 
3.642400 
3.644800 
3.645300 
3.645500 
3.645700 
3.646000 
3.646600 
3.647200 
3.647900 
3.648300 
3.648700 
3.649400 
3.650900 
3.650900 
3.651700 
3.652000 
3.654600 
3.657700 
3.658200 
3.659000 
3.659100 
3.660000 
3.660700 
3.662200 
3.662700 
3.662800 
3.663100 
3.663100 
3.663700 
3.663800 
3.664800 
3.665700 
3.666000 
3.667600 
3.667700 
3.669200 
3.669700 
3.670000 
3.673400 
3.674100 
3.675100 
3.675900 
3.676600 
3.676900 
3.677100 
3.678400 
3.680500 
3.680800 
3.682000 
3.683000 
3.683300 
3.683800 
3.686400 
3.687000 
3.687200 
3.687500 
3.689000 
3.690000 
3.690200 
3.691200 
3.692600 
3.694800 
3.695100 
3.695900 
3.695900 
3.696400 
3.696800 
3.696900 
3.697800 
3.698900 
3.702300 
3.702300 
3.703600 
3.704400 
3.705100 
3.706600 
3.707100 
3.707500 
3.707600 
3.707700 
3.707700 
3.708200 
3.709000 
3.709100 
3.709300 
3.710700 
3.712900 
3.713100 
3.713500 
3.715600 
3.717700 
3.718600 
3.719000 
3.723100 
3.723800 
3.728400 
3.729100 
3.730900 
3.731100 
3.732200 
3.733200 
3.736400 
3.737100 
3.738000 
3.738400 
3.738700 
3.741700 
3.742600 
3.742900 
3.743500 
3.745500 
3.746000 
3.746500 
3.746600 
3.747600 
3.748100 
3.749600 
3.750400 
3.752500 
3.752700 
3.754300 
3.754500 
3.755500 
3.757200 
3.760400 
3.760600 
3.762900 
3.763700 
3.764300 
3.768500 
3.772100 
3.774200 
3.774700 
3.774900 
3.776500 
3.777200 
3.777900 
3.778800 
3.779600 
3.779700 
3.780000 
3.780800 
3.782900 
3.783100 
3.783800 
3.784200 
3.786000 
3.786200 
3.787000 
3.788200 
3.788800 
3.788800 
3.789000 
3.789100 
3.789700 
3.790900 
3.792400 
3.793000 
3.794400 
3.795200 
3.795500 
3.796300 
3.796500 
3.798000 
3.798400 
3.799300 
3.799500 
3.799700 
3.800400 
3.800700 
3.800800 
3.803800 
3.803900 
3.804700 
3.806000 
3.807500 
3.808700 
3.809700 
3.809900 
3.810200 
3.810300 
3.810500 
3.811200 
3.813100 
3.813300 
3.813300 
3.814200 
3.816800 
3.818400 
3.818400 
3.819400 
3.819700 
3.819900 
3.821500 
3.823600 
3.824200 
3.827600 
3.828100 
3.828300 
3.828300 
3.828400 
3.829000 
3.829300 
3.830600 
3.830800 
3.832600 
3.832700 
3.833900 
3.834100 
3.834700 
3.835600 
3.836300 
3.837200 
3.839300 
3.840100 
3.842200 
3.842800 
3.842900 
3.843300 
3.843700 
3.843800 
3.843800 
3.846600 
3.847000 
3.849600 
3.850500 
3.850800 
3.854400 
3.856500 
3.857300 
3.857900 
3.859300 
3.861100 
3.862500 
3.863200 
3.863300 
3.863500 
3.864800 
3.865000 
3.865200 
3.869000 
3.869200 
3.869300 
3.870100 
3.871100 
3.871300 
3.872700 
3.872800 
3.873000 
3.873000 
3.873300 
3.873800 
3.874000 
3.874600 
3.874900 
3.876600 
3.877400 
3.881200 
3.885200 
3.885500 
3.885600 
3.885900 
3.886000 
3.886600 
3.887900 
3.889000 
3.889300 
3.889900 
3.890800 
3.891600 
3.891600 
3.892300 
3.892700 
3.893400 
3.895500 
3.898400 
3.899900 
3.900300 
3.900500 
3.902200 
3.902600 
3.904400 
3.904700 
3.905700 
3.907400 
3.907600 
3.909600 
3.910600 
3.911500 
3.912100 
3.912800 
3.913400 
3.913700 
3.915000 
3.915300 
3.917900 
3.919200 
3.920900 
3.920900 
3.921200 
3.921700 
3.922400 
3.922800 
3.923900 
3.924000 
3.924800 
3.925000 
3.926800 
3.926900 
3.926900 
3.927000 
3.927300 
3.928200 
3.928900 
3.928900 
3.929600 
3.930300 
3.931000 
3.931200 
3.931800 
3.931800 
3.932000 
3.932100 
3.932900 
3.935000 
3.938600 
3.939600 
3.942800 
3.943000 
3.943200 
3.943700 
3.944600 
3.946400 
3.946500 
3.947000 
3.947300 
3.947600 
3.948100 
3.948600 
3.948700 
3.949900 
3.950200 
3.950700 
3.951000 
3.952700 
3.953800 
3.959200 
3.959400 
3.960900 
3.961500 
3.961600 
3.962700 
3.963200 
3.963200 
3.963300 
3.964100 
3.965600 
3.966100 
3.967700 
3.967800 
3.968200 
3.971200 
3.971700 
3.972600 
3.973700 
3.973900 
3.975100 
3.977200 
3.980400 
3.982700 
3.983500 
3.984300 
3.984900 
3.985900 
3.987300 
3.987400 
3.988000 
3.989300 
3.989500 
3.990600 
3.991000 
3.992700 
3.993200 
3.993600 
3.995100 
3.995900 
3.996400 
3.999600 
4.001700 
4.003000 
4.003900 
4.004300 
4.006900 
4.007000 
4.009500 
4.010700 
4.011500 
4.011600 
4.013000 
4.013900 
4.014300 
4.015600 
4.015700 
4.016000 
4.017400 
4.019700 
4.019900 
4.020100 
4.022000 
4.022500 
4.023200 
4.025200 
4.026300 
4.026900 
4.028100 
4.028200 
4.030100 
4.030300 
4.031500 
4.031600 
4.031600 
4.032100 
4.033000 
4.033100 
4.033600 
4.034000 
4.034500 
4.038300 
4.041000 
4.041100 
4.042100 
4.042200 
4.044900 
4.046100 
4.046500 
4.047700 
4.050000 
4.051400 
4.051900 
4.052200 
4.052900 
4.053000 
4.053300 
4.054300 
4.054800 
4.055300 
4.055700 
4.056500 
4.057700 
4.057900 
4.058300 
4.058500 
4.058600 
4.058600 
4.060000 
4.060400 
4.061200 
4.061900 
4.063600 
4.064600 
4.064600 
4.064800 
4.066200 
4.066300 
4.066500 
4.066500 
4.067400 
4.068600 
4.070800 
4.071900 
4.073800 
4.074100 
4.074600 
4.074800 
4.076300 
4.076700 
4.077500 
4.078600 
4.079300 
4.081300 
4.082200 
4.082400 
4.083500 
4.084200 
4.085700 
4.086200 
4.087000 
4.088400 
4.088800 
4.092700 
4.092700 
4.094800 
4.096500 
4.097400 
4.097400 
4.097400 
4.098500 
4.099400 
4.100200 
4.102900 
4.104800 
4.108100 
4.109600 
4.110500 
4.112700 
4.113500 
4.114100 
4.114200 
4.114200 
4.115000 
4.115600 
4.116200 
4.116600 
4.117100 
4.117500 
4.118200 
4.119300 
4.119600 
4.120200 
4.120600 
4.121000 
4.121300 
4.124100 
4.125000 
4.126100 
4.126700 
4.128000 
4.128600 
4.129000 
4.129300 
4.132200 
4.132500 
4.134100 
4.134100 
4.135000 
4.135300 
4.137100 
4.137500 
4.138500 
4.138500 
4.139500 
4.139800 
4.140000 
4.141100 
4.146300 
4.146400 
4.146900 
4.147000 
4.147400 
4.150400 
4.150900 
4.153900 
4.154800 
4.155600 
4.156900 
4.157700 
4.160200 
4.163300 
4.163700 
4.165700 
4.167100 
4.167600 
4.168600 
4.169100 
4.169800 
4.170400 
4.170800 
4.173300 
4.175200 
4.175500 
4.177900 
4.180500 
4.180500 
4.182100 
4.183200 
4.183500 
4.184600 
4.185000 
4.185100 
4.185500 
4.188500 
4.188900 
4.189000 
4.190200 
4.190700 
4.194800 
4.196800 
4.197800 
4.199700 
4.200300 
4.201900 
4.202600 
4.202900 
4.204000 
4.206400 
4.207800 
4.209600 
4.209800 
4.209800 
4.210600 
4.210900 
4.211000 
4.211500 
4.211600 
4.213200 
4.214800 
4.214900 
4.216500 
4.216600 
4.216800 
4.220000 
4.221400 
4.221500 
4.222400 
4.224400 
4.225400 
4.228100 
4.228300 
4.230200 
4.230800 
4.232000 
4.232700 
4.234200 
4.234600 
4.234900 
4.236500 
4.237500 
4.239500 
4.240400 
4.240500 
4.241000 
4.241200 
4.245200 
4.246400 
4.246700 
4.247100 
4.247200 
4.247500 
4.248900 
4.250800 
4.251500 
4.251800 
4.252300 
4.253400 
4.254200 
4.257100 
4.257500 
4.261600 
4.262900 
4.263400 
4.266700 
4.267000 
4.269300 
4.269300 
4.271000 
4.272100 
4.273400 
4.274000 
4.274900 
4.276900 
4.277300 
4.278700 
4.278900 
4.279400 
4.280600 
4.280600 
4.282300 
4.285800 
4.287700 
4.288300 
4.288900 
4.289900 
4.291200 
4.291800 
4.292100 
4.294500 
4.295900 
4.296400 
4.296500 
4.299300 
4.299500 
4.301000 
4.302000 
4.305100 
4.308600 
4.309000 
4.309600 
4.310000 
4.311900 
4.312800 
4.313400 
4.313700 
4.313800 
4.313800 
4.314300 
4.315000 
4.315600 
4.317100 
4.317500 
4.318500 
4.318600 
4.319600 
4.319800 
4.322400 
4.323500 
4.324000 
4.325700 
4.328000 
4.328200 
4.328400 
4.329300 
4.333300 
4.333600 
4.334100 
4.334800 
4.334900 
4.335200 
4.335400 
4.335500 
4.336500 
4.337300 
4.337700 
4.341000 
4.341300 
4.342500 
4.343200 
4.344800 
4.345000 
4.345400 
4.345500 
4.346400 
4.346800 
4.348500 
4.350100 
4.351000 
4.352700 
4.353800 
4.354500 
4.355800 
4.356500 
4.356600 
4.357000 
4.357700 
4.357700 
4.358400 
4.360100 
4.360300 
4.361800 
4.362600 
4.364300 
4.364700 
4.365000 
4.365800 
4.367700 
4.368300 
4.369000 
4.369700 
4.369700 
4.370200 
4.370600 
4.372100 
4.372600 
4.373300 
4.373600 
4.373900 
4.375200 
4.376900 
4.377300 
4.377500 
4.378300 
4.378500 
4.378900 
4.380300 
4.382200 
4.382400 
4.382800 
4.383100 
4.383200 
4.385600 
4.386100 
4.386500 
4.386900 
4.387900 
4.388500 
4.390100 
4.390600 
4.391100 
4.391500 
4.391800 
4.393100 
4.393800 
4.400800 
4.403200 
4.404000 
4.405100 
4.406800 
4.407000 
4.408000 
4.408000 
4.409600 
4.410300 
4.411700 
4.412300 
4.412300 
4.412400 
4.412500 
4.412800 
4.414400 
4.416600 
4.418000 
4.418600 
4.422800 
4.423500 
4.425200 
4.426600 
4.427000 
4.427900 
4.428000 
4.428100 
4.429700 
4.430400 
4.430500 
4.431400 
4.431700 
4.432300 
4.433200 
4.434200 
4.434300 
4.434900 
4.435500 
4.436700 
4.436900 
4.437400 
4.438700 
4.439300 
4.439400 
4.440300 
4.440800 
4.443500 
4.443600 
4.444500 
4.444700 
4.444700 
4.445600 
4.445700 
4.447500 
4.447800 
4.448500 
4.449600 
4.449600 
4.453600 
4.454300 
4.454700 
4.455100 
4.456300 
4.456800 
4.459000 
4.459800 
4.460700 
4.461000 
4.462900 
4.464100 
4.464500 
4.467000 
4.467100 
4.469000 
4.471600 
4.472600 
4.473800 
4.476700 
4.479000 
4.479500 
4.479900 
4.480000 
4.481000 
4.482100 
4.482300 
4.483300 
4.484000 
4.485700 
4.485900 
4.485900 
4.487600 
4.487600 
4.488000 
4.488400 
4.488700 
4.489200 
4.489300 
4.490000 
4.490000 
4.490400 
4.491800 
4.492200 
4.493300 
4.496500 
4.497700 
4.499100 
4.499500 
4.501300 
4.501500 
4.501800 
4.503900 
4.504900 
4.504900 
4.505400 
4.505600 
4.506600 
4.507100 
4.508900 
4.509100 
4.509400 
4.509800 
4.512600 
4.515800 
4.519300 
4.519400 
4.520700 
4.521100 
4.524800 
4.525100 
4.526800 
4.527500 
4.528500 
4.529000 
4.529100 
4.529700 
4.531400 
4.531800 
4.532600 
4.533700 
4.536000 
4.536300 
4.538000 
4.539200 
4.540700 
4.541400 
4.542300 
4.542900 
4.545300 
4.545700 
4.546700 
4.546800 
4.547000 
4.548400 
4.549400 
4.550000 
4.550300 
4.553200 
4.553300 
4.553400 
4.555800 
4.556100 
4.558100 
4.559700 
4.560300 
4.560500 
4.561000 
4.562100 
4.562600 
4.563000 
4.563400 
4.565000 
4.565300 
4.565800 
4.565900 
4.567000 
4.567600 
4.567800 
4.569300 
4.569500 
4.571000 
4.571400 
4.573300 
4.575200 
4.575500 
4.577100 
4.577100 
4.577900 
4.578000 
4.578100 
4.580200 
4.580900 
4.580900 
4.581200 
4.581600 
4.582600 
4.583100 
4.585300 
4.585400 
4.586200 
4.586200 
4.586600 
4.586900 
4.588200 
4.589600 
4.590200 
4.590400 
4.593300 
4.594600 
4.595300 
4.595800 
4.597100 
4.597300 
4.597800 
4.597900 
4.601000 
4.601800 
4.602000 
4.604400 
4.605800 
4.609100 
4.610500 
4.611000 
4.611500 
4.611800 
4.614200 
4.615300 
4.615500 
4.617000 
4.617300 
4.617800 
4.618500 
4.618700 
4.619300 
4.619700 
4.622100 
4.622800 
4.623000 
4.628000 
4.630200 
4.630400 
4.631700 
4.634900 
4.638900 
4.639800 
4.643600 
4.644800 
4.645900 
4.646300 
4.647200 
4.650200 
4.650800 
4.652100 
4.652700 
4.654200 
4.654800 
4.655600 
4.657800 
4.658200 
4.659800 
4.661300 
4.665500 
4.665600 
4.665800 
4.666600 
4.670700 
4.671300 
4.673500 
4.673500 
4.674700 
4.675300 
4.676000 
4.678100 
4.678100 
4.679300 
4.679500 
4.680300 
4.680300 
4.680400 
4.683000 
4.685000 
4.685300 
4.686000 
4.687100 
4.688200 
4.688200 
4.688600 
4.688900 
4.689100 
4.690200 
4.691600 
4.692600 
4.692800 
4.693700 
4.693800 
4.693900 
4.699300 
4.699800 
4.701800 
4.703700 
4.705300 
4.709300 
4.710700 
4.710700 
4.714400 
4.714600 
4.714900 
4.718200 
4.718500 
4.719200 
4.719200 
4.721100 
4.721300 
4.721700 
4.722000 
4.722500 
4.723000 
4.724700 
4.725000 
4.725200 
4.727400 
4.728000 
4.728200 
4.729400 
4.730300 
4.732200 
4.732400 
4.733000 
4.733900 
4.733900 
4.734000 
4.734500 
4.734500 
4.737200 
4.737800 
4.740300 
4.742100 
4.742300 
4.742300 
4.744500 
4.746100 
4.747400 
4.750800 
4.752300 
4.752500 
4.753200 
4.754300 
4.758300 
4.759400 
4.759800 
4.760300 
4.761300 
4.765100 
4.768600 
4.768800 
4.768900 
4.771500 
4.772000 
4.772400 
4.773800 
4.774100 
4.778600 
4.778600 
4.779300 
4.779900 
4.779900 
4.781000 
4.781500 
4.785000 
4.786300 
4.786900 
4.787400 
4.787900 
4.790000 
4.791200 
4.791600 
4.792300 
4.793900 
4.794000 
4.798200 
4.798900 
4.798900 
4.799000 
4.799100 
4.800200 
4.801900 
4.802900 
4.804700 
4.806400 
4.808500 
4.808900 
4.810100 
4.810500 
4.810500 
4.811700 
4.813600 
4.813600 
4.816400 
4.819700 
4.820000 
4.820600 
4.820700 
4.823100 
4.823600 
4.823700 
4.824600 
4.826200 
4.827500 
4.827600 
4.830800 
4.833300 
4.834700 
4.834700 
4.836000 
4.837100 
4.839400 
4.840000 
4.840200 
4.841200 
4.844900 
4.846600 
4.847200 
4.849000 
4.852600 
4.854400 
4.855800 
4.857500 
4.858700 
4.863400 
4.864000 
4.865700 
4.866300 
4.867300 
4.868000 
4.871000 
4.871700 
4.871700 
4.872100 
4.872600 
4.874900 
4.875000 
4.876200 
4.877200 
4.877600 
4.878700 
4.879100 
4.882600 
4.885800 
4.886200 
4.887000 
4.887200 
4.887400 
4.889100 
4.889100 
4.889600 
4.890100 
4.890400 
4.892200 
4.893200 
4.893500 
4.893700 
4.894500 
4.894500 
4.896500 
4.897400 
4.898100 
4.898800 
4.898800 
4.899200 
4.902200 
4.905000 
4.905900 
4.906500 
4.907700 
4.907900 
4.908000 
4.908700 
4.910400 
4.913800 
4.914100 
4.915300 
4.917000 
4.918800 
4.921900 
4.922200 
4.922400 
4.922400 
4.922900 
4.924600 
4.927900 
4.928800 
4.929000 
4.929300 
4.929500 
4.929800 
4.931600 
4.932800 
4.933900 
4.935100 
4.937200 
4.937900 
4.938600 
4.939100 
4.941100 
4.941600 
4.941700 
4.942600 
4.943900 
4.944800 
4.946400 
4.946400 
4.946600 
4.948000 
4.948400 
4.948500 
4.949200 
4.949400 
4.951700 
4.952200 
4.954100 
4.954300 
4.954900 
4.955300 
4.956200 
4.956400 
4.956500 
4.957100 
4.959800 
4.960600 
4.961000 
4.962600 
4.962600 
4.962700 
4.963600 
4.964400 
4.968800 
4.968900 
4.969700 
4.970000 
4.970200 
4.972600 
4.972800 
4.974100 
4.974200 
4.975000 
4.975200 
4.975500 
4.975600 
4.977300 
4.978600 
4.978700 
4.980000 
4.980500 
4.981100 
4.983100 
4.985800 
4.986300 
4.987100 
4.988200 
4.988600 
4.990500 
4.990600 
4.991000 
4.992400 
4.992900 
4.993200 
4.993400 
4.997100 
4.998100 
4.999100 
