0.021200 
0.023600 
0.025600 
0.029400 
0.033000 
0.034100 
0.034500 
0.035300 
0.036000 
0.038200 
0.038500 
0.038600 
0.039300 
0.040100 
0.040900 
0.041200 
0.042300 
0.042600 
0.042700 
0.043700 
0.044100 
0.044100 
0.044300 
0.044600 
0.045100 
0.045500 
0.046700 
0.051400 
0.052200 
0.052400 
0.053300 
0.053700 
0.054200 
0.054500 
0.058000 
0.058500 
0.058500 
0.058600 
0.058800 
0.059200 
0.061300 
0.062200 
0.063100 
0.063200 
0.063300 
0.063900 
0.064700 
0.065000 
0.065400 
0.065600 
0.065700 
0.065900 
0.066900 
0.067500 
0.068200 
0.068300 
0.068700 
0.069600 
0.070500 
0.071200 
0.071500 
0.071900 
0.073400 
0.073500 
0.074300 
0.074600 
0.075900 
0.076400 
0.076700 
0.077500 
0.077900 
0.078100 
0.078400 
0.079100 
0.079700 
0.080200 
0.080300 
0.080700 
0.081100 
0.082100 
0.082400 
0.082800 
0.083200 
0.083800 
0.085300 
0.085600 
0.085600 
0.085700 
0.085900 
0.085900 
0.088000 
0.088100 
0.088700 
0.089100 
0.089400 
0.089800 
0.089900 
0.090200 
0.090400 
0.090500 
0.091500 
0.092300 
0.092400 
0.092600 
0.094100 
0.094400 
0.094900 
0.095000 
0.095000 
0.096400 
0.096600 
0.097200 
0.097300 
0.098100 
0.098100 
0.098800 
0.099400 
0.100200 
0.100300 
0.100900 
0.101300 
0.101400 
0.101700 
0.102000 
0.102000 
0.102200 
0.102300 
0.102700 
0.102900 
0.103600 
0.103700 
0.104200 
0.104300 
0.105600 
0.105700 
0.105800 
0.106300 
0.107100 
0.107400 
0.107500 
0.108200 
0.108700 
0.108800 
0.109100 
0.109300 
0.109600 
0.110900 
0.111000 
0.111500 
0.112100 
0.112800 
0.112900 
0.112900 
0.113600 
0.114000 
0.114200 
0.114300 
0.114500 
0.114900 
0.116100 
0.116700 
0.117000 
0.117300 
0.117400 
0.117600 
0.118600 
0.119200 
0.119700 
0.120400 
0.123000 
0.123000 
0.123400 
0.123800 
0.124400 
0.126100 
0.127200 
0.127600 
0.127800 
0.127800 
0.128700 
0.129500 
0.129700 
0.130500 
0.130500 
0.130900 
0.131200 
0.132000 
0.132400 
0.133700 
0.135100 
0.135300 
0.135700 
0.135700 
0.135800 
0.136200 
0.136300 
0.137100 
0.137300 
0.138300 
0.140400 
0.141500 
0.141900 
0.143000 
0.144400 
0.145400 
0.145400 
0.145700 
0.147700 
0.148200 
0.148300 
0.148500 
0.149400 
0.149500 
0.149900 
0.151000 
0.151100 
0.151300 
0.151800 
0.152700 
0.154300 
0.155000 
0.155400 
0.155800 
0.156400 
0.157200 
0.157800 
0.158700 
0.158800 
0.159600 
0.159800 
0.159900 
0.160200 
0.160300 
0.160400 
0.160900 
0.161000 
0.161100 
0.162400 
0.162600 
0.162800 
0.163500 
0.163800 
0.163900 
0.164300 
0.164600 
0.165700 
0.165800 
0.166000 
0.166500 
0.166800 
0.166800 
0.167300 
0.167700 
0.168700 
0.169200 
0.172200 
0.172400 
0.172400 
0.173400 
0.174200 
0.174200 
0.174400 
0.174700 
0.176000 
0.178600 
0.179000 
0.180100 
0.180800 
0.181000 
0.181300 
0.181800 
0.182400 
0.182900 
0.183000 
0.183200 
0.183400 
0.184100 
0.184500 
0.186200 
0.186400 
0.186600 
0.187700 
0.189800 
0.191800 
0.192200 
0.192900 
0.193000 
0.193400 
0.193400 
0.195300 
0.195900 
0.195900 
0.196100 
0.196100 
0.196200 
0.196500 
0.197100 
0.197500 
0.199400 
0.199500 
0.200600 
0.200800 
0.201000 
0.201500 
0.202200 
0.202300 
0.203200 
0.203300 
0.203300 
0.205100 
0.205200 
0.205200 
0.205600 
0.206400 
0.206700 
0.207900 
0.208500 
0.208900 
0.210900 
0.210900 
0.211200 
0.211400 
0.212100 
0.212900 
0.213600 
0.213800 
0.214900 
0.215500 
0.215700 
0.216900 
0.217800 
0.217900 
0.218000 
0.218200 
0.218300 
0.218500 
0.218800 
0.219300 
0.219400 
0.220300 
0.221100 
0.221300 
0.221600 
0.222000 
0.222200 
0.222200 
0.222600 
0.222600 
0.222900 
0.223200 
0.223200 
0.223300 
0.223400 
0.223800 
0.224100 
0.224200 
0.224200 
0.225300 
0.225300 
0.226200 
0.226300 
0.226700 
0.226900 
0.227500 
0.228100 
0.228700 
0.228900 
0.231600 
0.231700 
0.232000 
0.232900 
0.233400 
0.234500 
0.234600 
0.234700 
0.235400 
0.235800 
0.236100 
0.236700 
0.237100 
0.237100 
0.239300 
0.240100 
0.240500 
0.240700 
0.241400 
0.242300 
0.244400 
0.245400 
0.245800 
0.245800 
0.246400 
0.247400 
0.248500 
0.248700 
0.248800 
0.248900 
0.250200 
0.250700 
0.250900 
0.251500 
0.252100 
0.252500 
0.253000 
0.253600 
0.254900 
0.256400 
0.259400 
0.259600 
0.259700 
0.259800 
0.260000 
0.260200 
0.260300 
0.260900 
0.263000 
0.263800 
0.263900 
0.264300 
0.265000 
0.265100 
0.266500 
0.266500 
0.267500 
0.267700 
0.267900 
0.268700 
0.268800 
0.270300 
0.270300 
0.270600 
0.272200 
0.273500 
0.273800 
0.274600 
0.275300 
0.275300 
0.277100 
0.278400 
0.279500 
0.280100 
0.280400 
0.281100 
0.281600 
0.281900 
0.281900 
0.281900 
0.282000 
0.282600 
0.284500 
0.285200 
0.285300 
0.286200 
0.286500 
0.286800 
0.286900 
0.287500 
0.289000 
0.289300 
0.289300 
0.289600 
0.289900 
0.290100 
0.290200 
0.290700 
0.290900 
0.291200 
0.292300 
0.292600 
0.292800 
0.294600 
0.295000 
0.296900 
0.298900 
0.299000 
0.299100 
0.299200 
0.299800 
0.300200 
0.300400 
0.300400 
0.300500 
0.300900 
0.301100 
0.302300 
0.302700 
0.303000 
0.304100 
0.304800 
0.304800 
0.305000 
0.305700 
0.306200 
0.306400 
0.306400 
0.307700 
0.308200 
0.309100 
0.309100 
0.309400 
0.310400 
0.310700 
0.310900 
0.311000 
0.311100 
0.312700 
0.313000 
0.313500 
0.314700 
0.315000 
0.316400 
0.316600 
0.316600 
0.317200 
0.317500 
0.317900 
0.318100 
0.318300 
0.318400 
0.321400 
0.322600 
0.322600 
0.324700 
0.325100 
0.325600 
0.325700 
0.326400 
0.326500 
0.327000 
0.327500 
0.327800 
0.328200 
0.328800 
0.329000 
0.330100 
0.330300 
0.330800 
0.332400 
0.332500 
0.333300 
0.333400 
0.335300 
0.336800 
0.337700 
0.338300 
0.338400 
0.338600 
0.338700 
0.339000 
0.339700 
0.341400 
0.341500 
0.341500 
0.341800 
0.342100 
0.342400 
0.342900 
0.342900 
0.345000 
0.345500 
0.345800 
0.345800 
0.346400 
0.347000 
0.348600 
0.349500 
0.350700 
0.350900 
0.352100 
0.352700 
0.353000 
0.353000 
0.354000 
0.355100 
0.355800 
0.356100 
0.356400 
0.356500 
0.356500 
0.356600 
0.358400 
0.360100 
0.360200 
0.360700 
0.361500 
0.361600 
0.362300 
0.362700 
0.363600 
0.363800 
0.363800 
0.365300 
0.366000 
0.366000 
0.366200 
0.366300 
0.367100 
0.367700 
0.367700 
0.367900 
0.368900 
0.369600 
0.369900 
0.370200 
0.370600 
0.371200 
0.371900 
0.371900 
0.372500 
0.372500 
0.372500 
0.372600 
0.373800 
0.375000 
0.375500 
0.375500 
0.376000 
0.376000 
0.377100 
0.377200 
0.377400 
0.378700 
0.379000 
0.379100 
0.380000 
0.380400 
0.380700 
0.380800 
0.381000 
0.381300 
0.381600 
0.382900 
0.383100 
0.383500 
0.384000 
0.385100 
0.385100 
0.385400 
0.386200 
0.386400 
0.387200 
0.387500 
0.387800 
0.388500 
0.388500 
0.388700 
0.389500 
0.389600 
0.391700 
0.392500 
0.392600 
0.394400 
0.394500 
0.396000 
0.396300 
0.396600 
0.396900 
0.397600 
0.397800 
0.397900 
0.398700 
0.398900 
0.400100 
0.400200 
0.402300 
0.402900 
0.403000 
0.404100 
0.404600 
0.404900 
0.405700 
0.406300 
0.407700 
0.408000 
0.408100 
0.408800 
0.409200 
0.409500 
0.409600 
0.409800 
0.410000 
0.410300 
0.410600 
0.411500 
0.411700 
0.412300 
0.412400 
0.412500 
0.413600 
0.413800 
0.415300 
0.417100 
0.417300 
0.417600 
0.417700 
0.418100 
0.418400 
0.418600 
0.418800 
0.420500 
0.420600 
0.421700 
0.421900 
0.422500 
0.423100 
0.423100 
0.423200 
0.424500 
0.424900 
0.425300 
0.425600 
0.425800 
0.426300 
0.426800 
0.427100 
0.427300 
0.427600 
0.428800 
0.429200 
0.431400 
0.433000 
0.433000 
0.435000 
0.435400 
0.435800 
0.435900 
0.436500 
0.436700 
0.438700 
0.439300 
0.439300 
0.439300 
0.440000 
0.440100 
0.440200 
0.440800 
0.441100 
0.441800 
0.442300 
0.442900 
0.443000 
0.443300 
0.444700 
0.445200 
0.445500 
0.445700 
0.446300 
0.446600 
0.447200 
0.447500 
0.448300 
0.448500 
0.449100 
0.449400 
0.450000 
0.450400 
0.450800 
0.452000 
0.452000 
0.452300 
0.452600 
0.453200 
0.454300 
0.454900 
0.455500 
0.456200 
0.457800 
0.457800 
0.458500 
0.458800 
0.458900 
0.459500 
0.460000 
0.460500 
0.461000 
0.461500 
0.461800 
0.461800 
0.462200 
0.462200 
0.462600 
0.462800 
0.462900 
0.464100 
0.464200 
0.465100 
0.465300 
0.466200 
0.466800 
0.467500 
0.468400 
0.469000 
0.469400 
0.470400 
0.470800 
0.470800 
0.470900 
0.471000 
0.471800 
0.472000 
0.472500 
0.472600 
0.473600 
0.473700 
0.474100 
0.474100 
0.474300 
0.474400 
0.475500 
0.476100 
0.476700 
0.476800 
0.477800 
0.477900 
0.478200 
0.478700 
0.479400 
0.479900 
0.480600 
0.480900 
0.481000 
0.481000 
0.481600 
0.481900 
0.482700 
0.482900 
0.483000 
0.483200 
0.483300 
0.483400 
0.483600 
0.484800 
0.485000 
0.485200 
0.485600 
0.485900 
0.486000 
0.487400 
0.487600 
0.488200 
0.488700 
0.488800 
0.489700 
0.489900 
0.490000 
0.490300 
0.490400 
0.491800 
0.493000 
0.493000 
0.494000 
0.495000 
0.495200 
0.495300 
0.495700 
0.496400 
0.496900 
0.497000 
0.497300 
0.497700 
0.497900 
0.497900 
0.497900 
0.498700 
0.499000 
0.499200 
0.499300 
0.500800 
0.500900 
0.502700 
0.502800 
0.503400 
0.503500 
0.504200 
0.505100 
0.505600 
0.505800 
0.505800 
0.507500 
0.507900 
0.508300 
0.508500 
0.509000 
0.509600 
0.509700 
0.509800 
0.509800 
0.510200 
0.510400 
0.510900 
0.511000 
0.511700 
0.511900 
0.512700 
0.513100 
0.513200 
0.514300 
0.514500 
0.516300 
0.517500 
0.517500 
0.517700 
0.517900 
0.518000 
0.518200 
0.518700 
0.518800 
0.519300 
0.519400 
0.519600 
0.519600 
0.520800 
0.521300 
0.521700 
0.522000 
0.522600 
0.523100 
0.523100 
0.523300 
0.523600 
0.523700 
0.524000 
0.524200 
0.524700 
0.525100 
0.527000 
0.527600 
0.527900 
0.528600 
0.528800 
0.528800 
0.530700 
0.531300 
0.531600 
0.532600 
0.532800 
0.532800 
0.533100 
0.533800 
0.533900 
0.534100 
0.534900 
0.535000 
0.535600 
0.536100 
0.536400 
0.537200 
0.537300 
0.537400 
0.538300 
0.538600 
0.538600 
0.539300 
0.539300 
0.539800 
0.539800 
0.540100 
0.542300 
0.543000 
0.543300 
0.543500 
0.543700 
0.544700 
0.545200 
0.545300 
0.545800 
0.547300 
0.547400 
0.548400 
0.548600 
0.549100 
0.550400 
0.550500 
0.551200 
0.551200 
0.551300 
0.551400 
0.551700 
0.552900 
0.552900 
0.554100 
0.554300 
0.554400 
0.554500 
0.555800 
0.556000 
0.556200 
0.556800 
0.557500 
0.557700 
0.557800 
0.558500 
0.558800 
0.559400 
0.559500 
0.560200 
0.560300 
0.560300 
0.561300 
0.561500 
0.561800 
0.561800 
0.561900 
0.562200 
0.562300 
0.564600 
0.564900 
0.565100 
0.565300 
0.565900 
0.566200 
0.567700 
0.567800 
0.569100 
0.570500 
0.570700 
0.571100 
0.571200 
0.571500 
0.575000 
0.575200 
0.575600 
0.576200 
0.576300 
0.576500 
0.576900 
0.577800 
0.578500 
0.578700 
0.578900 
0.579700 
0.580600 
0.581000 
0.581000 
0.582000 
0.582100 
0.582600 
0.582900 
0.582900 
0.583200 
0.584200 
0.585500 
0.586200 
0.586200 
0.586500 
0.587200 
0.587600 
0.587800 
0.588300 
0.589300 
0.592400 
0.592400 
0.592900 
0.593400 
0.593600 
0.594200 
0.594700 
0.595600 
0.596400 
0.596400 
0.596400 
0.596900 
0.597000 
0.597900 
0.599100 
0.599200 
0.599300 
0.600700 
0.600800 
0.601000 
0.601500 
0.601800 
0.602000 
0.602200 
0.602400 
0.602400 
0.602700 
0.602800 
0.603500 
0.603600 
0.603600 
0.604100 
0.604700 
0.605200 
0.606000 
0.606400 
0.606900 
0.607900 
0.610200 
0.610700 
0.610800 
0.611000 
0.612200 
0.612900 
0.613600 
0.613600 
0.613900 
0.613900 
0.614600 
0.615000 
0.615100 
0.615400 
0.615600 
0.616000 
0.616400 
0.617700 
0.617900 
0.618100 
0.618700 
0.618800 
0.619300 
0.620300 
0.620600 
0.621200 
0.622400 
0.622600 
0.622700 
0.623000 
0.623100 
0.623600 
0.624500 
0.624500 
0.625000 
0.625400 
0.625900 
0.626100 
0.626500 
0.626500 
0.628000 
0.628500 
0.628500 
0.629200 
0.629300 
0.629800 
0.629800 
0.630300 
0.631200 
0.631300 
0.631700 
0.631800 
0.634000 
0.634600 
0.635300 
0.636200 
0.636800 
0.637600 
0.637700 
0.638000 
0.638100 
0.638200 
0.638500 
0.640200 
0.642100 
0.643900 
0.645000 
0.646200 
0.647800 
0.648500 
0.649100 
0.649900 
0.650300 
0.650500 
0.650500 
0.650600 
0.650600 
0.651300 
0.651400 
0.651400 
0.652500 
0.652700 
0.652900 
0.653000 
0.653900 
0.654000 
0.654400 
0.656200 
0.656200 
0.657100 
0.657300 
0.657500 
0.657500 
0.657600 
0.657700 
0.658100 
0.658100 
0.658800 
0.659200 
0.661500 
0.661600 
0.662800 
0.662900 
0.664100 
0.664200 
0.665100 
0.665500 
0.665600 
0.665900 
0.666000 
0.667000 
0.667100 
0.667300 
0.667500 
0.668300 
0.669700 
0.671300 
0.671900 
0.671900 
0.672500 
0.672600 
0.672900 
0.673000 
0.673500 
0.674000 
0.674600 
0.675300 
0.675500 
0.676700 
0.676800 
0.677100 
0.677100 
0.677600 
0.677700 
0.677800 
0.678400 
0.678500 
0.679300 
0.680100 
0.681000 
0.681300 
0.681900 
0.681900 
0.682400 
0.682900 
0.683000 
0.683700 
0.685000 
0.685300 
0.687000 
0.687500 
0.688700 
0.690100 
0.690700 
0.691500 
0.692300 
0.692700 
0.693200 
0.693500 
0.693800 
0.694700 
0.695000 
0.696300 
0.696900 
0.697100 
0.697300 
0.697800 
0.697900 
0.697900 
0.698900 
0.699200 
0.699300 
0.700100 
0.700800 
0.701700 
0.701900 
0.702500 
0.702600 
0.702600 
0.703000 
0.703200 
0.704400 
0.704900 
0.705400 
0.706600 
0.706600 
0.706600 
0.706700 
0.707200 
0.708500 
0.710300 
0.711000 
0.711400 
0.712200 
0.713000 
0.713100 
0.713500 
0.714100 
0.715300 
0.716300 
0.716700 
0.716700 
0.717800 
0.718000 
0.718600 
0.718900 
0.719500 
0.719700 
0.720200 
0.720600 
0.722000 
0.722200 
0.722900 
0.724300 
0.724500 
0.725200 
0.726500 
0.726800 
0.727900 
0.728900 
0.729200 
0.730100 
0.730900 
0.731100 
0.731300 
0.731700 
0.732100 
0.732800 
0.733200 
0.733300 
0.734200 
0.735400 
0.735400 
0.735800 
0.736800 
0.737600 
0.738200 
0.738200 
0.738800 
0.739200 
0.739300 
0.739800 
0.740900 
0.741100 
0.741300 
0.742500 
0.743300 
0.743500 
0.744400 
0.744600 
0.745100 
0.745400 
0.745700 
0.746100 
0.746700 
0.747000 
0.747800 
0.748100 
0.748500 
0.751200 
0.752200 
0.753500 
0.753900 
0.754100 
0.754700 
0.756300 
0.756300 
0.757600 
0.757600 
0.757700 
0.758500 
0.758600 
0.759700 
0.759800 
0.761500 
0.761800 
0.761900 
0.762700 
0.763500 
0.764000 
0.765100 
0.768000 
0.768500 
0.769000 
0.769600 
0.769700 
0.770400 
0.771900 
0.772200 
0.772400 
0.774100 
0.774500 
0.775400 
0.776300 
0.776500 
0.777100 
0.777600 
0.778200 
0.779100 
0.779200 
0.779300 
0.779900 
0.780700 
0.780800 
0.782300 
0.783300 
0.783500 
0.783600 
0.784400 
0.786000 
0.786000 
0.786300 
0.787200 
0.787500 
0.788600 
0.789800 
0.790800 
0.791900 
0.793100 
0.793100 
0.797400 
0.797500 
0.797500 
0.797700 
0.798000 
0.798500 
0.799500 
0.799800 
0.800800 
0.800900 
0.801300 
0.802700 
0.802700 
0.803500 
0.804100 
0.805500 
0.805700 
0.807400 
0.808900 
0.809800 
0.811300 
0.811800 
0.811800 
0.811900 
0.812500 
0.814100 
0.814600 
0.814800 
0.814900 
0.815400 
0.815600 
0.816000 
0.817300 
0.817300 
0.817400 
0.817400 
0.817800 
0.818100 
0.818400 
0.818400 
0.818800 
0.819300 
0.819400 
0.819900 
0.819900 
0.820200 
0.820700 
0.820700 
0.821900 
0.822800 
0.824100 
0.825000 
0.825100 
0.825500 
0.826500 
0.826900 
0.828900 
0.829600 
0.831000 
0.831100 
0.832100 
0.832400 
0.834400 
0.834800 
0.834900 
0.835000 
0.835200 
0.835400 
0.836600 
0.837000 
0.837200 
0.837300 
0.837800 
0.838000 
0.839000 
0.839100 
0.839400 
0.839700 
0.840100 
0.840400 
0.841100 
0.841200 
0.842200 
0.842300 
0.842700 
0.842700 
0.842800 
0.843000 
0.843600 
0.844000 
0.845000 
0.845400 
0.847000 
0.848000 
0.848400 
0.848800 
0.849100 
0.849500 
0.849500 
0.849800 
0.851000 
0.851300 
0.851600 
0.851700 
0.852400 
0.853100 
0.855800 
0.855900 
0.856300 
0.856800 
0.857400 
0.857700 
0.858000 
0.858700 
0.859900 
0.860300 
0.860400 
0.862500 
0.862500 
0.862500 
0.863600 
0.865500 
0.865900 
0.866500 
0.867900 
0.868300 
0.868500 
0.868700 
0.869000 
0.869400 
0.872100 
0.872600 
0.872800 
0.873100 
0.874500 
0.874900 
0.875400 
0.876000 
0.876500 
0.876900 
0.877200 
0.878600 
0.879300 
0.879300 
0.879700 
0.880200 
0.880300 
0.881200 
0.881700 
0.882500 
0.883600 
0.883800 
0.883800 
0.884100 
0.884100 
0.884400 
0.884700 
0.884900 
0.885200 
0.886300 
0.887200 
0.888000 
0.888000 
0.888800 
0.889500 
0.890500 
0.891100 
0.891200 
0.891500 
0.892100 
0.892400 
0.892800 
0.894100 
0.894700 
0.896000 
0.896600 
0.897100 
0.897200 
0.898000 
0.899200 
0.900500 
0.900900 
0.901200 
0.902200 
0.903100 
0.904000 
0.904000 
0.904300 
0.904500 
0.904900 
0.905000 
0.905300 
0.905700 
0.906500 
0.906700 
0.907600 
0.908400 
0.908800 
0.909400 
0.909700 
0.910700 
0.910900 
0.913000 
0.913500 
0.914100 
0.917100 
0.917300 
0.917700 
0.919400 
0.919900 
0.920700 
0.920800 
0.922000 
0.922000 
0.922200 
0.922300 
0.922400 
0.922500 
0.923300 
0.923400 
0.924200 
0.924300 
0.926000 
0.928000 
0.928200 
0.928700 
0.928700 
0.929400 
0.929600 
0.929900 
0.930700 
0.931500 
0.931600 
0.932800 
0.933000 
0.933100 
0.933500 
0.933800 
0.934100 
0.934900 
0.936000 
0.936600 
0.936600 
0.937300 
0.937500 
0.938300 
0.938800 
0.939100 
0.939200 
0.939300 
0.939600 
0.941000 
0.941900 
0.942300 
0.943300 
0.944200 
0.946200 
0.946900 
0.947800 
0.947900 
0.948000 
0.948000 
0.949300 
0.949500 
0.949600 
0.950100 
0.950300 
0.950700 
0.951300 
0.951400 
0.951400 
0.951900 
0.952200 
0.953200 
0.954300 
0.955000 
0.956500 
0.956600 
0.958900 
0.959000 
0.959300 
0.959400 
0.959500 
0.961200 
0.961200 
0.961400 
0.961500 
0.961600 
0.963000 
0.963500 
0.963800 
0.964300 
0.964400 
0.964500 
0.964600 
0.965200 
0.965400 
0.965900 
0.966500 
0.966500 
0.967100 
0.967500 
0.968100 
0.968300 
0.968300 
0.968300 
0.969000 
0.969200 
0.970100 
0.970300 
0.970400 
0.970600 
0.970700 
0.971400 
0.972300 
0.972600 
0.973200 
0.973600 
0.976000 
0.976300 
0.976500 
0.976800 
0.977000 
0.978800 
0.978900 
0.979300 
0.979400 
0.980100 
0.980400 
0.981100 
0.981300 
0.981300 
0.981500 
0.982200 
0.982300 
0.983000 
0.984100 
0.984500 
0.985000 
0.985200 
0.985200 
0.985500 
0.985500 
0.985800 
0.985900 
0.986200 
0.986700 
0.986700 
0.986800 
0.988000 
0.988400 
0.989000 
0.989300 
0.989500 
0.991900 
0.992500 
0.992600 
0.993100 
0.993200 
0.994600 
0.994700 
0.995000 
0.995500 
0.996000 
0.997200 
0.998000 
0.998400 
0.999700 
1.002000 
1.003500 
1.003800 
1.003800 
1.004000 
1.004400 
1.005200 
1.005400 
1.005400 
1.005900 
1.005900 
1.006900 
1.007300 
1.007700 
1.008300 
1.009000 
1.009300 
1.009400 
1.009500 
1.010300 
1.010600 
1.011200 
1.011300 
1.011600 
1.012700 
1.013200 
1.013700 
1.014100 
1.014700 
1.014900 
1.015000 
1.015100 
1.015600 
1.015900 
1.016200 
1.016800 
1.018400 
1.018500 
1.018600 
1.019300 
1.019900 
1.020000 
1.020400 
1.020700 
1.021000 
1.021200 
1.021900 
1.023600 
1.023600 
1.024100 
1.024700 
1.025700 
1.026000 
1.026300 
1.026600 
1.026800 
1.027100 
1.027300 
1.028100 
1.028700 
1.029000 
1.029400 
1.029500 
1.029600 
1.030500 
1.032300 
1.032500 
1.032800 
1.033000 
1.033200 
1.034200 
1.034400 
1.034400 
1.034500 
1.034500 
1.035000 
1.035200 
1.035800 
1.036700 
1.036900 
1.037100 
1.038100 
1.038300 
1.039400 
1.040200 
1.041000 
1.042600 
1.042900 
1.042900 
1.043200 
1.043200 
1.043700 
1.043800 
1.044400 
1.044500 
1.044800 
1.045000 
1.045700 
1.045800 
1.046400 
1.046800 
1.047900 
1.049400 
1.049700 
1.051300 
1.051600 
1.052400 
1.052500 
1.053500 
1.053700 
1.053800 
1.054100 
1.054700 
1.055000 
1.055900 
1.055900 
1.056000 
1.056000 
1.056100 
1.056400 
1.056400 
1.056600 
1.057100 
1.057600 
1.057800 
1.058500 
1.058700 
1.058900 
1.059200 
1.059400 
1.059500 
1.059700 
1.061100 
1.062000 
1.063200 
1.063800 
1.064000 
1.064200 
1.065000 
1.066300 
1.066500 
1.067400 
1.070800 
1.070900 
1.071000 
1.072600 
1.072900 
1.073000 
1.073500 
1.074200 
1.075000 
1.075100 
1.075100 
1.075400 
1.075600 
1.076500 
1.077100 
1.077900 
1.078100 
1.078200 
1.078800 
1.078800 
1.079200 
1.079500 
1.079600 
1.079800 
1.079800 
1.080500 
1.080500 
1.081600 
1.081700 
1.081700 
1.082300 
1.082500 
1.083000 
1.083100 
1.084100 
1.085200 
1.085500 
1.086100 
1.086100 
1.086300 
1.087100 
1.088100 
1.088300 
1.088900 
1.088900 
1.089900 
1.090200 
1.090500 
1.091400 
1.093400 
1.094100 
1.094100 
1.094300 
1.095800 
1.095900 
1.096400 
1.096500 
1.098400 
1.099100 
1.099100 
1.099700 
1.100100 
1.100500 
1.101100 
1.101300 
1.101400 
1.102500 
1.103000 
1.104100 
1.104200 
1.105100 
1.107600 
1.107600 
1.107700 
1.108900 
1.109200 
1.110200 
1.110700 
1.111000 
1.111000 
1.113900 
1.117700 
1.117700 
1.119000 
1.119000 
1.119800 
1.120300 
1.121400 
1.122700 
1.124000 
1.124100 
1.124600 
1.124800 
1.125500 
1.126200 
1.126400 
1.126600 
1.126800 
1.128200 
1.128600 
1.128900 
1.129000 
1.129200 
1.129900 
1.130100 
1.130700 
1.131100 
1.131300 
1.131500 
1.131700 
1.132000 
1.132100 
1.133200 
1.134300 
1.134400 
1.134500 
1.134700 
1.135700 
1.135800 
1.136000 
1.136100 
1.136200 
1.136200 
1.136500 
1.137900 
1.138000 
1.138600 
1.138800 
1.139600 
1.140100 
1.140200 
1.140500 
1.140700 
1.140800 
1.143100 
1.143300 
1.145000 
1.145200 
1.145300 
1.146600 
1.147100 
1.147600 
1.148200 
1.149700 
1.150500 
1.151000 
1.153000 
1.155400 
1.155700 
1.155800 
1.157500 
1.158000 
1.158400 
1.159100 
1.159500 
1.159800 
1.160200 
1.160400 
1.161400 
1.161500 
1.162400 
1.163900 
1.164400 
1.164900 
1.166400 
1.167200 
1.167400 
1.167700 
1.168200 
1.169600 
1.169600 
1.169900 
1.170300 
1.171200 
1.172100 
1.172300 
1.174700 
1.174700 
1.174800 
1.175200 
1.175200 
1.175300 
1.176500 
1.177400 
1.179000 
1.179400 
1.180200 
1.182500 
1.182600 
1.182900 
1.183100 
1.183600 
1.183900 
1.183900 
1.184000 
1.184300 
1.184800 
1.185600 
1.185700 
1.185700 
1.185900 
1.186400 
1.186500 
1.186800 
1.186900 
1.187000 
1.188000 
1.188700 
1.189300 
1.189700 
1.189800 
1.190400 
1.191000 
1.192000 
1.192000 
1.192100 
1.192300 
1.192500 
1.193300 
1.193300 
1.193400 
1.193500 
1.194500 
1.195100 
1.195200 
1.195700 
1.195700 
1.196000 
1.197300 
1.197900 
1.198800 
1.199100 
1.200700 
1.200700 
1.200900 
1.201000 
1.201300 
1.201300 
1.201500 
1.201500 
1.201800 
1.202100 
1.202200 
1.204300 
1.204300 
1.204600 
1.204700 
1.204800 
1.205900 
1.205900 
1.206100 
1.208100 
1.208800 
1.209400 
1.209800 
1.210400 
1.210700 
1.211000 
1.211500 
1.213000 
1.213100 
1.213200 
1.214500 
1.215500 
1.215800 
1.215900 
1.216200 
1.216200 
1.217100 
1.217400 
1.217400 
1.218400 
1.218700 
1.218700 
1.218900 
1.219000 
1.219000 
1.219900 
1.220000 
1.220100 
1.220800 
1.221600 
1.222000 
1.223100 
1.224000 
1.224300 
1.224700 
1.224800 
1.226400 
1.226400 
1.226600 
1.227500 
1.230900 
1.231400 
1.231500 
1.231600 
1.232700 
1.232900 
1.233100 
1.233200 
1.233900 
1.234100 
1.234300 
1.234300 
1.235100 
1.235800 
1.236000 
1.236100 
1.236400 
1.236400 
1.237000 
1.237200 
1.237900 
1.238100 
1.238400 
1.238500 
1.239700 
1.239700 
1.240600 
1.241700 
1.241700 
1.242100 
1.242600 
1.242800 
1.244200 
1.245000 
1.245900 
1.246100 
1.247100 
1.247800 
1.248600 
1.248700 
1.249000 
1.249400 
1.249900 
1.250000 
1.250400 
1.250700 
1.250900 
1.251100 
1.251500 
1.251500 
1.251700 
1.251900 
1.252200 
1.252800 
1.253000 
1.253500 
1.254100 
1.254500 
1.255100 
1.255800 
1.255800 
1.256100 
1.256100 
1.257000 
1.257800 
1.259900 
1.260200 
1.260800 
1.261000 
1.261500 
1.261700 
1.262000 
1.262200 
1.262400 
1.263200 
1.264800 
1.265000 
1.265800 
1.265900 
1.266300 
1.267700 
1.268900 
1.269200 
1.269600 
1.269700 
1.269800 
1.269800 
1.270100 
1.271200 
1.273800 
1.273900 
1.274300 
1.274400 
1.274500 
1.274600 
1.275800 
1.276100 
1.276300 
1.276400 
1.277300 
1.277400 
1.277900 
1.278400 
1.278700 
1.279500 
1.279600 
1.279800 
1.281100 
1.281400 
1.281700 
1.282400 
1.282400 
1.284500 
1.284700 
1.286300 
1.286400 
1.287200 
1.288500 
1.289300 
1.290000 
1.290300 
1.290500 
1.291300 
1.291700 
1.292200 
1.292300 
1.293400 
1.294500 
1.295100 
1.295400 
1.295600 
1.298800 
1.299200 
1.299500 
1.299700 
1.300000 
1.300000 
1.300100 
1.300400 
1.300600 
1.300800 
1.301300 
1.301400 
1.302500 
1.303900 
1.304600 
1.304800 
1.304900 
1.305000 
1.306200 
1.306300 
1.306400 
1.306900 
1.308300 
1.308500 
1.308900 
1.310600 
1.311000 
1.311100 
1.311300 
1.311300 
1.311800 
1.312300 
1.312700 
1.314100 
1.314400 
1.315600 
1.316100 
1.316400 
1.316800 
1.316800 
1.317900 
1.318300 
1.318400 
1.318600 
1.318600 
1.318700 
1.319500 
1.320000 
1.320100 
1.320800 
1.322400 
1.322800 
1.323200 
1.323200 
1.323300 
1.323400 
1.324300 
1.325300 
1.326100 
1.326200 
1.326700 
1.326900 
1.327300 
1.327800 
1.328700 
1.330400 
1.330500 
1.330800 
1.330900 
1.332000 
1.333100 
1.333500 
1.334100 
1.335800 
1.336800 
1.337900 
1.338000 
1.338700 
1.341900 
1.342800 
1.343100 
1.343800 
1.343900 
1.346200 
1.346300 
1.346500 
1.347300 
1.348000 
1.348500 
1.348700 
1.349000 
1.349400 
1.349600 
1.349800 
1.349900 
1.349900 
1.350400 
1.351300 
1.351400 
1.351600 
1.352200 
1.353000 
1.353900 
1.355600 
1.355600 
1.355700 
1.355900 
1.356900 
1.357500 
1.357800 
1.358600 
1.358700 
1.358900 
1.360600 
1.360800 
1.360900 
1.362500 
1.362600 
1.362800 
1.363100 
1.363700 
1.364000 
1.364700 
1.364900 
1.364900 
1.365000 
1.366100 
1.366600 
1.367100 
1.367600 
1.368800 
1.369700 
1.370200 
1.370600 
1.371500 
1.371800 
1.372000 
1.372200 
1.372300 
1.372400 
1.373100 
1.373200 
1.373500 
1.374100 
1.374400 
1.374400 
1.374800 
1.376200 
1.377200 
1.378300 
1.378800 
1.379100 
1.379300 
1.379900 
1.380100 
1.380200 
1.380200 
1.381400 
1.381500 
1.382500 
1.383100 
1.383300 
1.383700 
1.383800 
1.384300 
1.384500 
1.384600 
1.385100 
1.386000 
1.386200 
1.387200 
1.389100 
1.390000 
1.390100 
1.390500 
1.390800 
1.391200 
1.393400 
1.393800 
1.394300 
1.394300 
1.394400 
1.394500 
1.394500 
1.396000 
1.397200 
1.397200 
1.397500 
1.397700 
1.397700 
1.399000 
1.399100 
1.400100 
1.400500 
1.400500 
1.401400 
1.401900 
1.402000 
1.403900 
1.404500 
1.407900 
1.408100 
1.408300 
1.409100 
1.411100 
1.411300 
1.411600 
1.411700 
1.411700 
1.412800 
1.412800 
1.413300 
1.413300 
1.413400 
1.413600 
1.414100 
1.415700 
1.416800 
1.417900 
1.420600 
1.421600 
1.422900 
1.424100 
1.424700 
1.426600 
1.426900 
1.427500 
1.427500 
1.427800 
1.427800 
1.429800 
1.429900 
1.430400 
1.432700 
1.433100 
1.434000 
1.435000 
1.435800 
1.435900 
1.436100 
1.436900 
1.437000 
1.437500 
1.437700 
1.439900 
1.440100 
1.440900 
1.441400 
1.441500 
1.442300 
1.442400 
1.442600 
1.442700 
1.443200 
1.444000 
1.444100 
1.444500 
1.445100 
1.445300 
1.446700 
1.447100 
1.447300 
1.448200 
1.448300 
1.448400 
1.448400 
1.448400 
1.449200 
1.451000 
1.451300 
1.451900 
1.452500 
1.453100 
1.453100 
1.454600 
1.455500 
1.455500 
1.455600 
1.456100 
1.456200 
1.456800 
1.456900 
1.457100 
1.457600 
1.458500 
1.458600 
1.459200 
1.459300 
1.460400 
1.461700 
1.461900 
1.462500 
1.463500 
1.464200 
1.464700 
1.465600 
1.466400 
1.466900 
1.467500 
1.468000 
1.468500 
1.469100 
1.469300 
1.469800 
1.469800 
1.469900 
1.470200 
1.470300 
1.470600 
1.470800 
1.475900 
1.475900 
1.476200 
1.476300 
1.477100 
1.477500 
1.477800 
1.479700 
1.481300 
1.481400 
1.481900 
1.484100 
1.485400 
1.486300 
1.487100 
1.489100 
1.489700 
1.490300 
1.491400 
1.491500 
1.491900 
1.492300 
1.492400 
1.492600 
1.492800 
1.493100 
1.493700 
1.494000 
1.494700 
1.495500 
1.495600 
1.496700 
1.497400 
1.498100 
1.498100 
1.498200 
1.498300 
1.498400 
1.500500 
1.500500 
1.501100 
1.501800 
1.502800 
1.503100 
1.503400 
1.503400 
1.504900 
1.505300 
1.505800 
1.506200 
1.506400 
1.506900 
1.510100 
1.511200 
1.511700 
1.512400 
1.512600 
1.512900 
1.513400 
1.514600 
1.515800 
1.516500 
1.517800 
1.519500 
1.519500 
1.519600 
1.519700 
1.519800 
1.521200 
1.521900 
1.522200 
1.522300 
1.522600 
1.523300 
1.523700 
1.524200 
1.526500 
1.526600 
1.528000 
1.528700 
1.530100 
1.531300 
1.531400 
1.532000 
1.532300 
1.533500 
1.533700 
1.533800 
1.534800 
1.535200 
1.535300 
1.535600 
1.536200 
1.536400 
1.537200 
1.537700 
1.538000 
1.538100 
1.538200 
1.538600 
1.538700 
1.539500 
1.540600 
1.541900 
1.542200 
1.542400 
1.542800 
1.544200 
1.544300 
1.544400 
1.545200 
1.546200 
1.546300 
1.546300 
1.546600 
1.546700 
1.547000 
1.547700 
1.548000 
1.548000 
1.548100 
1.549100 
1.551300 
1.551700 
1.551900 
1.552700 
1.552800 
1.553800 
1.554400 
1.554500 
1.555200 
1.555300 
1.555600 
1.557700 
1.558900 
1.560000 
1.560600 
1.560800 
1.561100 
1.562300 
1.562400 
1.562600 
1.563000 
1.563100 
1.564600 
1.565100 
1.565300 
1.565400 
1.566100 
1.566500 
1.566500 
1.567000 
1.567300 
1.568300 
1.569800 
1.569800 
1.569900 
1.571100 
1.571400 
1.573400 
1.573400 
1.573500 
1.574000 
1.574100 
1.574800 
1.574800 
1.574800 
1.575000 
1.575000 
1.577200 
1.577400 
1.579900 
1.580000 
1.581000 
1.582000 
1.582800 
1.583600 
1.583800 
1.585900 
1.585900 
1.586400 
1.587200 
1.588500 
1.588800 
1.589300 
1.589400 
1.590500 
1.590900 
1.591800 
1.592200 
1.592800 
1.593500 
1.593600 
1.595000 
1.595200 
1.595300 
1.595400 
1.595700 
1.595800 
1.595900 
1.596900 
1.597000 
1.598300 
1.598500 
1.598700 
1.599000 
1.599600 
1.599900 
1.601200 
1.601200 
1.601300 
1.602000 
1.602300 
1.602500 
1.603000 
1.603300 
1.603500 
1.604200 
1.604800 
1.605000 
1.605500 
1.605900 
1.606000 
1.606300 
1.606500 
1.606900 
1.607000 
1.607900 
1.608000 
1.609300 
1.610300 
1.610400 
1.610500 
1.611600 
1.613600 
1.613800 
1.614200 
1.614400 
1.615000 
1.615100 
1.615200 
1.615400 
1.615400 
1.616200 
1.617900 
1.620000 
1.620400 
1.620700 
1.621000 
1.621600 
1.623800 
1.624200 
1.624700 
1.625300 
1.626300 
1.626600 
1.627600 
1.628100 
1.629100 
1.629600 
1.630900 
1.631400 
1.632100 
1.632500 
1.633200 
1.633600 
1.634100 
1.635800 
1.636100 
1.638000 
1.638300 
1.639700 
1.640000 
1.641200 
1.641500 
1.641900 
1.642000 
1.643800 
1.643900 
1.644100 
1.645300 
1.645700 
1.646600 
1.646600 
1.646900 
1.647600 
1.647900 
1.648000 
1.649000 
1.649400 
1.649500 
1.649800 
1.650000 
1.650600 
1.651400 
1.652300 
1.652800 
1.652800 
1.654200 
1.654300 
1.655200 
1.656100 
1.658100 
1.658200 
1.659200 
1.659800 
1.660200 
1.660300 
1.660400 
1.660800 
1.661100 
1.661200 
1.662300 
1.662800 
1.665900 
1.666000 
1.666800 
1.667100 
1.667400 
1.668000 
1.668300 
1.669200 
1.670300 
1.670300 
1.670900 
1.671300 
1.672000 
1.672100 
1.672300 
1.672500 
1.673100 
1.673200 
1.674500 
1.675100 
1.675100 
1.675300 
1.675400 
1.675600 
1.676000 
1.676300 
1.676600 
1.676700 
1.676900 
1.677400 
1.677800 
1.678500 
1.679300 
1.679300 
1.679400 
1.680500 
1.680900 
1.681200 
1.681500 
1.682200 
1.682200 
1.683800 
1.684400 
1.685400 
1.685600 
1.685800 
1.686200 
1.686300 
1.686700 
1.687000 
1.687100 
1.687200 
1.687200 
1.687400 
1.687700 
1.687800 
1.688400 
1.688500 
1.689000 
1.689000 
1.689100 
1.689900 
1.690100 
1.692100 
1.693000 
1.693100 
1.694300 
1.694400 
1.694500 
1.694500 
1.694900 
1.695600 
1.696000 
1.696900 
1.697100 
1.697500 
1.698000 
1.699100 
1.700300 
1.700700 
1.700800 
1.700900 
1.701500 
1.701600 
1.701600 
1.701700 
1.701900 
1.702300 
1.702900 
1.702900 
1.704600 
1.705000 
1.705500 
1.707900 
1.708000 
1.708600 
1.708600 
1.708800 
1.708800 
1.709800 
1.710200 
1.711100 
1.711100 
1.713200 
1.714200 
1.714300 
1.715000 
1.715100 
1.715800 
1.716200 
1.717000 
1.718100 
1.718400 
1.718500 
1.718700 
1.718700 
1.720900 
1.721000 
1.721200 
1.722300 
1.722600 
1.722700 
1.723600 
1.724200 
1.724200 
1.725600 
1.725800 
1.726700 
1.727100 
1.727900 
1.728900 
1.729600 
1.730100 
1.731800 
1.732300 
1.732800 
1.733100 
1.733800 
1.734200 
1.736700 
1.737000 
1.737500 
1.738300 
1.738400 
1.738600 
1.740300 
1.740900 
1.741100 
1.741600 
1.742100 
1.742600 
1.742800 
1.744000 
1.744100 
1.744400 
1.744500 
1.745400 
1.745500 
1.745600 
1.745600 
1.746300 
1.746700 
1.747100 
1.747300 
1.748600 
1.749000 
1.749400 
1.749600 
1.750000 
1.750300 
1.751900 
1.752900 
1.752900 
1.753800 
1.754500 
1.755200 
1.755600 
1.756600 
1.757200 
1.758400 
1.760500 
1.760700 
1.760700 
1.761100 
1.761400 
1.762500 
1.762500 
1.763700 
1.764600 
1.764600 
1.764700 
1.765400 
1.765500 
1.765800 
1.766100 
1.767100 
1.767200 
1.767300 
1.768300 
1.769700 
1.770000 
1.770000 
1.770500 
1.771500 
1.771900 
1.773900 
1.775300 
1.775300 
1.775700 
1.776200 
1.777400 
1.778600 
1.778700 
1.782500 
1.783300 
1.784400 
1.785700 
1.786000 
1.786500 
1.787600 
1.789300 
1.789900 
1.792300 
1.792400 
1.792400 
1.792700 
1.793500 
1.795100 
1.795500 
1.795800 
1.796800 
1.799300 
1.800000 
1.800300 
1.800400 
1.800700 
1.803700 
1.804500 
1.804800 
1.804800 
1.805100 
1.808700 
1.809400 
1.809600 
1.810100 
1.810200 
1.810700 
1.811000 
1.813600 
1.813700 
1.815000 
1.817800 
1.818300 
1.818700 
1.818800 
1.819000 
1.820100 
1.820200 
1.821500 
1.821800 
1.822600 
1.822900 
1.822900 
1.823400 
1.823600 
1.823900 
1.825200 
1.825600 
1.825900 
1.826100 
1.826500 
1.827400 
1.827400 
1.827500 
1.828900 
1.829700 
1.829800 
1.830200 
1.830500 
1.830900 
1.831500 
1.831800 
1.831800 
1.832600 
1.833200 
1.834600 
1.834600 
1.834700 
1.834700 
1.834800 
1.835300 
1.836000 
1.837000 
1.837100 
1.837200 
1.837200 
1.837400 
1.837800 
1.837800 
1.838100 
1.838200 
1.839200 
1.839700 
1.840300 
1.840900 
1.841300 
1.841400 
1.842300 
1.842400 
1.844300 
1.844300 
1.845400 
1.845700 
1.845800 
1.846200 
1.846300 
1.846400 
1.846700 
1.847200 
1.848400 
1.848800 
1.850500 
1.850900 
1.851300 
1.851900 
1.854100 
1.854100 
1.854200 
1.854500 
1.854800 
1.855500 
1.856100 
1.856900 
1.858500 
1.858900 
1.860200 
1.860600 
1.861600 
1.862800 
1.863700 
1.864000 
1.865100 
1.865200 
1.865700 
1.865800 
1.866000 
1.866200 
1.866800 
1.867200 
1.867300 
1.867400 
1.867500 
1.867500 
1.867800 
1.867800 
1.868500 
1.868800 
1.868900 
1.869100 
1.869400 
1.869400 
1.869600 
1.870000 
1.870100 
1.870600 
1.870700 
1.870900 
1.871000 
1.871000 
1.871600 
1.872000 
1.872500 
1.873100 
1.873100 
1.874100 
1.874500 
1.874900 
1.875000 
1.875900 
1.875900 
1.876100 
1.876800 
1.877900 
1.877900 
1.878000 
1.878100 
1.879100 
1.879400 
1.882500 
1.882700 
1.882700 
1.884800 
1.885000 
1.885800 
1.885800 
1.886500 
1.887400 
1.888300 
1.888800 
1.888800 
1.889100 
1.889600 
1.890000 
1.890300 
1.890600 
1.890700 
1.891800 
1.892400 
1.892500 
1.892900 
1.894200 
1.894300 
1.895400 
1.895600 
1.895800 
1.895900 
1.895900 
1.897400 
1.897500 
1.897700 
1.897800 
1.898300 
1.900200 
1.901300 
1.901300 
1.901600 
1.903600 
1.904500 
1.905000 
1.907800 
1.908400 
1.908400 
1.908500 
1.908800 
1.909400 
1.909400 
1.910200 
1.910600 
1.910700 
1.911000 
1.911400 
1.912500 
1.912800 
1.914700 
1.915400 
1.916000 
1.917400 
1.919300 
1.919900 
1.920100 
1.920600 
1.921100 
1.921700 
1.922200 
1.922400 
1.923300 
1.923500 
1.923600 
1.924300 
1.924400 
1.925000 
1.925400 
1.926000 
1.926100 
1.926500 
1.927300 
1.927900 
1.928000 
1.929900 
1.930400 
1.931400 
1.932200 
1.932300 
1.932700 
1.933500 
1.935000 
1.935200 
1.936100 
1.936100 
1.936400 
1.936700 
1.937200 
1.937500 
1.937800 
1.937900 
1.938000 
1.938100 
1.938100 
1.939300 
1.939600 
1.941100 
1.941300 
1.942100 
1.942400 
1.944000 
1.944000 
1.944100 
1.944200 
1.944300 
1.945400 
1.946300 
1.946600 
1.948400 
1.949500 
1.949600 
1.950400 
1.950700 
1.953200 
1.953300 
1.954500 
1.956500 
1.957500 
1.958700 
1.960600 
1.960700 
1.960800 
1.961000 
1.961800 
1.962200 
1.963100 
1.963400 
1.963700 
1.964300 
1.964300 
1.964600 
1.964700 
1.965100 
1.965200 
1.965800 
1.965900 
1.966600 
1.967600 
1.967800 
1.968700 
1.970300 
1.970400 
1.970700 
1.971400 
1.972200 
1.974100 
1.975400 
1.975500 
1.975900 
1.976100 
1.976300 
1.977300 
1.977600 
1.978100 
1.979000 
1.979300 
1.981900 
1.982600 
1.982800 
1.984700 
1.986300 
1.986400 
1.987200 
1.988800 
1.990200 
1.990500 
1.990500 
1.990800 
1.991100 
1.991100 
1.992600 
1.993000 
1.993100 
1.993300 
1.993700 
1.994700 
1.994700 
1.995100 
1.995400 
1.995400 
1.999000 
1.999800 
1.999900 
1.999900 
2.000600 
2.001200 
2.001800 
2.002100 
2.002300 
2.002400 
2.002400 
2.002500 
2.003100 
2.003300 
2.003400 
2.004200 
2.004700 
2.004800 
2.005000 
2.005400 
2.005500 
2.006400 
2.006600 
2.006800 
2.007100 
2.007100 
2.009000 
2.009000 
2.009400 
2.009800 
2.010000 
2.010000 
2.010500 
2.010900 
2.011100 
2.011500 
2.012600 
2.014100 
2.014600 
2.014800 
2.015300 
2.016200 
2.016600 
2.018800 
2.019000 
2.019500 
2.019500 
2.019600 
2.021000 
2.021200 
2.021700 
2.022400 
2.023300 
2.024000 
2.024500 
2.026700 
2.027500 
2.027700 
2.027900 
2.028000 
2.028100 
2.029000 
2.029600 
2.030800 
2.031900 
2.032700 
2.034000 
2.034700 
2.034800 
2.034900 
2.036500 
2.037700 
2.039500 
2.040300 
2.040500 
2.040600 
2.040800 
2.041500 
2.042200 
2.042700 
2.043000 
2.043200 
2.043300 
2.044400 
2.045000 
2.045000 
2.045500 
2.045700 
2.045800 
2.047500 
2.048800 
2.049000 
2.049000 
2.049200 
2.050100 
2.050200 
2.050500 
2.051600 
2.052900 
2.054300 
2.054500 
2.054700 
2.057200 
2.057800 
2.057800 
2.058100 
2.060600 
2.060600 
2.061500 
2.062400 
2.063100 
2.063400 
2.063600 
2.063700 
2.064100 
2.064800 
2.064800 
2.066400 
2.067200 
2.067400 
2.067700 
2.068200 
2.068400 
2.068400 
2.069200 
2.069500 
2.069900 
2.070100 
2.070500 
2.071600 
2.072200 
2.075000 
2.075000 
2.075200 
2.075900 
2.076300 
2.076800 
2.079200 
2.079500 
2.079500 
2.079900 
2.080000 
2.080100 
2.080400 
2.081200 
2.081200 
2.081400 
2.081400 
2.083100 
2.083100 
2.083700 
2.084300 
2.084600 
2.085000 
2.085600 
2.086300 
2.086400 
2.086500 
2.086700 
2.086800 
2.087600 
2.087800 
2.087900 
2.088000 
2.089000 
2.089400 
2.090400 
2.090700 
2.091000 
2.091400 
2.091800 
2.092100 
2.093200 
2.093900 
2.094500 
2.095300 
2.095700 
2.096600 
2.097600 
2.098400 
2.098700 
2.100800 
2.100900 
2.101000 
2.101300 
2.101600 
2.102300 
2.102600 
2.105300 
2.105700 
2.106000 
2.106600 
2.106900 
2.107000 
2.108000 
2.108300 
2.109800 
2.110200 
2.110500 
2.111100 
2.111400 
2.111800 
2.111900 
2.112100 
2.112400 
2.112600 
2.113800 
2.114600 
2.114700 
2.114900 
2.116100 
2.116700 
2.118100 
2.118700 
2.118800 
2.120200 
2.122200 
2.122500 
2.123200 
2.124900 
2.124900 
2.126400 
2.126800 
2.127700 
2.128400 
2.128600 
2.128800 
2.130000 
2.130700 
2.131400 
2.132300 
2.132600 
2.132900 
2.134000 
2.134300 
2.134400 
2.135500 
2.135500 
2.136100 
2.137200 
2.137700 
2.137900 
2.138300 
2.140100 
2.140500 
2.140600 
2.140600 
2.141900 
2.142700 
2.143000 
2.143500 
2.145000 
2.145300 
2.145300 
2.145800 
2.146000 
2.146400 
2.146700 
2.148300 
2.149300 
2.149400 
2.149500 
2.150000 
2.150000 
2.151700 
2.152600 
2.152800 
2.153100 
2.153300 
2.155800 
2.156900 
2.157100 
2.157200 
2.157400 
2.157500 
2.157800 
2.158000 
2.158400 
2.158700 
2.159200 
2.159400 
2.160000 
2.161000 
2.161200 
2.161400 
2.162000 
2.162400 
2.162500 
2.162700 
2.163100 
2.163300 
2.163500 
2.163600 
2.163600 
2.164900 
2.165500 
2.165700 
2.167100 
2.167700 
2.168400 
2.168700 
2.168700 
2.168900 
2.169400 
2.169700 
2.169800 
2.170500 
2.170900 
2.171700 
2.171800 
2.172200 
2.172700 
2.172800 
2.175400 
2.175600 
2.175700 
2.175900 
2.176200 
2.176300 
2.176400 
2.176600 
2.177500 
2.181000 
2.181400 
2.182600 
2.183200 
2.183600 
2.183800 
2.184100 
2.184700 
2.189200 
2.189400 
2.189600 
2.189700 
2.189900 
2.190100 
2.190600 
2.190800 
2.191300 
2.192000 
2.192200 
2.193000 
2.193500 
2.193500 
2.194000 
2.194400 
2.194700 
2.194900 
2.194900 
2.195100 
2.195800 
2.196000 
2.196700 
2.197000 
2.197400 
2.197400 
2.198400 
2.200500 
2.202100 
2.202100 
2.202400 
2.204000 
2.204000 
2.205000 
2.205400 
2.205700 
2.206000 
2.206600 
2.206700 
2.206800 
2.206800 
2.207200 
2.208500 
2.209200 
2.211300 
2.211600 
2.212400 
2.212600 
2.213400 
2.213800 
2.214900 
2.215000 
2.215200 
2.215800 
2.215900 
2.216700 
2.217300 
2.217800 
2.218500 
2.218600 
2.219400 
2.219900 
2.220000 
2.220700 
2.222400 
2.223100 
2.224300 
2.224400 
2.225600 
2.225600 
2.226500 
2.227200 
2.227300 
2.227600 
2.228000 
2.228800 
2.228900 
2.229000 
2.229400 
2.230000 
2.231600 
2.231600 
2.232400 
2.232500 
2.232500 
2.232700 
2.233100 
2.233800 
2.233900 
2.234200 
2.234300 
2.234900 
2.235500 
2.235900 
2.238400 
2.238500 
2.238500 
2.238900 
2.239300 
2.240100 
2.241600 
2.241800 
2.242000 
2.242600 
2.242800 
2.243000 
2.243400 
2.243500 
2.244000 
2.244100 
2.244500 
2.245800 
2.246000 
2.246700 
2.246900 
2.247500 
2.248000 
2.248900 
2.249400 
2.249500 
2.249800 
2.250700 
2.250800 
2.251300 
2.251400 
2.252400 
2.252400 
2.252500 
2.252900 
2.252900 
2.253200 
2.253600 
2.253600 
2.253900 
2.260200 
2.260300 
2.261200 
2.261300 
2.261300 
2.262000 
2.262400 
2.264000 
2.264100 
2.265400 
2.265800 
2.268500 
2.269000 
2.269000 
2.269400 
2.269600 
2.269600 
2.270200 
2.270300 
2.271300 
2.271700 
2.271800 
2.272800 
2.273700 
2.273800 
2.274500 
2.274700 
2.274900 
2.275800 
2.276000 
2.276100 
2.276900 
2.277100 
2.277900 
2.278400 
2.278500 
2.278800 
2.279100 
2.279400 
2.280800 
2.280800 
2.281500 
2.282000 
2.283000 
2.283100 
2.283400 
2.283600 
2.284600 
2.285600 
2.286600 
2.287500 
2.288100 
2.288200 
2.288500 
2.289000 
2.289200 
2.290700 
2.291800 
2.292200 
2.293800 
2.293900 
2.294500 
2.294600 
2.295500 
2.296100 
2.297600 
2.298700 
2.299100 
2.299400 
2.300100 
2.301000 
2.302000 
2.303000 
2.304300 
2.306100 
2.307200 
2.307300 
2.307400 
2.308300 
2.308400 
2.309600 
2.309800 
2.310600 
2.311000 
2.311200 
2.311500 
2.312300 
2.312500 
2.313000 
2.313700 
2.313900 
2.314700 
2.314800 
2.316400 
2.316800 
2.316800 
2.316900 
2.317500 
2.317800 
2.319200 
2.320400 
2.320600 
2.321300 
2.321500 
2.321600 
2.322400 
2.322900 
2.323100 
2.323200 
2.324000 
2.325100 
2.325100 
2.326400 
2.329100 
2.329300 
2.329800 
2.330100 
2.330300 
2.330500 
2.331300 
2.331400 
2.331500 
2.331500 
2.332500 
2.333000 
2.333600 
2.333600 
2.334000 
2.334000 
2.334200 
2.335100 
2.335500 
2.338500 
2.338800 
2.341000 
2.341300 
2.341600 
2.341600 
2.342600 
2.343300 
2.344800 
2.344800 
2.345000 
2.345600 
2.346000 
2.346600 
2.346800 
2.347300 
2.347500 
2.347600 
2.347600 
2.349800 
2.349800 
2.351700 
2.351800 
2.351900 
2.352400 
2.352700 
2.352800 
2.353100 
2.353500 
2.355100 
2.355200 
2.355700 
2.356400 
2.356600 
2.356700 
2.357800 
2.357800 
2.359000 
2.359000 
2.359300 
2.361600 
2.362400 
2.363300 
2.363900 
2.364300 
2.365100 
2.365200 
2.365400 
2.365500 
2.365500 
2.366300 
2.366400 
2.367300 
2.368700 
2.368700 
2.368900 
2.369200 
2.369300 
2.369700 
2.370900 
2.371300 
2.373300 
2.373300 
2.373800 
2.374100 
2.374500 
2.375600 
2.376400 
2.376400 
2.376600 
2.378300 
2.378500 
2.379700 
2.380500 
2.380800 
2.381100 
2.381400 
2.381400 
2.382400 
2.382900 
2.383200 
2.383500 
2.384900 
2.384900 
2.385000 
2.385500 
2.385700 
2.385700 
2.386400 
2.386800 
2.387000 
2.388600 
2.388700 
2.390400 
2.390400 
2.390600 
2.390600 
2.390800 
2.391000 
2.391100 
2.392000 
2.392000 
2.392600 
2.392600 
2.393400 
2.393500 
2.393700 
2.394300 
2.394800 
2.394900 
2.394900 
2.395200 
2.395800 
2.396000 
2.396100 
2.396100 
2.396200 
2.397100 
2.397500 
2.397800 
2.398500 
2.398800 
2.398800 
2.399000 
2.399300 
2.399500 
2.399800 
2.399800 
2.400700 
2.401000 
2.401500 
2.401700 
2.403300 
2.403700 
2.403700 
2.404100 
2.404300 
2.404700 
2.406700 
2.406700 
2.407000 
2.408300 
2.408400 
2.408700 
2.408800 
2.408900 
2.409400 
2.409400 
2.411200 
2.411900 
2.412900 
2.412900 
2.413400 
2.413600 
2.414400 
2.415500 
2.415800 
2.416300 
2.416400 
2.419300 
2.420700 
2.420800 
2.421500 
2.422100 
2.422400 
2.422400 
2.422500 
2.422700 
2.424200 
2.424500 
2.425400 
2.425800 
2.426400 
2.427100 
2.427300 
2.429600 
2.429700 
2.430300 
2.430900 
2.430900 
2.431100 
2.431400 
2.431700 
2.431800 
2.432500 
2.432800 
2.432900 
2.433500 
2.433600 
2.433700 
2.434100 
2.434700 
2.434700 
2.435000 
2.436100 
2.436700 
2.436800 
2.438000 
2.438200 
2.438500 
2.438500 
2.439100 
2.439400 
2.439400 
2.441700 
2.442200 
2.443500 
2.444300 
2.444400 
2.444500 
2.445600 
2.446000 
2.446200 
2.446300 
2.446600 
2.447300 
2.447600 
2.447900 
2.448500 
2.449700 
2.450000 
2.451300 
2.451600 
2.452600 
2.452600 
2.453600 
2.453700 
2.456100 
2.456900 
2.456900 
2.457300 
2.457600 
2.458100 
2.458400 
2.458500 
2.459300 
2.459500 
2.459800 
2.460600 
2.462800 
2.463300 
2.463400 
2.463900 
2.464500 
2.465300 
2.468000 
2.468100 
2.468200 
2.468700 
2.469700 
2.470200 
2.470200 
2.470800 
2.471100 
2.471100 
2.473200 
2.473900 
2.475100 
2.475200 
2.476600 
2.476800 
2.476900 
2.477400 
2.478600 
2.479000 
2.479500 
2.479600 
2.479800 
2.480200 
2.480200 
2.480300 
2.480400 
2.480500 
2.480600 
2.480800 
2.482500 
2.482700 
2.484100 
2.484300 
2.484400 
2.484600 
2.484800 
2.486500 
2.487100 
2.487300 
2.489200 
2.489200 
2.489600 
2.489600 
2.490000 
2.490200 
2.490600 
2.491400 
2.491700 
2.491900 
2.492300 
2.492800 
2.492800 
2.493700 
2.494000 
2.494400 
2.497000 
2.497500 
2.497900 
2.498000 
2.498900 
2.500700 
2.502200 
2.502400 
2.504100 
2.504500 
2.504600 
2.504700 
2.505100 
2.505400 
2.505500 
2.506300 
2.506800 
2.507600 
2.508000 
2.508700 
2.509400 
2.512600 
2.513300 
2.514100 
2.514200 
2.515400 
2.515900 
2.515900 
2.515900 
2.516700 
2.517000 
2.518000 
2.518000 
2.518400 
2.519100 
2.520900 
2.521000 
2.521300 
2.521400 
2.521600 
2.522400 
2.525100 
2.525200 
2.525500 
2.525900 
2.526400 
2.526900 
2.526900 
2.527600 
2.527800 
2.528400 
2.528500 
2.529400 
2.529500 
2.529500 
2.529900 
2.532700 
2.532800 
2.533100 
2.533400 
2.533900 
2.534300 
2.535000 
2.535500 
2.535500 
2.536000 
2.537000 
2.538000 
2.538000 
2.538100 
2.540200 
2.540900 
2.541000 
2.541300 
2.543200 
2.543400 
2.543500 
2.544300 
2.545100 
2.545600 
2.546200 
2.546600 
2.546700 
2.547100 
2.547300 
2.547400 
2.547500 
2.548100 
2.548100 
2.548300 
2.549500 
2.549900 
2.550600 
2.550800 
2.550800 
2.551200 
2.551800 
2.552700 
2.553600 
2.553900 
2.553900 
2.554500 
2.554800 
2.555100 
2.556800 
2.557800 
2.558300 
2.558700 
2.559900 
2.560100 
2.560300 
2.560500 
2.561200 
2.562000 
2.562000 
2.562900 
2.563300 
2.564300 
2.565300 
2.565700 
2.565900 
2.566100 
2.567100 
2.567400 
2.568700 
2.568700 
2.569200 
2.570600 
2.570800 
2.570900 
2.572000 
2.572800 
2.573100 
2.573400 
2.574400 
2.574700 
2.574800 
2.575600 
2.575900 
2.576400 
2.576900 
2.577200 
2.578400 
2.578600 
2.578600 
2.579300 
2.579800 
2.581100 
2.581300 
2.582000 
2.583800 
2.584400 
2.584600 
2.585900 
2.586200 
2.587100 
2.587100 
2.587700 
2.588300 
2.588500 
2.588700 
2.588800 
2.589100 
2.589200 
2.590100 
2.590800 
2.591000 
2.591200 
2.593100 
2.593700 
2.595800 
2.596900 
2.598600 
2.599200 
2.600100 
2.600600 
2.600700 
2.601100 
2.601200 
2.601500 
2.601500 
2.601800 
2.602400 
2.602600 
2.602700 
2.603100 
2.603600 
2.604500 
2.605700 
2.605700 
2.606700 
2.607100 
2.607500 
2.607700 
2.608000 
2.608800 
2.608800 
2.609600 
2.611600 
2.611700 
2.611800 
2.612600 
2.612600 
2.613600 
2.615100 
2.617400 
2.617600 
2.617600 
2.619000 
2.619800 
2.620200 
2.620200 
2.620300 
2.621000 
2.622900 
2.623100 
2.623300 
2.623600 
2.623700 
2.624400 
2.624900 
2.625600 
2.625600 
2.625700 
2.625700 
2.626000 
2.626300 
2.626800 
2.627000 
2.629600 
2.629800 
2.632100 
2.632500 
2.632900 
2.633500 
2.635000 
2.635000 
2.635400 
2.635600 
2.636300 
2.636600 
2.637800 
2.637900 
2.638300 
2.638900 
2.639300 
2.639400 
2.639500 
2.639700 
2.641300 
2.641400 
2.641500 
2.642100 
2.642400 
2.642800 
2.643100 
2.643400 
2.643600 
2.644300 
2.644800 
2.644900 
2.645400 
2.645700 
2.646100 
2.647100 
2.647600 
2.648300 
2.648500 
2.649200 
2.650100 
2.650600 
2.650600 
2.650800 
2.651800 
2.652800 
2.652900 
2.653200 
2.654200 
2.654400 
2.654600 
2.654600 
2.655200 
2.655500 
2.656100 
2.656500 
2.657600 
2.657900 
2.658000 
2.659000 
2.659100 
2.660700 
2.661400 
2.661900 
2.662300 
2.662600 
2.663000 
2.663200 
2.663400 
2.664000 
2.665000 
2.665500 
2.665700 
2.666000 
2.666100 
2.667000 
2.667300 
2.667600 
2.668300 
2.669000 
2.669100 
2.669400 
2.669400 
2.670200 
2.670900 
2.671200 
2.671300 
2.671300 
2.671400 
2.673000 
2.673600 
2.676100 
2.677700 
2.678300 
2.678500 
2.678900 
2.679200 
2.679900 
2.680000 
2.680300 
2.680400 
2.681100 
2.681600 
2.681900 
2.682000 
2.682700 
2.683400 
2.683800 
2.683900 
2.684800 
2.685100 
2.685400 
2.686200 
2.686500 
2.686500 
2.686600 
2.686700 
2.686700 
2.686800 
2.688800 
2.690200 
2.692300 
2.692500 
2.693200 
2.693300 
2.693600 
2.693800 
2.694000 
2.694900 
2.695200 
2.695200 
2.695200 
2.695400 
2.695400 
2.695500 
2.697000 
2.697700 
2.698300 
2.698500 
2.698600 
2.698600 
2.699700 
2.699800 
2.700500 
2.701800 
2.702500 
2.703300 
2.704300 
2.705100 
2.705400 
2.706800 
2.707100 
2.707200 
2.707500 
2.708100 
2.708300 
2.709900 
2.710300 
2.710600 
2.710800 
2.710900 
2.711400 
2.711700 
2.712800 
2.713200 
2.713600 
2.714000 
2.714100 
2.714100 
2.714600 
2.714700 
2.714800 
2.715000 
2.715100 
2.715800 
2.716600 
2.717100 
2.717200 
2.717400 
2.717900 
2.718400 
2.718500 
2.718900 
2.719000 
2.719500 
2.720100 
2.720300 
2.720600 
2.720900 
2.721000 
2.722200 
2.722300 
2.722900 
2.724300 
2.724500 
2.724800 
2.725600 
2.725800 
2.726600 
2.726700 
2.727100 
2.727500 
2.728900 
2.729400 
2.731300 
2.731500 
2.733500 
2.733900 
2.734400 
2.734400 
2.734600 
2.734800 
2.734900 
2.735100 
2.735700 
2.736200 
2.736800 
2.737000 
2.737400 
2.737600 
2.738200 
2.739200 
2.739400 
2.739400 
2.739600 
2.740000 
2.740300 
2.740900 
2.741600 
2.742700 
2.743500 
2.744600 
2.745900 
2.746700 
2.748000 
2.748600 
2.749000 
2.749100 
2.749600 
2.749800 
2.750300 
2.750500 
2.750500 
2.750800 
2.751000 
2.751300 
2.751400 
2.751500 
2.752000 
2.752200 
2.754600 
2.755500 
2.756000 
2.756200 
2.756300 
2.757400 
2.757600 
2.758100 
2.758800 
2.759200 
2.760400 
2.760800 
2.761300 
2.761700 
2.762100 
2.762200 
2.762500 
2.762600 
2.763100 
2.764100 
2.764200 
2.764500 
2.764700 
2.765200 
2.766900 
2.767800 
2.768300 
2.768300 
2.768300 
2.768400 
2.768700 
2.769200 
2.769500 
2.769800 
2.771200 
2.772100 
2.772200 
2.773300 
2.774000 
2.774400 
2.774400 
2.774500 
2.774700 
2.775200 
2.775200 
2.775300 
2.775600 
2.775600 
2.776200 
2.776600 
2.776600 
2.777500 
2.777700 
2.778400 
2.778900 
2.779200 
2.779500 
2.779600 
2.779600 
2.780500 
2.780700 
2.780800 
2.781400 
2.781500 
2.782400 
2.782500 
2.782800 
2.782900 
2.783100 
2.783500 
2.784000 
2.784200 
2.784600 
2.785400 
2.786100 
2.786400 
2.787000 
2.787300 
2.787300 
2.787500 
2.787500 
2.787800 
2.789400 
2.790400 
2.790400 
2.791100 
2.792000 
2.793000 
2.793500 
2.794100 
2.794200 
2.794500 
2.794500 
2.796200 
2.796700 
2.797300 
2.798400 
2.798400 
2.799100 
2.799600 
2.799800 
2.800200 
2.800700 
2.801000 
2.801200 
2.801700 
2.801900 
2.804200 
2.805000 
2.805100 
2.805400 
2.806100 
2.806400 
2.806500 
2.808600 
2.808800 
2.810000 
2.810000 
2.810800 
2.810800 
2.811000 
2.811300 
2.811400 
2.813200 
2.813600 
2.814300 
2.814700 
2.814900 
2.815400 
2.815600 
2.816800 
2.816800 
2.817800 
2.818500 
2.818900 
2.819600 
2.820300 
2.820700 
2.820800 
2.821400 
2.821600 
2.822300 
2.823000 
2.823000 
2.825100 
2.825300 
2.825700 
2.825700 
2.827300 
2.828000 
2.828300 
2.829100 
2.830000 
2.830500 
2.831200 
2.831400 
2.832100 
2.832800 
2.832800 
2.832900 
2.834300 
2.834600 
2.835600 
2.836700 
2.837400 
2.837700 
2.838200 
2.838300 
2.838600 
2.839400 
2.840000 
2.840500 
2.840800 
2.840800 
2.840900 
2.841700 
2.842300 
2.842300 
2.843500 
2.844300 
2.844500 
2.844600 
2.844600 
2.844900 
2.845900 
2.846000 
2.846400 
2.847300 
2.847900 
2.848300 
2.848500 
2.848800 
2.848900 
2.849200 
2.849600 
2.849900 
2.850800 
2.851200 
2.851600 
2.852200 
2.852400 
2.852900 
2.853000 
2.853500 
2.853600 
2.853900 
2.854300 
2.855000 
2.855000 
2.857100 
2.857700 
2.858600 
2.858800 
2.859100 
2.859200 
2.859200 
2.859500 
2.859900 
2.860100 
2.860300 
2.861000 
2.861000 
2.861200 
2.861300 
2.861900 
2.862400 
2.862800 
2.862900 
2.864000 
2.864300 
2.864600 
2.864800 
2.865100 
2.865500 
2.865800 
2.867300 
2.868200 
2.868300 
2.868400 
2.869800 
2.870500 
2.870900 
2.871300 
2.871500 
2.871500 
2.871600 
2.871900 
2.874400 
2.874800 
2.875500 
2.875600 
2.875700 
2.877200 
2.878100 
2.879200 
2.881100 
2.881200 
2.881200 
2.881900 
2.883600 
2.884200 
2.884500 
2.884800 
2.885200 
2.885600 
2.885700 
2.885900 
2.886300 
2.886700 
2.886900 
2.888200 
2.889000 
2.890600 
2.890600 
2.891000 
2.891000 
2.892100 
2.892600 
2.893100 
2.894000 
2.898000 
2.898200 
2.898200 
2.898600 
2.899200 
2.899400 
2.899800 
2.900000 
2.900200 
2.900400 
2.900500 
2.901200 
2.901900 
2.901900 
2.902300 
2.902500 
2.902500 
2.903300 
2.904100 
2.904500 
2.905400 
2.906500 
2.906700 
2.907200 
2.907300 
2.907700 
2.908300 
2.909900 
2.911000 
2.911100 
2.913400 
2.914400 
2.914900 
2.914900 
2.915900 
2.916500 
2.916700 
2.917100 
2.917600 
2.918100 
2.918200 
2.918700 
2.920300 
2.920400 
2.920400 
2.921000 
2.921500 
2.922000 
2.922000 
2.922200 
2.922500 
2.922600 
2.922800 
2.923400 
2.923800 
2.923900 
2.924000 
2.924100 
2.924500 
2.925800 
2.926900 
2.927300 
2.927400 
2.929300 
2.929600 
2.930000 
2.931200 
2.931500 
2.931600 
2.932000 
2.932200 
2.934700 
2.935300 
2.935300 
2.935800 
2.936100 
2.936100 
2.936500 
2.936600 
2.936900 
2.939100 
2.939700 
2.939700 
2.940400 
2.941300 
2.941400 
2.941800 
2.942000 
2.943800 
2.944400 
2.944500 
2.946400 
2.946500 
2.946600 
2.946600 
2.948500 
2.948900 
2.949200 
2.950000 
2.950300 
2.950300 
2.950300 
2.950600 
2.951100 
2.951600 
2.952300 
2.952800 
2.952800 
2.953700 
2.953700 
2.954400 
2.954600 
2.954800 
2.956000 
2.956600 
2.956600 
2.956900 
2.957000 
2.957000 
2.957400 
2.958000 
2.958100 
2.958400 
2.959500 
2.961300 
2.961300 
2.961400 
2.961500 
2.961900 
2.962000 
2.962300 
2.962500 
2.963000 
2.963300 
2.964900 
2.965200 
2.966600 
2.967100 
2.967200 
2.967400 
2.967700 
2.967700 
2.967900 
2.968800 
2.969700 
2.970100 
2.970300 
2.971500 
2.973100 
2.973100 
2.974000 
2.974100 
2.974300 
2.974500 
2.974600 
2.975000 
2.975000 
2.975200 
2.975300 
2.975500 
2.976700 
2.976700 
2.977400 
2.978000 
2.978100 
2.978700 
2.978900 
2.979600 
2.980200 
2.980600 
2.981200 
2.981700 
2.981900 
2.982100 
2.982500 
2.982900 
2.983200 
2.985000 
2.985300 
2.985600 
2.985700 
2.985800 
2.986300 
2.986400 
2.987000 
2.987500 
2.988100 
2.988500 
2.989200 
2.989800 
2.989900 
2.990400 
2.990700 
2.990900 
2.991400 
2.991600 
2.992100 
2.994100 
2.994200 
2.994300 
2.995600 
2.997100 
2.997300 
2.998100 
2.998200 
2.999800 
3.001000 
3.002100 
3.002400 
3.003000 
3.003000 
3.003100 
3.003900 
3.003900 
3.004000 
3.004000 
3.004100 
3.005400 
3.005700 
3.005800 
3.006100 
3.006500 
3.006900 
3.007500 
3.007800 
3.008100 
3.008200 
3.008900 
3.009700 
3.010500 
3.010500 
3.010800 
3.012200 
3.012700 
3.012800 
3.012900 
3.012900 
3.013000 
3.013000 
3.015100 
3.015500 
3.016000 
3.016200 
3.017500 
3.018700 
3.021300 
3.022100 
3.023200 
3.023200 
3.024300 
3.024400 
3.024500 
3.024500 
3.024700 
3.025300 
3.025400 
3.025800 
3.025800 
3.026200 
3.026400 
3.026700 
3.026700 
3.026900 
3.027400 
3.027800 
3.027900 
3.028100 
3.028300 
3.028500 
3.029600 
3.030800 
3.030800 
3.031000 
3.031400 
3.031600 
3.031800 
3.033000 
3.033200 
3.033200 
3.033500 
3.033600 
3.033700 
3.034500 
3.034800 
3.035100 
3.036100 
3.037200 
3.037500 
3.038100 
3.038600 
3.040600 
3.041900 
3.042300 
3.042500 
3.042900 
3.042900 
3.043000 
3.043500 
3.043700 
3.044100 
3.045300 
3.046300 
3.046300 
3.046700 
3.047100 
3.047800 
3.048000 
3.048000 
3.049100 
3.049100 
3.050400 
3.051000 
3.051100 
3.052400 
3.052400 
3.052500 
3.053200 
3.054500 
3.055300 
3.055300 
3.055400 
3.055800 
3.056500 
3.056600 
3.057200 
3.057300 
3.058200 
3.059000 
3.060000 
3.060100 
3.062000 
3.062100 
3.062400 
3.063300 
3.063500 
3.064100 
3.064200 
3.064700 
3.065600 
3.066200 
3.066300 
3.066500 
3.066600 
3.066700 
3.066700 
3.067000 
3.067500 
3.067500 
3.067900 
3.068200 
3.068200 
3.068700 
3.069200 
3.070000 
3.070100 
3.070600 
3.071600 
3.071700 
3.072600 
3.072700 
3.072800 
3.073600 
3.074700 
3.075800 
3.077300 
3.077500 
3.079600 
3.079800 
3.080300 
3.080900 
3.081000 
3.081000 
3.081100 
3.081800 
3.082800 
3.082900 
3.084300 
3.085700 
3.086200 
3.086700 
3.087800 
3.088500 
3.090200 
3.090500 
3.090600 
3.091700 
3.091900 
3.094500 
3.095200 
3.095500 
3.096300 
3.096600 
3.097200 
3.097300 
3.097400 
3.097800 
3.097900 
3.098600 
3.099500 
3.101500 
3.101600 
3.103600 
3.103800 
3.103800 
3.104500 
3.105900 
3.107000 
3.107200 
3.107500 
3.107600 
3.111000 
3.111200 
3.111600 
3.112000 
3.115000 
3.115300 
3.115300 
3.116100 
3.116900 
3.116900 
3.118100 
3.118200 
3.119300 
3.119400 
3.119700 
3.121800 
3.122300 
3.123400 
3.123600 
3.125000 
3.126400 
3.126400 
3.126800 
3.127100 
3.128100 
3.128200 
3.128200 
3.128500 
3.128600 
3.128600 
3.128800 
3.129000 
3.129100 
3.129900 
3.130800 
3.131100 
3.131100 
3.131200 
3.132200 
3.132400 
3.133100 
3.133700 
3.133800 
3.134000 
3.136400 
3.136700 
3.137300 
3.137400 
3.138200 
3.138900 
3.139000 
3.139200 
3.139800 
3.140000 
3.140800 
3.141100 
3.141100 
3.141400 
3.142300 
3.142400 
3.143000 
3.143400 
3.143700 
3.144700 
3.145900 
3.145900 
3.146300 
3.146600 
3.146800 
3.147300 
3.148700 
3.148900 
3.150000 
3.150900 
3.151800 
3.152600 
3.152600 
3.154100 
3.154400 
3.154700 
3.154800 
3.155200 
3.155200 
3.156000 
3.156300 
3.156600 
3.157400 
3.157600 
3.157800 
3.158200 
3.158900 
3.159300 
3.160200 
3.160200 
3.160800 
3.160800 
3.160800 
3.161300 
3.161700 
3.164100 
3.164100 
3.164800 
3.165500 
3.165700 
3.166900 
3.167300 
3.168900 
3.169700 
3.170000 
3.170600 
3.171100 
3.171400 
3.171500 
3.171600 
3.171900 
3.172100 
3.172600 
3.173400 
3.173400 
3.174300 
3.174400 
3.175400 
3.175900 
3.176100 
3.177000 
3.177200 
3.178000 
3.178200 
3.178300 
3.178400 
3.179400 
3.179400 
3.179600 
3.180500 
3.180500 
3.180900 
3.181300 
3.181700 
3.181900 
3.182100 
3.182300 
3.183300 
3.184500 
3.184600 
3.185000 
3.185000 
3.185000 
3.187000 
3.187700 
3.190100 
3.190200 
3.190400 
3.191800 
3.191800 
3.191900 
3.192800 
3.193700 
3.195100 
3.195400 
3.196000 
3.196500 
3.196900 
3.197200 
3.197400 
3.197800 
3.198600 
3.198600 
3.198700 
3.198700 
3.199300 
3.202100 
3.202700 
3.202700 
3.202900 
3.203500 
3.203600 
3.204500 
3.204700 
3.205100 
3.206500 
3.207500 
3.207700 
3.208100 
3.208500 
3.208700 
3.209600 
3.209600 
3.210000 
3.210700 
3.212400 
3.212600 
3.212900 
3.213000 
3.213000 
3.213800 
3.214700 
3.215100 
3.215300 
3.216200 
3.216300 
3.216400 
3.216400 
3.216500 
3.216700 
3.216800 
3.216800 
3.216800 
3.217100 
3.218200 
3.218600 
3.218800 
3.219500 
3.219500 
3.220000 
3.221000 
3.221600 
3.221900 
3.222900 
3.224000 
3.224200 
3.225000 
3.226600 
3.226700 
3.226900 
3.227400 
3.228000 
3.229000 
3.230100 
3.233300 
3.234000 
3.234500 
3.235000 
3.235300 
3.236000 
3.236000 
3.236300 
3.236400 
3.237700 
3.239600 
3.239600 
3.240200 
3.240400 
3.241700 
3.241900 
3.242600 
3.243200 
3.243500 
3.243600 
3.243700 
3.243700 
3.244900 
3.245000 
3.245500 
3.245900 
3.246100 
3.246900 
3.247900 
3.247900 
3.249200 
3.249700 
3.251100 
3.251300 
3.252800 
3.252900 
3.253000 
3.253400 
3.254000 
3.254600 
3.256300 
3.256600 
3.257400 
3.260400 
3.260700 
3.262000 
3.262100 
3.263100 
3.263900 
3.264000 
3.264100 
3.264900 
3.265800 
3.266300 
3.266400 
3.266800 
3.267000 
3.267500 
3.267900 
3.269100 
3.270000 
3.270400 
3.270700 
3.271600 
3.271800 
3.272100 
3.272800 
3.274300 
3.274600 
3.275400 
3.275700 
3.277200 
3.278600 
3.280200 
3.280200 
3.281400 
3.281500 
3.281600 
3.283000 
3.283700 
3.285000 
3.285600 
3.285800 
3.286100 
3.286300 
3.287600 
3.289500 
3.289700 
3.290100 
3.292100 
3.292600 
3.292800 
3.292900 
3.293900 
3.294100 
3.294500 
3.295000 
3.295600 
3.295800 
3.296500 
3.297700 
3.297900 
3.299400 
3.300200 
3.300400 
3.300700 
3.301100 
3.301400 
3.302000 
3.303100 
3.304100 
3.304300 
3.304400 
3.305000 
3.307600 
3.307700 
3.308000 
3.309800 
3.310100 
3.310500 
3.310600 
3.311300 
3.313200 
3.313400 
3.313400 
3.313600 
3.313600 
3.314000 
3.314200 
3.316800 
3.316900 
3.317000 
3.317500 
3.318100 
3.318200 
3.318500 
3.319300 
3.319500 
3.319600 
3.319900 
3.319900 
3.320000 
3.320100 
3.320600 
3.320600 
3.320900 
3.320900 
3.321400 
3.321600 
3.322700 
3.322700 
3.322800 
3.322900 
3.323100 
3.323700 
3.324200 
3.324600 
3.325300 
3.325300 
3.325400 
3.327600 
3.327600 
3.328200 
3.329800 
3.329800 
3.330100 
3.330200 
3.331100 
3.333300 
3.334200 
3.334900 
3.335400 
3.336000 
3.336800 
3.337000 
3.337500 
3.338200 
3.338300 
3.339000 
3.339100 
3.339300 
3.340100 
3.340300 
3.340400 
3.341700 
3.341900 
3.342300 
3.343200 
3.343300 
3.344100 
3.344700 
3.345600 
3.346000 
3.346700 
3.347600 
3.347900 
3.348200 
3.349200 
3.349900 
3.350000 
3.350500 
3.350600 
3.350600 
3.350700 
3.351100 
3.351100 
3.351700 
3.352300 
3.353300 
3.354200 
3.355100 
3.355700 
3.356000 
3.356100 
3.356600 
3.357600 
3.360100 
3.361300 
3.361400 
3.362500 
3.362900 
3.364500 
3.364900 
3.365800 
3.368200 
3.368300 
3.369000 
3.370100 
3.370700 
3.371100 
3.371300 
3.371300 
3.371900 
3.373600 
3.374700 
3.374900 
3.374900 
3.375300 
3.376000 
3.378400 
3.378700 
3.378700 
3.379100 
3.379200 
3.380100 
3.381700 
3.382000 
3.382700 
3.382700 
3.383000 
3.383600 
3.384900 
3.386400 
3.386700 
3.387800 
3.388500 
3.389200 
3.389600 
3.389700 
3.390200 
3.390300 
3.390500 
3.391100 
3.391300 
3.392000 
3.392300 
3.392300 
3.392300 
3.392700 
3.393500 
3.394700 
3.394900 
3.396500 
3.398400 
3.399200 
3.399300 
3.399900 
3.400400 
3.400600 
3.400900 
3.401000 
3.402200 
3.403200 
3.404400 
3.404900 
3.405400 
3.405500 
3.405800 
3.407500 
3.407800 
3.408300 
3.408300 
3.409200 
3.409600 
3.410600 
3.413900 
3.414200 
3.417000 
3.417900 
3.418000 
3.418800 
3.419200 
3.419600 
3.419600 
3.419800 
3.420300 
3.420700 
3.421100 
3.421200 
3.421300 
3.421500 
3.422200 
3.422300 
3.422500 
3.422600 
3.422600 
3.422900 
3.423800 
3.423900 
3.423900 
3.424100 
3.424600 
3.425400 
3.425800 
3.425900 
3.426000 
3.426200 
3.427100 
3.427300 
3.427700 
3.427900 
3.428100 
3.429100 
3.429600 
3.429700 
3.430000 
3.431200 
3.433200 
3.433300 
3.433800 
3.434200 
3.434500 
3.434600 
3.435900 
3.437000 
3.437100 
3.437200 
3.437500 
3.438300 
3.438900 
3.439400 
3.439500 
3.439500 
3.439700 
3.440200 
3.440900 
3.441000 
3.441600 
3.442300 
3.443000 
3.443100 
3.443500 
3.443500 
3.444000 
3.446200 
3.447200 
3.447600 
3.449900 
3.451100 
3.453200 
3.453700 
3.454100 
3.454200 
3.454200 
3.454500 
3.454600 
3.457500 
3.457800 
3.458400 
3.458500 
3.459800 
3.460100 
3.461900 
3.462200 
3.463200 
3.464500 
3.466000 
3.468800 
3.469700 
3.470300 
3.470300 
3.471100 
3.471700 
3.471800 
3.472700 
3.473200 
3.473600 
3.473900 
3.474200 
3.474200 
3.475000 
3.475800 
3.475900 
3.475900 
3.476500 
3.476900 
3.477300 
3.477500 
3.477900 
3.479800 
3.480400 
3.480600 
3.480800 
3.481200 
3.481500 
3.481700 
3.482100 
3.482400 
3.482700 
3.482800 
3.484500 
3.484600 
3.485400 
3.485600 
3.486300 
3.486300 
3.488200 
3.489300 
3.489400 
3.490200 
3.492100 
3.492100 
3.493500 
3.493600 
3.493800 
3.495300 
3.496200 
3.496300 
3.498500 
3.501100 
3.501400 
3.501500 
3.502500 
3.503000 
3.503400 
3.504800 
3.505100 
3.505400 
3.505600 
3.506800 
3.506900 
3.506900 
3.507200 
3.507200 
3.508900 
3.511400 
3.511500 
3.512100 
3.512900 
3.513400 
3.513500 
3.513600 
3.514300 
3.514700 
3.516000 
3.516100 
3.516500 
3.517400 
3.517900 
3.517900 
3.522600 
3.522600 
3.523200 
3.524600 
3.525700 
3.526800 
3.527000 
3.528800 
3.529300 
3.529400 
3.529500 
3.529600 
3.529800 
3.529800 
3.531800 
3.531800 
3.532300 
3.532600 
3.532800 
3.532800 
3.532900 
3.533100 
3.533400 
3.533500 
3.533600 
3.534200 
3.535300 
3.535700 
3.536200 
3.537200 
3.538200 
3.538300 
3.538400 
3.538400 
3.538500 
3.538900 
3.539100 
3.540800 
3.540900 
3.540900 
3.541000 
3.541200 
3.542100 
3.543800 
3.544600 
3.546300 
3.546500 
3.546900 
3.547000 
3.548100 
3.549000 
3.549100 
3.550200 
3.550400 
3.552300 
3.552400 
3.554100 
3.554500 
3.554700 
3.555200 
3.555200 
3.555300 
3.555400 
3.555600 
3.555800 
3.557200 
3.560200 
3.560600 
3.560900 
3.561000 
3.561600 
3.561900 
3.562400 
3.563000 
3.563700 
3.564200 
3.565400 
3.567000 
3.567400 
3.567400 
3.567700 
3.567900 
3.568100 
3.568100 
3.568300 
3.568700 
3.569500 
3.571100 
3.571400 
3.574400 
3.576000 
3.576200 
3.577100 
3.578700 
3.579100 
3.580400 
3.580500 
3.580600 
3.580600 
3.582200 
3.583500 
3.583600 
3.583700 
3.583900 
3.584100 
3.584800 
3.585000 
3.585700 
3.585800 
3.586300 
3.587400 
3.588300 
3.588800 
3.589900 
3.590200 
3.590200 
3.590400 
3.590500 
3.591400 
3.592200 
3.594000 
3.595600 
3.595800 
3.595900 
3.597300 
3.597300 
3.598100 
3.598500 
3.598900 
3.599200 
3.599800 
3.599900 
3.599900 
3.600000 
3.601100 
3.601700 
3.602100 
3.602900 
3.603300 
3.603800 
3.604200 
3.604300 
3.605400 
3.607300 
3.607800 
3.608100 
3.608100 
3.608300 
3.608600 
3.609200 
3.609200 
3.609200 
3.609700 
3.610100 
3.610100 
3.610600 
3.610900 
3.611700 
3.612500 
3.613700 
3.614200 
3.615300 
3.615400 
3.615500 
3.615500 
3.615600 
3.616200 
3.616700 
3.617400 
3.617800 
3.617800 
3.618000 
3.618300 
3.618400 
3.619500 
3.619600 
3.619800 
3.620000 
3.620200 
3.621900 
3.622000 
3.622300 
3.622300 
3.622700 
3.623300 
3.623700 
3.624700 
3.625100 
3.625500 
3.625700 
3.625900 
3.628400 
3.630500 
3.630600 
3.631900 
3.632200 
3.632700 
3.632800 
3.633900 
3.634100 
3.635700 
3.636800 
3.637000 
3.638200 
3.638200 
3.638400 
3.638700 
3.639900 
3.641500 
3.641900 
3.642000 
3.642700 
3.643100 
3.643100 
3.643300 
3.644800 
3.645400 
3.645500 
3.645500 
3.646400 
3.647700 
3.649000 
3.649000 
3.649100 
3.649400 
3.650300 
3.651900 
3.652000 
3.652600 
3.652700 
3.653100 
3.653900 
3.653900 
3.655100 
3.655200 
3.655300 
3.655800 
3.657200 
3.657400 
3.657400 
3.658100 
3.658300 
3.658400 
3.658800 
3.659600 
3.659900 
3.660900 
3.661000 
3.661800 
3.662200 
3.662600 
3.662700 
3.663400 
3.664300 
3.664300 
3.665000 
3.665500 
3.665900 
3.666200 
3.666300 
3.667500 
3.667700 
3.669200 
3.669500 
3.669500 
3.672800 
3.674000 
3.674400 
3.674700 
3.674800 
3.676000 
3.676200 
3.676200 
3.676300 
3.676400 
3.676700 
3.677800 
3.678400 
3.678900 
3.680200 
3.681200 
3.681600 
3.681900 
3.682700 
3.683000 
3.684600 
3.685100 
3.685200 
3.685400 
3.685500 
3.685600 
3.685800 
3.686100 
3.686300 
3.686500 
3.686800 
3.687300 
3.688000 
3.688500 
3.688600 
3.688700 
3.688700 
3.688800 
3.688900 
3.689900 
3.690300 
3.691300 
3.691400 
3.691400 
3.691500 
3.692700 
3.693800 
3.694400 
3.694400 
3.694900 
3.695300 
3.695600 
3.695900 
3.696600 
3.696600 
3.696900 
3.698100 
3.698200 
3.699000 
3.700500 
3.700800 
3.701900 
3.702700 
3.702900 
3.702900 
3.704200 
3.704800 
3.705200 
3.705900 
3.706500 
3.707000 
3.707800 
3.708200 
3.708300 
3.708500 
3.708600 
3.708700 
3.711500 
3.711500 
3.711600 
3.711600 
3.712000 
3.712400 
3.712800 
3.713000 
3.713700 
3.714200 
3.714300 
3.714400 
3.715100 
3.716100 
3.716200 
3.718000 
3.718000 
3.718400 
3.718900 
3.718900 
3.719100 
3.719500 
3.720200 
3.720500 
3.720900 
3.721100 
3.722600 
3.722700 
3.723000 
3.723800 
3.724200 
3.724500 
3.724600 
3.724700 
3.724800 
3.726100 
3.726800 
3.726900 
3.727100 
3.727800 
3.728200 
3.728800 
3.729600 
3.730600 
3.730800 
3.730900 
3.731000 
3.732000 
3.732400 
3.733100 
3.733400 
3.734000 
3.734400 
3.734600 
3.735000 
3.735300 
3.736600 
3.736700 
3.737100 
3.737600 
3.738300 
3.738300 
3.738400 
3.738600 
3.739900 
3.740000 
3.740200 
3.740500 
3.740700 
3.741800 
3.742100 
3.742300 
3.742500 
3.743500 
3.744200 
3.744300 
3.744500 
3.745700 
3.746200 
3.746400 
3.746900 
3.747700 
3.748200 
3.748700 
3.749000 
3.749200 
3.750600 
3.750700 
3.750700 
3.750800 
3.751100 
3.751800 
3.752500 
3.753100 
3.753300 
3.753600 
3.754900 
3.755000 
3.755500 
3.757300 
3.757600 
3.757600 
3.758200 
3.758200 
3.760600 
3.761300 
3.761400 
3.761400 
3.762400 
3.762500 
3.763400 
3.763800 
3.764400 
3.768300 
3.768300 
3.768800 
3.769400 
3.769600 
3.769700 
3.769800 
3.769900 
3.770000 
3.770700 
3.770900 
3.771500 
3.772200 
3.773000 
3.773200 
3.773500 
3.775200 
3.775900 
3.776100 
3.776600 
3.778900 
3.778900 
3.780100 
3.780400 
3.780800 
3.780800 
3.781300 
3.782400 
3.782400 
3.782600 
3.782700 
3.783200 
3.783800 
3.784100 
3.784300 
3.784800 
3.784900 
3.785300 
3.786100 
3.786200 
3.786300 
3.788000 
3.789300 
3.789900 
3.790500 
3.791200 
3.791400 
3.791900 
3.792100 
3.792700 
3.794000 
3.794300 
3.796200 
3.796400 
3.798800 
3.799800 
3.800300 
3.801300 
3.802400 
3.802600 
3.802600 
3.804600 
3.805000 
3.806000 
3.806100 
3.806200 
3.806300 
3.806600 
3.807200 
3.807300 
3.807700 
3.808300 
3.808400 
3.809200 
3.810500 
3.811000 
3.811600 
3.811900 
3.811900 
3.813000 
3.814000 
3.815100 
3.815500 
3.815900 
3.816000 
3.816100 
3.817900 
3.818300 
3.818600 
3.818800 
3.819200 
3.819200 
3.819700 
3.820400 
3.823100 
3.823500 
3.825100 
3.826200 
3.826800 
3.827300 
3.829600 
3.831000 
3.831700 
3.832100 
3.832800 
3.833500 
3.834300 
3.835200 
3.835400 
3.835600 
3.836300 
3.838300 
3.838400 
3.839100 
3.839500 
3.840700 
3.841900 
3.842700 
3.844200 
3.846100 
3.848100 
3.850400 
3.852100 
3.853800 
3.854100 
3.854100 
3.854200 
3.854700 
3.855200 
3.856400 
3.860800 
3.861400 
3.862200 
3.862600 
3.862700 
3.864800 
3.865000 
3.866300 
3.867000 
3.867600 
3.870200 
3.871600 
3.871600 
3.871800 
3.872700 
3.872900 
3.874100 
3.875800 
3.876400 
3.876700 
3.878300 
3.880500 
3.880600 
3.881000 
3.881300 
3.881700 
3.882000 
3.882200 
3.882200 
3.883900 
3.884600 
3.885100 
3.885400 
3.885500 
3.886500 
3.887800 
3.888200 
3.888700 
3.888800 
3.889400 
3.889500 
3.889800 
3.890300 
3.890600 
3.892300 
3.893800 
3.894600 
3.895300 
3.895400 
3.896100 
3.896400 
3.896400 
3.897700 
3.898700 
3.899300 
3.899300 
3.899500 
3.899500 
3.900400 
3.900900 
3.901400 
3.901500 
3.902300 
3.902400 
3.902900 
3.903500 
3.904300 
3.904500 
3.904700 
3.907400 
3.908000 
3.908100 
3.908200 
3.908500 
3.908500 
3.909300 
3.909600 
3.910300 
3.910400 
3.910700 
3.910700 
3.911200 
3.911800 
3.913500 
3.914100 
3.914200 
3.914300 
3.914700 
3.915700 
3.916400 
3.916700 
3.916900 
3.918100 
3.921100 
3.921500 
3.921600 
3.921700 
3.923000 
3.924100 
3.925700 
3.925900 
3.926000 
3.926600 
3.926800 
3.927200 
3.927200 
3.928900 
3.929100 
3.930300 
3.930500 
3.931100 
3.931600 
3.932000 
3.932600 
3.932800 
3.935300 
3.935900 
3.936400 
3.936400 
3.938200 
3.938400 
3.938500 
3.938900 
3.943300 
3.943600 
3.944600 
3.944700 
3.946500 
3.946800 
3.946900 
3.947400 
3.947900 
3.948700 
3.950200 
3.950300 
3.950300 
3.951100 
3.953100 
3.953800 
3.954200 
3.954700 
3.954900 
3.955900 
3.956300 
3.957200 
3.957600 
3.957800 
3.958600 
3.959500 
3.959500 
3.962400 
3.963800 
3.966400 
3.967200 
3.967400 
3.967800 
3.969100 
3.969500 
3.969600 
3.970400 
3.970800 
3.971000 
3.972400 
3.972500 
3.972700 
3.973100 
3.973500 
3.973600 
3.974300 
3.974500 
3.974700 
3.975000 
3.975700 
3.975800 
3.975800 
3.976000 
3.976000 
3.977100 
3.977200 
3.977600 
3.979500 
3.979600 
3.979700 
3.979900 
3.980100 
3.980500 
3.981500 
3.982200 
3.982800 
3.984200 
3.984300 
3.984500 
3.985400 
3.985800 
3.986000 
3.986600 
3.987700 
3.988400 
3.989000 
3.990400 
3.990500 
3.991700 
3.992200 
3.992400 
3.993000 
3.993100 
3.993500 
3.993600 
3.994600 
3.995400 
3.996200 
3.997700 
3.998300 
3.998600 
3.999200 
3.999200 
3.999400 
3.999900 
4.000300 
4.000900 
4.001300 
4.001400 
4.001900 
4.002400 
4.003200 
4.004100 
4.005200 
4.006100 
4.006400 
4.006400 
4.006800 
4.007400 
4.008000 
4.010400 
4.010600 
4.010900 
4.011800 
4.011900 
4.012800 
4.014000 
4.014300 
4.014400 
4.015400 
4.016100 
4.016700 
4.016900 
4.018100 
4.018100 
4.018300 
4.018400 
4.018400 
4.018700 
4.018800 
4.021100 
4.021600 
4.022900 
4.023800 
4.024200 
4.025100 
4.026700 
4.027800 
4.028100 
4.028600 
4.029000 
4.029200 
4.030200 
4.031400 
4.031800 
4.032000 
4.032400 
4.032800 
4.033000 
4.033700 
4.036000 
4.036700 
4.037200 
4.038600 
4.038600 
4.038600 
4.040000 
4.040800 
4.041500 
4.041800 
4.042000 
4.042100 
4.045000 
4.045000 
4.045200 
4.045200 
4.046000 
4.047200 
4.047400 
4.047400 
4.048900 
4.050700 
4.050900 
4.050900 
4.051500 
4.051500 
4.051900 
4.052500 
4.052700 
4.052900 
4.054500 
4.054600 
4.054800 
4.054900 
4.055000 
4.055200 
4.055600 
4.057000 
4.057200 
4.057200 
4.057900 
4.059100 
4.059900 
4.060300 
4.061500 
4.062100 
4.062300 
4.063500 
4.064000 
4.064500 
4.064600 
4.065200 
4.066300 
4.066400 
4.066900 
4.067200 
4.067700 
4.067700 
4.067900 
4.068500 
4.069200 
4.069200 
4.070300 
4.071300 
4.071800 
4.072100 
4.072800 
4.073600 
4.073800 
4.074000 
4.074300 
4.074500 
4.074600 
4.074900 
4.074900 
4.075100 
4.075800 
4.076500 
4.077800 
4.079200 
4.079600 
4.081200 
4.081300 
4.081400 
4.081400 
4.081600 
4.083500 
4.084600 
4.084700 
4.085400 
4.085400 
4.085700 
4.086000 
4.086200 
4.086300 
4.087000 
4.087600 
4.088600 
4.088800 
4.090000 
4.090300 
4.090600 
4.090700 
4.091000 
4.091200 
4.091200 
4.091400 
4.092700 
4.092900 
4.092900 
4.093200 
4.094700 
4.094800 
4.095600 
4.096700 
4.097300 
4.097500 
4.098900 
4.099500 
4.100000 
4.100600 
4.100900 
4.101100 
4.101300 
4.101400 
4.102500 
4.102600 
4.102900 
4.103300 
4.104200 
4.104200 
4.104500 
4.104500 
4.105500 
4.105600 
4.105800 
4.107000 
4.107500 
4.107500 
4.107700 
4.108100 
4.108100 
4.108800 
4.108900 
4.109200 
4.109400 
4.109700 
4.109900 
4.110000 
4.110200 
4.110200 
4.110600 
4.110800 
4.111400 
4.112700 
4.113800 
4.116300 
4.117400 
4.117800 
4.118200 
4.118900 
4.118900 
4.119800 
4.121100 
4.121200 
4.121200 
4.121400 
4.122000 
4.123300 
4.124100 
4.124400 
4.124500 
4.125500 
4.125900 
4.126200 
4.127000 
4.127300 
4.128200 
4.129100 
4.129900 
4.130400 
4.130600 
4.131300 
4.132000 
4.132100 
4.134300 
4.135100 
4.136400 
4.136400 
4.136700 
4.136800 
4.136900 
4.137000 
4.137200 
4.137500 
4.137600 
4.138200 
4.138300 
4.138600 
4.138600 
4.139100 
4.139400 
4.139800 
4.140200 
4.140800 
4.140900 
4.141800 
4.143100 
4.143400 
4.143500 
4.144600 
4.145900 
4.147600 
4.147600 
4.148700 
4.150900 
4.151100 
4.151300 
4.152500 
4.153600 
4.154000 
4.154500 
4.155700 
4.158600 
4.159400 
4.160100 
4.161500 
4.162600 
4.162900 
4.162900 
4.163400 
4.163500 
4.164000 
4.165900 
4.166300 
4.166400 
4.166700 
4.166900 
4.168400 
4.169300 
4.170400 
4.170500 
4.170900 
4.171300 
4.172300 
4.172500 
4.172600 
4.173300 
4.173600 
4.173600 
4.175500 
4.175600 
4.175600 
4.176300 
4.176800 
4.177900 
4.178200 
4.179200 
4.180200 
4.180500 
4.180700 
4.180900 
4.182500 
4.182500 
4.182700 
4.184300 
4.184300 
4.185300 
4.186300 
4.186300 
4.188600 
4.189700 
4.189700 
4.190100 
4.190500 
4.190700 
4.191400 
4.191800 
4.192900 
4.192900 
4.193500 
4.193700 
4.194400 
4.195900 
4.196400 
4.196800 
4.197400 
4.197900 
4.198300 
4.198500 
4.198700 
4.200300 
4.201500 
4.201500 
4.201800 
4.202600 
4.203900 
4.205100 
4.205100 
4.205400 
4.205600 
4.206300 
4.206400 
4.206600 
4.207900 
4.208000 
4.208200 
4.208700 
4.208800 
4.209100 
4.209300 
4.210100 
4.210200 
4.210400 
4.210500 
4.212100 
4.212900 
4.213000 
4.213700 
4.213900 
4.214600 
4.214700 
4.215100 
4.216100 
4.217200 
4.217300 
4.218400 
4.218500 
4.219600 
4.220600 
4.220900 
4.222100 
4.223000 
4.224400 
4.224600 
4.225000 
4.225500 
4.226300 
4.227400 
4.227900 
4.228100 
4.230000 
4.230700 
4.230700 
4.231400 
4.232000 
4.232200 
4.232200 
4.232500 
4.232800 
4.232800 
4.233100 
4.233400 
4.234800 
4.235300 
4.235700 
4.236300 
4.238200 
4.238200 
4.239200 
4.239300 
4.239600 
4.240500 
4.241500 
4.242400 
4.242700 
4.243100 
4.243300 
4.243600 
4.244200 
4.245500 
4.246400 
4.247600 
4.247800 
4.248300 
4.248700 
4.249000 
4.249700 
4.250200 
4.250700 
4.250900 
4.251000 
4.251100 
4.251600 
4.253100 
4.253200 
4.253200 
4.253800 
4.254300 
4.254600 
4.256400 
4.257600 
4.257800 
4.258700 
4.258800 
4.258900 
4.259200 
4.260100 
4.264700 
4.264700 
4.264900 
4.265300 
4.266100 
4.266500 
4.266800 
4.267000 
4.267400 
4.268400 
4.270700 
4.271000 
4.272000 
4.272500 
4.273800 
4.274000 
4.274600 
4.275000 
4.275600 
4.276200 
4.277200 
4.277800 
4.278200 
4.278900 
4.280300 
4.280500 
4.280800 
4.281800 
4.283100 
4.283200 
4.283500 
4.284100 
4.284100 
4.284400 
4.284700 
4.284800 
4.284900 
4.285100 
4.285300 
4.286200 
4.286200 
4.286400 
4.286900 
4.288000 
4.290200 
4.290300 
4.290700 
4.290800 
4.291000 
4.291900 
4.292600 
4.292700 
4.292800 
4.293400 
4.293500 
4.294000 
4.295400 
4.296700 
4.299400 
4.300100 
4.300100 
4.300700 
4.301600 
4.301700 
4.302200 
4.302800 
4.303500 
4.303800 
4.304100 
4.304100 
4.304200 
4.305700 
4.305800 
4.305800 
4.306600 
4.306900 
4.307400 
4.308100 
4.308700 
4.309000 
4.309000 
4.309400 
4.310300 
4.310900 
4.311200 
4.312000 
4.312200 
4.312600 
4.312600 
4.313300 
4.314100 
4.315000 
4.315100 
4.315400 
4.316400 
4.318300 
4.318900 
4.319100 
4.320200 
4.320500 
4.320600 
4.320900 
4.321400 
4.321600 
4.321700 
4.322700 
4.323200 
4.323300 
4.323600 
4.324200 
4.324300 
4.324400 
4.324800 
4.324800 
4.326100 
4.326400 
4.327200 
4.327800 
4.329100 
4.329300 
4.329400 
4.329700 
4.330100 
4.330600 
4.331600 
4.332200 
4.332500 
4.334300 
4.334800 
4.334900 
4.335200 
4.337100 
4.337900 
4.339000 
4.339200 
4.339300 
4.341200 
4.341400 
4.341500 
4.341500 
4.342800 
4.342900 
4.344100 
4.346700 
4.347200 
4.347700 
4.348000 
4.348200 
4.348300 
4.348300 
4.348600 
4.349200 
4.349200 
4.351300 
4.351400 
4.352200 
4.352600 
4.354500 
4.354500 
4.356300 
4.356500 
4.356800 
4.357900 
4.358100 
4.358500 
4.359200 
4.359400 
4.360200 
4.360200 
4.361100 
4.361300 
4.361600 
4.361900 
4.362700 
4.362700 
4.364100 
4.365300 
4.365900 
4.366500 
4.366700 
4.367800 
4.367900 
4.368500 
4.369100 
4.369300 
4.369500 
4.369600 
4.369800 
4.369900 
4.371200 
4.371700 
4.371900 
4.373100 
4.373100 
4.373400 
4.374000 
4.375700 
4.375700 
4.376700 
4.377200 
4.377400 
4.377900 
4.379100 
4.380100 
4.380200 
4.380400 
4.381900 
4.382600 
4.382700 
4.382900 
4.383300 
4.383500 
4.383900 
4.384500 
4.385900 
4.386300 
4.386400 
4.387800 
4.387900 
4.388000 
4.388800 
4.389600 
4.390000 
4.393000 
4.394600 
4.394600 
4.394700 
4.394800 
4.395000 
4.395000 
4.396100 
4.396200 
4.396600 
4.397500 
4.397600 
4.397900 
4.398200 
4.399800 
4.399900 
4.400100 
4.400300 
4.401500 
4.402100 
4.403600 
4.404300 
4.405600 
4.405700 
4.406400 
4.406500 
4.406500 
4.407400 
4.411300 
4.411800 
4.411800 
4.411900 
4.411900 
4.412100 
4.412200 
4.412400 
4.412500 
4.413100 
4.413300 
4.414000 
4.415000 
4.415900 
4.415900 
4.416000 
4.416100 
4.416400 
4.417400 
4.417500 
4.417800 
4.419000 
4.419800 
4.419900 
4.420300 
4.420800 
4.421200 
4.421400 
4.421400 
4.421500 
4.421500 
4.424000 
4.424700 
4.426200 
4.427700 
4.428400 
4.428600 
4.429200 
4.430600 
4.431500 
4.431600 
4.431600 
4.432100 
4.432200 
4.432200 
4.432200 
4.433100 
4.433200 
4.433700 
4.435000 
4.435900 
4.436100 
4.436700 
4.436800 
4.436800 
4.437900 
4.439000 
4.439300 
4.440200 
4.440400 
4.440600 
4.441200 
4.441300 
4.442200 
4.442300 
4.443100 
4.443200 
4.443300 
4.444100 
4.444400 
4.444400 
4.444500 
4.444600 
4.444900 
4.445000 
4.445000 
4.447200 
4.447500 
4.448000 
4.449500 
4.451300 
4.451300 
4.452000 
4.452300 
4.452900 
4.453900 
4.454200 
4.455900 
4.456200 
4.456300 
4.457400 
4.457500 
4.457900 
4.458400 
4.458800 
4.459300 
4.459300 
4.459500 
4.459500 
4.459800 
4.460200 
4.460800 
4.461200 
4.461800 
4.462000 
4.462100 
4.462500 
4.462700 
4.463200 
4.463300 
4.463400 
4.463500 
4.463500 
4.463700 
4.463700 
4.463700 
4.463900 
4.464100 
4.464400 
4.465000 
4.465300 
4.466100 
4.466100 
4.467400 
4.467600 
4.467700 
4.468100 
4.468800 
4.469500 
4.469800 
4.470500 
4.471200 
4.471800 
4.472200 
4.472600 
4.472700 
4.473100 
4.474100 
4.475200 
4.475500 
4.478600 
4.478800 
4.479100 
4.480400 
4.480400 
4.481000 
4.481300 
4.481400 
4.481500 
4.481900 
4.482200 
4.482500 
4.482900 
4.483300 
4.483500 
4.484700 
4.484800 
4.485100 
4.485100 
4.485400 
4.487500 
4.487700 
4.487900 
4.488700 
4.489200 
4.489300 
4.490400 
4.490700 
4.491700 
4.491900 
4.492200 
4.492600 
4.492900 
4.494900 
4.495300 
4.495800 
4.496700 
4.496800 
4.497100 
4.497500 
4.497900 
4.498400 
4.498800 
4.499400 
4.499800 
4.500500 
4.500700 
4.501900 
4.502000 
4.502500 
4.502600 
4.503000 
4.504000 
4.504200 
4.504300 
4.504300 
4.504300 
4.505900 
4.506000 
4.506100 
4.506700 
4.508600 
4.509500 
4.510300 
4.510600 
4.511500 
4.512100 
4.512600 
4.513000 
4.513600 
4.515900 
4.516100 
4.516500 
4.516800 
4.517500 
4.518300 
4.518900 
4.519100 
4.519900 
4.520600 
4.520800 
4.520900 
4.521000 
4.521600 
4.521600 
4.521900 
4.521900 
4.523000 
4.524000 
4.524000 
4.526000 
4.527200 
4.527300 
4.527800 
4.528000 
4.529100 
4.529400 
4.529900 
4.530000 
4.530300 
4.530500 
4.530500 
4.532500 
4.533000 
4.533700 
4.534000 
4.534800 
4.535100 
4.536700 
4.536900 
4.537100 
4.537300 
4.537900 
4.540100 
4.540700 
4.540900 
4.541200 
4.541600 
4.542300 
4.542300 
4.542500 
4.542500 
4.543500 
4.543600 
4.544500 
4.545400 
4.545600 
4.546900 
4.547800 
4.547900 
4.548100 
4.549100 
4.550300 
4.550300 
4.552500 
4.552600 
4.552700 
4.553300 
4.554300 
4.555200 
4.556200 
4.556400 
4.556800 
4.557100 
4.557600 
4.557600 
4.557900 
4.558200 
4.558300 
4.558400 
4.558800 
4.558800 
4.559500 
4.560600 
4.561200 
4.561200 
4.561300 
4.562000 
4.562100 
4.564700 
4.564900 
4.565000 
4.566200 
4.566300 
4.566400 
4.566500 
4.566900 
4.567800 
4.568000 
4.570300 
4.571400 
4.573000 
4.573300 
4.573300 
4.573500 
4.573600 
4.573700 
4.574800 
4.575200 
4.575300 
4.575800 
4.575800 
4.577100 
4.577100 
4.577300 
4.578700 
4.578800 
4.579000 
4.579400 
4.579500 
4.579800 
4.580000 
4.581000 
4.581300 
4.581600 
4.581800 
4.582300 
4.582400 
4.582500 
4.583500 
4.583800 
4.584000 
4.584800 
4.585200 
4.585600 
4.585800 
4.586800 
4.587100 
4.589000 
4.589000 
4.589100 
4.591800 
4.592600 
4.593100 
4.593500 
4.593900 
4.593900 
4.594000 
4.594200 
4.594300 
4.595100 
4.596300 
4.597300 
4.598800 
4.599200 
4.599500 
4.600100 
4.600200 
4.600300 
4.601200 
4.601300 
4.601700 
4.602700 
4.602700 
4.603100 
4.603300 
4.603700 
4.604200 
4.604900 
4.605000 
4.605900 
4.606300 
4.607200 
4.607300 
4.607300 
4.607600 
4.608000 
4.608300 
4.608800 
4.608900 
4.609100 
4.609200 
4.610000 
4.610200 
4.611100 
4.611200 
4.611900 
4.612100 
4.613000 
4.613700 
4.613900 
4.614200 
4.614900 
4.615100 
4.615200 
4.615500 
4.615700 
4.615900 
4.618300 
4.618800 
4.619900 
4.620100 
4.621000 
4.622400 
4.622400 
4.622900 
4.622900 
4.623000 
4.623000 
4.623000 
4.623500 
4.623700 
4.625200 
4.625600 
4.625600 
4.626600 
4.626700 
4.627400 
4.627600 
4.628700 
4.629000 
4.629000 
4.629200 
4.629600 
4.629800 
4.630700 
4.630900 
4.631100 
4.631800 
4.632200 
4.632300 
4.632500 
4.632900 
4.634800 
4.635400 
4.635500 
4.635500 
4.635800 
4.636900 
4.637000 
4.637700 
4.637800 
4.637800 
4.638000 
4.638200 
4.638300 
4.639700 
4.640400 
4.640700 
4.640700 
4.641300 
4.643100 
4.643100 
4.643400 
4.643900 
4.645500 
4.645600 
4.645700 
4.645900 
4.646000 
4.646400 
4.646800 
4.647200 
4.647600 
4.647800 
4.647900 
4.647900 
4.648000 
4.648400 
4.648700 
4.649500 
4.649600 
4.651500 
4.651800 
4.652300 
4.652600 
4.652600 
4.653300 
4.653500 
4.654500 
4.655300 
4.655500 
4.655800 
4.655900 
4.656000 
4.656100 
4.656100 
4.657000 
4.658200 
4.658400 
4.659200 
4.659400 
4.661700 
4.662000 
4.662500 
4.662600 
4.663200 
4.663200 
4.663400 
4.663800 
4.663800 
4.664800 
4.664900 
4.665200 
4.665300 
4.665600 
4.665700 
4.666000 
4.667300 
4.667600 
4.667600 
4.667900 
4.667900 
4.668300 
4.668800 
4.669000 
4.670100 
4.670500 
4.672800 
4.673300 
4.675200 
4.675800 
4.676000 
4.676200 
4.676200 
4.676300 
4.677200 
4.677300 
4.677500 
4.677900 
4.678800 
4.679400 
4.680800 
4.681600 
4.683000 
4.683300 
4.683700 
4.684100 
4.685800 
4.686000 
4.686300 
4.686600 
4.686700 
4.686800 
4.687100 
4.688100 
4.688400 
4.689300 
4.690100 
4.690800 
4.691100 
4.691100 
4.691200 
4.692600 
4.693200 
4.693500 
4.694500 
4.695000 
4.695900 
4.696500 
4.696700 
4.696900 
4.697800 
4.698300 
4.698300 
4.698900 
4.699000 
4.699300 
4.700000 
4.701100 
4.701500 
4.702300 
4.702400 
4.702500 
4.703100 
4.703400 
4.703600 
4.704600 
4.704700 
4.704800 
4.705000 
4.705400 
4.706400 
4.706700 
4.707300 
4.707700 
4.708800 
4.710100 
4.710700 
4.711400 
4.712600 
4.712700 
4.713100 
4.713400 
4.714100 
4.714300 
4.715600 
4.718500 
4.719300 
4.719800 
4.720200 
4.720300 
4.721100 
4.721400 
4.721500 
4.722000 
4.722400 
4.722500 
4.723100 
4.723200 
4.723800 
4.724600 
4.724900 
4.725100 
4.725300 
4.725400 
4.725500 
4.727000 
4.727100 
4.727500 
4.727600 
4.727800 
4.729200 
4.729700 
4.730800 
4.730900 
4.731400 
4.731600 
4.731800 
4.731900 
4.732600 
4.733100 
4.733200 
4.734300 
4.734900 
4.734900 
4.736300 
4.737900 
4.738600 
4.739000 
4.739200 
4.740000 
4.740100 
4.740600 
4.740600 
4.740600 
4.741000 
4.742200 
4.742400 
4.743300 
4.744600 
4.746100 
4.747000 
4.747900 
4.748300 
4.748600 
4.749800 
4.751400 
4.751500 
4.753100 
4.753600 
4.756000 
4.756200 
4.756300 
4.756900 
4.757200 
4.757500 
4.757500 
4.759600 
4.760000 
4.760800 
4.761000 
4.761200 
4.761600 
4.762300 
4.762500 
4.762900 
4.763400 
4.765000 
4.765200 
4.765400 
4.765400 
4.766100 
4.766600 
4.766700 
4.767100 
4.768200 
4.768300 
4.768500 
4.768500 
4.769000 
4.770600 
4.770900 
4.772200 
4.772900 
4.772900 
4.773000 
4.773200 
4.773700 
4.774600 
4.776000 
4.776400 
4.776400 
4.776700 
4.777300 
4.778000 
4.778000 
4.779000 
4.779100 
4.780200 
4.780500 
4.780600 
4.780900 
4.781600 
4.781900 
4.782900 
4.783400 
4.783900 
4.784000 
4.784400 
4.785000 
4.785200 
4.786800 
4.786900 
4.787300 
4.787500 
4.788600 
4.788600 
4.789100 
4.789300 
4.789400 
4.789700 
4.789700 
4.789700 
4.790300 
4.791900 
4.792100 
4.792400 
4.794600 
4.795700 
4.796100 
4.796500 
4.796700 
4.798000 
4.800200 
4.801300 
4.802800 
4.803000 
4.803900 
4.804200 
4.804500 
4.804500 
4.804600 
4.804800 
4.804900 
4.805800 
4.807000 
4.807300 
4.807600 
4.808800 
4.809200 
4.810000 
4.811000 
4.811700 
4.812700 
4.813300 
4.814600 
4.814700 
4.815500 
4.815600 
4.815900 
4.816100 
4.816200 
4.817700 
4.817800 
4.818200 
4.818300 
4.819800 
4.820200 
4.820400 
4.821300 
4.821600 
4.822400 
4.823500 
4.823700 
4.824000 
4.824400 
4.824800 
4.825700 
4.825700 
4.825900 
4.826000 
4.826000 
4.826400 
4.827200 
4.827300 
4.827900 
4.830800 
4.831800 
4.832400 
4.833700 
4.833700 
4.833700 
4.834400 
4.834500 
4.835500 
4.836100 
4.836900 
4.837200 
4.837300 
4.837300 
4.837500 
4.838200 
4.838300 
4.838800 
4.840300 
4.840500 
4.840800 
4.841000 
4.841400 
4.841900 
4.842700 
4.843000 
4.843900 
4.844300 
4.844900 
4.844900 
4.845400 
4.845700 
4.845700 
4.846000 
4.846300 
4.846500 
4.848300 
4.848800 
4.850400 
4.850700 
4.851500 
4.852300 
4.853000 
4.853800 
4.856200 
4.856900 
4.857300 
4.857800 
4.858200 
4.858400 
4.858700 
4.859300 
4.859400 
4.859700 
4.860300 
4.860400 
4.861000 
4.861700 
4.862800 
4.862800 
4.862900 
4.863600 
4.863700 
4.863800 
4.864900 
4.865100 
4.865100 
4.865400 
4.865600 
4.865700 
4.866000 
4.866400 
4.867300 
4.868300 
4.868800 
4.869000 
4.869900 
4.870500 
4.871300 
4.871700 
4.871700 
4.871900 
4.873400 
4.873900 
4.875000 
4.875200 
4.875200 
4.876200 
4.877100 
4.877400 
4.877700 
4.877800 
4.878000 
4.878400 
4.878700 
4.879700 
4.879700 
4.880300 
4.881000 
4.881300 
4.881400 
4.882100 
4.882800 
4.883200 
4.887400 
4.887400 
4.887400 
4.888100 
4.888200 
4.888800 
4.889800 
4.890000 
4.890900 
4.891200 
4.891800 
4.891800 
4.892100 
4.892200 
4.892500 
4.892800 
4.893100 
4.893500 
4.895400 
4.896100 
4.896800 
4.897100 
4.897300 
4.898900 
4.899300 
4.899300 
4.900700 
4.900700 
4.901200 
4.901800 
4.902200 
4.903400 
4.903900 
4.904000 
4.904300 
4.904600 
4.904700 
4.904700 
4.904700 
4.905000 
4.905400 
4.905400 
4.906300 
4.906800 
4.907900 
4.909100 
4.909100 
4.909600 
4.909600 
4.909700 
4.911700 
4.913900 
4.914000 
4.914100 
4.915000 
4.915200 
4.917100 
4.917800 
4.918900 
4.919300 
4.919500 
4.920200 
4.920400 
4.920500 
4.920900 
4.922100 
4.922700 
4.923200 
4.923800 
4.924100 
4.925200 
4.925500 
4.925600 
4.925900 
4.926500 
4.926700 
4.928000 
4.928100 
4.928800 
4.928800 
4.928800 
4.930000 
4.931400 
4.931800 
4.932700 
4.932900 
4.933700 
4.934800 
4.935700 
4.936400 
4.936700 
4.936900 
4.937200 
4.937700 
4.937700 
4.938500 
4.939200 
4.940000 
4.941700 
4.941800 
4.943100 
4.944000 
4.944500 
4.945900 
4.946400 
4.946700 
4.947600 
4.947700 
4.949600 
4.949700 
4.950000 
4.950200 
4.951000 
4.951500 
4.951600 
4.951700 
4.952200 
4.953100 
4.953400 
4.953700 
4.954400 
4.954700 
4.955600 
4.956100 
4.956100 
4.957300 
4.957900 
4.957900 
4.958600 
4.959200 
4.959400 
4.960200 
4.961100 
4.961500 
4.962300 
4.963500 
4.964100 
4.964500 
4.965800 
4.966200 
4.967300 
4.967700 
4.968200 
4.969100 
4.970500 
4.970500 
4.971000 
4.972200 
4.972700 
4.973500 
4.973900 
4.974800 
4.976100 
4.976400 
4.977600 
4.977800 
4.978300 
4.978500 
4.980500 
4.980900 
4.981200 
4.981200 
4.981300 
4.981500 
4.982200 
4.983000 
4.983100 
4.983200 
4.983200 
4.983300 
4.986000 
4.987900 
4.988000 
4.988400 
4.988600 
4.989500 
4.990000 
4.991500 
4.991500 
4.992300 
4.992800 
4.992800 
4.993200 
4.994000 
4.995300 
4.996500 
4.997500 
4.997700 
4.998400 
