134 
28 
141 
102 
594 
627 
573 
617 
970 
368 
451 
647 
312 
673 
342 
980 
977 
779 
609 
667 
109 
224 
643 
889 
361 
244 
453 
472 
875 
819 
390 
386 
903 
359 
543 
227 
463 
466 
57 
533 
64 
591 
687 
974 
945 
603 
236 
551 
696 
565 
925 
737 
909 
321 
48 
373 
986 
468 
640 
24 
851 
912 
38 
411 
688 
503 
149 
731 
469 
1001 
35 
369 
350 
834 
132 
848 
538 
11 
433 
884 
486 
375 
485 
941 
142 
556 
722 
288 
460 
513 
552 
659 
599 
557 
869 
607 
942 
302 
726 
612 
253 
947 
750 
871 
139 
398 
168 
426 
459 
103 
60 
634 
54 
28 
707 
385 
736 
680 
614 
539 
720 
662 
700 
187 
625 
718 
458 
10 
191 
815 
339 
580 
368 
267 
186 
391 
615 
987 
878 
761 
2 
743 
849 
520 
535 
190 
762 
806 
441 
94 
346 
394 
772 
335 
918 
296 
17 
721 
395 
118 
146 
43 
801 
359 
502 
397 
541 
205 
581 
805 
859 
787 
219 
404 
780 
451 
930 
213 
717 
444 
834 
431 
383 
986 
749 
171 
578 
269 
811 
722 
710 
208 
457 
753 
442 
584 
156 
687 
509 
908 
804 
432 
791 
802 
279 
822 
87 
995 
880 
158 
932 
188 
458 
421 
989 
192 
377 
35 
160 
270 
83 
376 
693 
46 
708 
410 
146 
149 
342 
883 
265 
957 
954 
639 
824 
156 
90 
750 
922 
21 
470 
14 
792 
636 
937 
176 
429 
620 
524 
363 
547 
384 
58 
647 
44 
225 
173 
175 
60 
250 
559 
841 
898 
9 
293 
980 
292 
263 
1 
397 
494 
305 
711 
97 
677 
481 
33 
128 
603 
135 
16 
695 
103 
102 
472 
430 
749 
783 
935 
713 
165 
994 
741 
889 
720 
862 
27 
796 
74 
190 
863 
564 
404 
44 
214 
656 
360 
34 
513 
900 
46 
175 
629 
111 
407 
134 
159 
540 
47 
459 
302 
687 
711 
655 
634 
319 
619 
52 
152 
324 
714 
274 
51 
718 
939 
874 
846 
178 
297 
984 
589 
177 
466 
613 
536 
903 
64 
585 
933 
778 
991 
67 
527 
270 
244 
825 
884 
683 
827 
1002 
746 
693 
842 
395 
720 
594 
512 
189 
474 
436 
664 
618 
291 
621 
378 
816 
601 
108 
867 
42 
222 
8 
472 
95 
129 
584 
316 
283 
676 
43 
117 
721 
734 
713 
358 
310 
342 
312 
610 
81 
146 
590 
457 
221 
485 
356 
532 
150 
23 
547 
212 
198 
953 
448 
330 
561 
478 
100 
394 
88 
981 
239 
405 
511 
836 
603 
680 
99 
432 
433 
195 
278 
364 
361 
665 
54 
301 
594 
851 
390 
556 
629 
907 
107 
229 
418 
706 
300 
642 
871 
323 
707 
203 
890 
661 
537 
183 
411 
65 
337 
926 
804 
526 
1005 
213 
504 
41 
137 
115 
276 
495 
498 
823 
493 
182 
741 
602 
538 
687 
46 
519 
681 
387 
397 
883 
560 
989 
311 
660 
796 
205 
355 
535 
269 
524 
1000 
612 
647 
651 
116 
453 
403 
810 
904 
130 
64 
753 
650 
303 
905 
781 
28 
795 
479 
1006 
151 
581 
76 
917 
895 
322 
618 
243 
361 
946 
37 
14 
323 
749 
288 
1004 
815 
987 
530 
156 
629 
417 
960 
431 
788 
79 
317 
823 
791 
820 
433 
420 
464 
181 
822 
556 
258 
545 
578 
931 
430 
118 
750 
364 
34 
265 
976 
279 
974 
567 
917 
393 
579 
204 
704 
307 
990 
849 
782 
241 
932 
502 
361 
951 
983 
1001 
332 
321 
611 
725 
302 
584 
695 
263 
256 
403 
397 
173 
312 
798 
53 
701 
146 
165 
251 
280 
583 
188 
961 
324 
913 
414 
625 
83 
211 
283 
297 
847 
3 
485 
851 
571 
869 
479 
314 
175 
127 
720 
442 
380 
498 
957 
78 
647 
631 
222 
205 
267 
895 
331 
319 
492 
152 
808 
213 
919 
471 
121 
335 
823 
445 
454 
100 
671 
863 
458 
170 
810 
477 
791 
848 
703 
689 
761 
284 
290 
565 
190 
118 
805 
916 
435 
390 
122 
61 
575 
465 
425 
766 
468 
984 
210 
770 
12 
485 
259 
714 
482 
566 
160 
476 
489 
850 
35 
732 
96 
729 
412 
991 
570 
344 
629 
694 
285 
599 
687 
334 
447 
361 
854 
988 
113 
389 
247 
862 
359 
490 
244 
266 
534 
76 
137 
550 
218 
289 
646 
977 
549 
486 
249 
918 
657 
198 
246 
45 
505 
753 
591 
947 
844 
442 
180 
972 
749 
200 
970 
781 
672 
252 
1008 
931 
393 
524 
164 
821 
892 
312 
978 
400 
584 
883 
855 
899 
939 
767 
212 
104 
928 
516 
886 
704 
0 
481 
798 
1002 
896 
119 
275 
984 
988 
417 
206 
328 
269 
700 
742 
526 
887 
614 
833 
558 
179 
12 
578 
946 
350 
445 
968 
239 
719 
922 
764 
976 
217 
157 
500 
879 
652 
539 
231 
264 
428 
289 
373 
974 
70 
960 
596 
363 
987 
790 
576 
499 
472 
710 
2 
388 
581 
474 
17 
693 
5 
932 
266 
659 
677 
623 
203 
609 
484 
41 
135 
511 
713 
376 
233 
200 
344 
625 
447 
316 
889 
29 
305 
688 
741 
593 
119 
395 
106 
261 
402 
20 
464 
621 
76 
807 
884 
917 
752 
740 
969 
433 
206 
214 
561 
745 
730 
844 
519 
234 
658 
902 
406 
100 
686 
790 
913 
975 
731 
207 
606 
967 
64 
334 
866 
833 
702 
87 
173 
415 
104 
933 
564 
522 
771 
600 
814 
515 
54 
421 
345 
724 
591 
298 
734 
121 
769 
763 
532 
838 
61 
681 
132 
98 
694 
436 
649 
212 
463 
909 
654 
607 
182 
540 
622 
578 
920 
617 
21 
189 
619 
366 
145 
169 
642 
737 
947 
992 
898 
47 
402 
120 
803 
514 
141 
997 
165 
542 
692 
760 
128 
812 
925 
416 
339 
616 
587 
259 
590 
373 
723 
316 
313 
347 
872 
555 
131 
35 
558 
740 
20 
583 
308 
374 
778 
816 
25 
881 
99 
243 
977 
672 
444 
241 
612 
55 
611 
116 
198 
538 
265 
705 
461 
539 
75 
993 
791 
973 
831 
786 
750 
875 
13 
648 
437 
823 
298 
277 
388 
488 
689 
158 
963 
94 
533 
341 
191 
632 
565 
395 
752 
954 
617 
314 
578 
859 
83 
699 
141 
222 
55 
591 
748 
363 
678 
880 
524 
842 
257 
740 
694 
634 
39 
571 
572 
769 
801 
315 
129 
364 
628 
244 
42 
360 
397 
377 
783 
992 
618 
212 
149 
355 
609 
346 
807 
744 
302 
259 
408 
984 
504 
239 
922 
73 
542 
659 
238 
698 
590 
558 
301 
88 
506 
679 
901 
208 
966 
276 
522 
994 
190 
888 
649 
290 
273 
660 
531 
196 
108 
443 
440 
834 
820 
581 
277 
638 
749 
475 
430 
553 
232 
934 
178 
598 
933 
1005 
216 
642 
683 
564 
661 
788 
34 
90 
141 
981 
117 
325 
501 
808 
574 
865 
354 
402 
95 
416 
468 
907 
583 
573 
938 
892 
147 
365 
446 
448 
254 
890 
569 
673 
136 
310 
368 
198 
183 
498 
644 
144 
615 
322 
122 
846 
424 
40 
145 
333 
151 
561 
278 
370 
470 
917 
110 
289 
614 
273 
118 
613 
819 
188 
802 
482 
923 
94 
757 
7 
659 
39 
523 
358 
989 
868 
267 
582 
390 
236 
287 
176 
977 
36 
581 
271 
896 
369 
741 
170 
1 
769 
594 
447 
606 
71 
123 
992 
567 
834 
251 
406 
764 
687 
384 
575 
213 
133 
706 
476 
425 
759 
987 
602 
227 
666 
435 
995 
847 
191 
463 
300 
714 
174 
694 
919 
686 
109 
758 
252 
739 
457 
1009 
543 
589 
491 
597 
308 
230 
469 
707 
649 
405 
737 
938 
63 
199 
912 
426 
409 
267 
549 
766 
928 
966 
61 
135 
219 
412 
902 
83 
888 
345 
254 
998 
325 
41 
106 
244 
768 
77 
591 
55 
857 
594 
217 
114 
110 
33 
644 
980 
439 
109 
417 
866 
777 
643 
507 
342 
706 
774 
420 
578 
702 
635 
162 
165 
588 
700 
577 
510 
682 
584 
949 
276 
863 
496 
974 
297 
924 
676 
750 
539 
906 
480 
401 
542 
219 
573 
95 
354 
427 
98 
258 
992 
814 
324 
176 
313 
370 
499 
349 
771 
189 
918 
634 
51 
859 
237 
565 
223 
870 
610 
746 
981 
863 
704 
683 
232 
35 
97 
845 
322 
988 
280 
167 
436 
394 
815 
331 
829 
339 
80 
595 
99 
665 
928 
464 
882 
149 
219 
168 
34 
920 
832 
240 
298 
466 
962 
868 
199 
641 
258 
276 
64 
505 
919 
79 
131 
251 
544 
249 
475 
482 
855 
176 
949 
268 
917 
340 
545 
19 
880 
246 
664 
548 
716 
343 
397 
362 
587 
58 
519 
337 
912 
306 
630 
901 
657 
805 
430 
443 
320 
448 
442 
756 
841 
931 
719 
220 
549 
695 
685 
821 
253 
808 
96 
815 
692 
301 
629 
848 
230 
272 
60 
826 
605 
745 
223 
650 
829 
402 
285 
317 
632 
103 
31 
81 
392 
421 
860 
476 
926 
137 
244 
673 
429 
52 
151 
190 
809 
859 
466 
552 
731 
639 
314 
228 
554 
159 
522 
193 
908 
13 
910 
544 
457 
205 
1009 
823 
878 
446 
792 
898 
378 
280 
289 
88 
309 
411 
888 
1 
56 
104 
122 
415 
239 
362 
82 
22 
71 
443 
440 
447 
353 
42 
967 
128 
600 
302 
962 
312 
537 
516 
593 
911 
512 
369 
191 
469 
543 
453 
666 
383 
893 
376 
32 
564 
818 
138 
802 
638 
566 
707 
214 
270 
475 
45 
494 
108 
393 
177 
651 
417 
678 
982 
597 
97 
1008 
248 
955 
675 
63 
725 
71 
964 
79 
810 
859 
111 
704 
646 
809 
385 
580 
395 
498 
835 
940 
976 
642 
399 
367 
105 
275 
520 
397 
349 
510 
672 
958 
824 
615 
351 
851 
437 
101 
345 
78 
433 
794 
249 
75 
516 
608 
705 
72 
881 
95 
894 
895 
419 
609 
596 
466 
241 
410 
896 
811 
24 
573 
737 
994 
60 
636 
381 
914 
209 
877 
414 
709 
132 
673 
483 
22 
135 
781 
780 
399 
527 
556 
230 
758 
779 
309 
28 
62 
707 
380 
163 
531 
958 
182 
127 
235 
152 
787 
204 
528 
166 
524 
434 
871 
734 
893 
961 
350 
337 
1002 
308 
688 
948 
458 
868 
665 
529 
470 
530 
314 
933 
77 
697 
965 
464 
592 
760 
894 
960 
572 
234 
508 
769 
279 
419 
535 
640 
806 
637 
680 
927 
413 
421 
825 
304 
402 
887 
690 
875 
486 
790 
915 
703 
844 
672 
277 
686 
229 
786 
877 
475 
336 
46 
660 
698 
666 
395 
1003 
256 
372 
984 
110 
389 
54 
764 
556 
340 
797 
301 
967 
198 
811 
863 
453 
179 
876 
772 
986 
4 
524 
0 
707 
434 
345 
862 
462 
160 
900 
974 
241 
902 
601 
162 
661 
459 
880 
918 
108 
376 
411 
952 
161 
845 
55 
250 
650 
243 
21 
73 
602 
194 
582 
980 
942 
29 
833 
456 
428 
211 
363 
321 
463 
385 
295 
413 
877 
286 
339 
688 
561 
361 
117 
824 
910 
61 
65 
338 
141 
689 
67 
500 
35 
645 
248 
714 
764 
735 
102 
936 
709 
306 
30 
871 
899 
652 
32 
28 
592 
280 
793 
893 
854 
412 
252 
993 
542 
705 
789 
255 
301 
480 
564 
266 
477 
240 
932 
760 
278 
364 
918 
722 
91 
414 
740 
247 
187 
501 
154 
21 
180 
168 
259 
418 
830 
876 
305 
771 
228 
92 
106 
797 
551 
573 
184 
219 
754 
227 
406 
782 
308 
562 
964 
294 
487 
826 
765 
767 
750 
409 
121 
961 
6 
972 
216 
440 
422 
368 
926 
947 
49 
39 
737 
67 
614 
340 
23 
321 
514 
852 
624 
647 
597 
956 
229 
173 
733 
840 
286 
503 
235 
29 
563 
459 
558 
701 
494 
873 
963 
358 
618 
675 
714 
63 
996 
64 
89 
107 
335 
772 
349 
511 
654 
572 
180 
171 
741 
482 
443 
651 
298 
479 
950 
809 
14 
801 
150 
704 
61 
295 
296 
890 
85 
790 
148 
681 
544 
765 
457 
195 
326 
788 
41 
642 
447 
88 
54 
723 
213 
643 
927 
598 
757 
853 
110 
391 
823 
703 
499 
400 
675 
558 
350 
209 
595 
763 
694 
897 
767 
493 
876 
1009 
305 
165 
5 
265 
500 
989 
523 
809 
520 
721 
315 
338 
259 
150 
413 
77 
936 
43 
345 
388 
661 
453 
611 
297 
11 
157 
149 
888 
295 
553 
381 
902 
96 
138 
371 
543 
34 
654 
815 
720 
940 
167 
260 
166 
931 
759 
384 
474 
556 
794 
747 
445 
287 
983 
42 
847 
625 
218 
949 
722 
617 
576 
845 
814 
485 
86 
427 
817 
231 
180 
648 
439 
405 
790 
411 
248 
254 
211 
522 
835 
40 
500 
771 
385 
193 
12 
915 
1000 
846 
944 
444 
22 
829 
957 
150 
179 
972 
959 
932 
848 
908 
615 
421 
671 
85 
477 
486 
980 
401 
182 
265 
96 
132 
335 
270 
624 
730 
856 
137 
346 
472 
29 
810 
859 
715 
410 
194 
141 
284 
460 
651 
290 
361 
961 
523 
924 
734 
493 
319 
745 
918 
762 
384 
566 
90 
371 
988 
50 
695 
630 
596 
943 
86 
639 
797 
420 
604 
210 
276 
98 
696 
188 
450 
694 
294 
389 
429 
535 
610 
1007 
702 
12 
511 
113 
378 
265 
985 
139 
903 
462 
350 
367 
573 
883 
150 
331 
686 
111 
889 
929 
938 
446 
411 
77 
676 
416 
787 
262 
171 
292 
692 
551 
478 
799 
724 
735 
562 
469 
650 
874 
701 
436 
134 
707 
64 
785 
864 
893 
767 
907 
449 
245 
414 
295 
671 
394 
282 
953 
609 
107 
575 
901 
189 
830 
80 
342 
744 
850 
659 
211 
644 
648 
382 
615 
318 
824 
317 
61 
540 
409 
653 
779 
223 
957 
981 
60 
335 
422 
438 
275 
148 
837 
27 
630 
730 
979 
81 
475 
71 
140 
306 
922 
716 
958 
965 
31 
128 
977 
507 
108 
920 
795 
204 
122 
875 
997 
633 
159 
802 
131 
656 
286 
602 
110 
866 
856 
252 
157 
425 
869 
184 
440 
843 
549 
794 
639 
627 
444 
301 
667 
136 
345 
936 
242 
12 
325 
841 
288 
576 
379 
107 
356 
992 
217 
945 
385 
219 
960 
374 
117 
40 
598 
476 
429 
119 
102 
328 
163 
186 
658 
887 
701 
747 
724 
870 
462 
73 
208 
565 
590 
489 
718 
572 
45 
405 
847 
669 
456 
633 
483 
53 
243 
326 
956 
786 
893 
448 
757 
349 
825 
628 
339 
736 
390 
580 
824 
869 
680 
437 
818 
525 
508 
376 
776 
422 
760 
542 
291 
772 
250 
425 
280 
426 
269 
996 
972 
546 
4 
924 
454 
938 
504 
9 
126 
708 
77 
668 
840 
61 
610 
429 
740 
26 
497 
839 
870 
815 
436 
22 
939 
318 
798 
20 
745 
548 
965 
912 
262 
308 
705 
549 
942 
161 
375 
879 
828 
499 
392 
774 
949 
612 
83 
913 
917 
650 
920 
410 
138 
846 
722 
275 
505 
813 
629 
671 
182 
68 
80 
906 
18 
661 
635 
704 
863 
885 
370 
206 
407 
614 
153 
978 
963 
158 
647 
269 
475 
7 
639 
46 
553 
616 
749 
982 
512 
727 
156 
77 
13 
40 
225 
519 
98 
10 
684 
237 
953 
51 
636 
527 
908 
637 
93 
529 
825 
299 
448 
1 
915 
977 
331 
847 
984 
630 
1003 
398 
30 
460 
463 
478 
890 
209 
122 
413 
354 
99 
148 
60 
705 
152 
466 
406 
623 
940 
103 
690 
845 
56 
800 
24 
180 
778 
175 
87 
930 
28 
137 
821 
147 
169 
906 
827 
185 
777 
193 
995 
315 
271 
197 
15 
816 
429 
482 
952 
435 
494 
447 
761 
305 
1003 
66 
701 
156 
228 
955 
657 
580 
693 
114 
407 
171 
74 
191 
965 
42 
330 
864 
203 
759 
118 
141 
926 
704 
1001 
409 
654 
889 
526 
577 
333 
801 
880 
128 
502 
161 
677 
475 
888 
208 
877 
841 
504 
633 
428 
709 
733 
468 
21 
441 
225 
655 
287 
224 
624 
971 
210 
648 
644 
244 
31 
290 
300 
549 
348 
380 
72 
530 
763 
824 
213 
195 
345 
925 
483 
695 
132 
318 
772 
446 
294 
674 
862 
315 
914 
672 
844 
323 
663 
389 
119 
964 
649 
742 
158 
980 
591 
161 
729 
652 
943 
414 
435 
2 
223 
93 
740 
585 
778 
46 
627 
714 
452 
533 
166 
622 
293 
164 
735 
499 
480 
114 
150 
505 
99 
453 
270 
665 
897 
997 
942 
502 
553 
263 
981 
413 
789 
133 
288 
689 
303 
165 
879 
444 
44 
863 
672 
719 
483 
540 
398 
817 
885 
363 
198 
593 
767 
5 
642 
535 
594 
567 
724 
47 
687 
891 
389 
405 
70 
609 
865 
557 
356 
272 
930 
60 
416 
792 
99 
6 
300 
880 
591 
604 
212 
663 
12 
495 
118 
779 
214 
765 
607 
486 
714 
731 
116 
998 
96 
387 
933 
910 
425 
997 
688 
977 
211 
399 
137 
631 
466 
862 
439 
838 
780 
84 
226 
848 
412 
366 
245 
686 
989 
991 
831 
319 
634 
817 
92 
752 
530 
4 
656 
468 
122 
858 
851 
278 
453 
422 
771 
984 
552 
509 
395 
930 
135 
27 
391 
869 
648 
165 
531 
363 
200 
54 
829 
237 
205 
964 
425 
139 
955 
611 
302 
335 
887 
286 
800 
21 
741 
81 
804 
929 
680 
784 
318 
917 
811 
131 
325 
417 
677 
978 
454 
74 
777 
696 
818 
533 
853 
77 
921 
50 
323 
549 
982 
635 
249 
142 
126 
877 
66 
462 
620 
186 
606 
821 
356 
27 
792 
280 
986 
402 
941 
904 
827 
170 
407 
538 
525 
594 
537 
384 
579 
219 
989 
517 
949 
346 
721 
825 
847 
10 
983 
772 
781 
469 
250 
65 
872 
481 
658 
218 
408 
498 
278 
863 
435 
704 
263 
994 
386 
205 
43 
247 
36 
160 
163 
444 
192 
535 
123 
682 
870 
323 
805 
876 
746 
302 
798 
952 
903 
545 
993 
484 
235 
841 
945 
470 
301 
845 
638 
199 
792 
315 
303 
551 
777 
705 
859 
22 
804 
213 
7 
356 
988 
629 
210 
657 
295 
688 
980 
226 
632 
333 
137 
414 
726 
200 
412 
790 
9 
122 
88 
801 
829 
646 
776 
97 
618 
855 
330 
676 
512 
317 
85 
778 
620 
737 
738 
48 
298 
169 
819 
938 
286 
703 
106 
639 
411 
386 
975 
193 
964 
230 
644 
874 
394 
514 
206 
425 
162 
833 
814 
852 
800 
530 
56 
423 
461 
78 
863 
74 
690 
756 
408 
1007 
540 
426 
319 
698 
836 
974 
1004 
657 
554 
758 
564 
688 
93 
893 
29 
462 
422 
34 
502 
300 
999 
850 
856 
77 
441 
16 
185 
796 
713 
960 
542 
971 
370 
349 
101 
593 
279 
763 
860 
58 
68 
518 
292 
76 
9 
244 
914 
580 
277 
892 
450 
184 
18 
56 
211 
846 
840 
529 
727 
955 
742 
537 
262 
790 
123 
861 
929 
783 
273 
863 
82 
267 
870 
601 
472 
772 
913 
206 
236 
411 
755 
444 
100 
285 
780 
919 
422 
124 
131 
558 
194 
893 
51 
624 
874 
154 
179 
193 
483 
519 
782 
707 
883 
915 
994 
379 
660 
63 
152 
1001 
504 
93 
19 
283 
607 
546 
834 
493 
491 
337 
980 
814 
981 
603 
683 
817 
517 
409 
738 
558 
392 
982 
58 
1003 
583 
900 
637 
452 
975 
18 
51 
466 
732 
306 
397 
226 
832 
100 
122 
828 
988 
361 
35 
601 
127 
785 
121 
278 
331 
864 
745 
508 
184 
307 
989 
138 
837 
431 
916 
972 
48 
849 
280 
727 
255 
354 
777 
401 
55 
498 
903 
672 
530 
594 
388 
483 
81 
814 
165 
780 
707 
150 
219 
456 
62 
749 
846 
821 
929 
327 
938 
277 
976 
641 
490 
889 
253 
263 
839 
779 
808 
419 
767 
208 
7 
19 
134 
607 
645 
447 
546 
711 
497 
818 
909 
1006 
996 
977 
643 
786 
896 
44 
198 
700 
316 
516 
242 
344 
522 
284 
949 
499 
756 
486 
797 
317 
917 
919 
370 
455 
677 
849 
865 
527 
634 
947 
817 
331 
95 
691 
43 
103 
841 
361 
57 
1004 
526 
872 
149 
266 
439 
428 
338 
914 
82 
147 
682 
542 
606 
482 
743 
0 
802 
218 
67 
845 
986 
8 
788 
182 
500 
699 
377 
777 
459 
905 
503 
996 
325 
396 
954 
984 
92 
475 
703 
58 
347 
408 
208 
244 
382 
837 
948 
710 
832 
458 
674 
346 
269 
185 
201 
928 
123 
512 
975 
545 
172 
657 
909 
428 
359 
546 
834 
686 
515 
507 
334 
683 
990 
622 
390 
689 
854 
419 
886 
2 
731 
646 
504 
108 
131 
87 
676 
478 
339 
663 
322 
958 
700 
779 
151 
1001 
464 
684 
866 
954 
361 
829 
119 
36 
476 
665 
470 
1006 
595 
759 
799 
418 
4 
538 
111 
715 
778 
793 
242 
330 
195 
84 
833 
894 
51 
313 
619 
580 
725 
356 
611 
609 
259 
843 
947 
326 
513 
338 
787 
337 
72 
873 
803 
880 
341 
667 
507 
363 
316 
324 
613 
646 
342 
315 
701 
481 
350 
542 
33 
569 
76 
498 
71 
379 
684 
905 
839 
721 
940 
724 
296 
65 
869 
506 
687 
204 
980 
408 
640 
424 
66 
752 
924 
796 
244 
985 
268 
399 
421 
750 
929 
326 
364 
251 
802 
35 
275 
770 
710 
830 
38 
1001 
292 
432 
732 
923 
123 
21 
353 
493 
96 
846 
23 
171 
719 
464 
339 
440 
781 
838 
669 
359 
473 
491 
25 
225 
503 
714 
824 
287 
792 
661 
229 
615 
910 
368 
489 
297 
939 
760 
897 
517 
543 
839 
670 
598 
751 
243 
739 
512 
257 
761 
468 
613 
688 
482 
452 
461 
196 
458 
118 
466 
728 
74 
2 
991 
716 
701 
860 
538 
988 
459 
911 
217 
233 
532 
535 
823 
95 
292 
8 
950 
952 
190 
635 
921 
721 
534 
578 
875 
876 
686 
977 
955 
270 
895 
537 
864 
509 
850 
909 
384 
403 
472 
837 
594 
107 
454 
481 
400 
591 
414 
829 
634 
817 
529 
185 
448 
256 
774 
269 
565 
656 
442 
557 
111 
356 
731 
648 
72 
905 
911 
638 
287 
169 
406 
755 
629 
780 
534 
819 
902 
379 
421 
80 
976 
146 
879 
576 
350 
110 
800 
409 
749 
996 
371 
612 
725 
295 
175 
773 
170 
300 
94 
475 
375 
338 
232 
544 
444 
11 
167 
336 
560 
633 
563 
675 
804 
503 
694 
968 
912 
581 
599 
910 
423 
585 
494 
271 
180 
606 
651 
236 
937 
871 
196 
654 
453 
254 
496 
870 
966 
556 
592 
396 
743 
856 
430 
791 
711 
3 
548 
802 
411 
790 
636 
234 
973 
820 
767 
314 
688 
190 
840 
217 
269 
931 
381 
503 
925 
157 
590 
318 
139 
136 
410 
291 
760 
216 
701 
552 
199 
438 
772 
758 
682 
174 
947 
17 
936 
109 
579 
978 
737 
700 
868 
577 
227 
870 
543 
536 
616 
677 
561 
345 
295 
906 
278 
476 
276 
251 
580 
529 
884 
783 
480 
987 
274 
624 
883 
732 
927 
6 
535 
160 
5 
197 
319 
202 
374 
866 
557 
771 
309 
134 
804 
71 
764 
334 
924 
642 
330 
357 
31 
282 
712 
179 
321 
386 
871 
68 
252 
651 
65 
835 
349 
436 
682 
17 
320 
93 
246 
640 
721 
694 
377 
649 
509 
960 
358 
858 
114 
110 
872 
401 
549 
97 
479 
599 
445 
248 
1005 
944 
565 
398 
302 
935 
58 
26 
555 
698 
190 
996 
286 
969 
492 
553 
873 
887 
677 
534 
259 
405 
477 
632 
629 
203 
108 
395 
160 
578 
427 
37 
236 
603 
275 
204 
223 
860 
883 
365 
252 
940 
324 
119 
452 
85 
4 
474 
194 
301 
442 
258 
136 
202 
6 
310 
436 
818 
97 
485 
789 
52 
316 
988 
647 
702 
99 
999 
1004 
123 
12 
651 
0 
114 
212 
15 
256 
787 
978 
768 
872 
217 
759 
245 
241 
947 
510 
188 
916 
430 
507 
515 
350 
119 
338 
505 
629 
846 
876 
570 
949 
762 
463 
298 
749 
870 
332 
892 
265 
487 
468 
481 
66 
102 
355 
286 
598 
667 
763 
454 
476 
558 
778 
470 
844 
862 
911 
811 
460 
32 
206 
271 
365 
594 
324 
177 
333 
441 
237 
232 
795 
883 
966 
415 
685 
895 
800 
147 
974 
217 
127 
743 
701 
663 
927 
826 
670 
3 
803 
903 
520 
719 
204 
364 
339 
125 
975 
109 
464 
434 
258 
688 
586 
553 
181 
613 
510 
320 
980 
14 
182 
430 
977 
735 
940 
218 
150 
605 
344 
198 
183 
481 
565 
954 
550 
603 
254 
1000 
256 
396 
249 
184 
678 
452 
623 
756 
856 
948 
929 
84 
686 
745 
702 
123 
499 
377 
403 
818 
414 
320 
328 
433 
238 
361 
460 
305 
43 
915 
698 
534 
705 
312 
383 
879 
943 
32 
811 
215 
798 
546 
12 
659 
597 
31 
752 
152 
1008 
298 
278 
494 
419 
104 
229 
842 
523 
554 
592 
936 
332 
898 
960 
219 
956 
807 
933 
287 
417 
613 
758 
860 
363 
715 
797 
887 
531 
535 
342 
165 
61 
859 
356 
912 
208 
891 
252 
182 
880 
205 
683 
142 
339 
714 
224 
710 
744 
574 
242 
618 
919 
50 
442 
837 
270 
572 
732 
262 
720 
734 
978 
682 
631 
898 
771 
653 
213 
575 
233 
542 
545 
974 
528 
675 
39 
80 
835 
674 
966 
923 
838 
150 
954 
258 
522 
405 
516 
305 
407 
328 
616 
480 
834 
303 
147 
632 
574 
555 
160 
640 
231 
78 
423 
662 
434 
986 
291 
466 
331 
646 
277 
766 
372 
311 
348 
567 
673 
816 
999 
244 
253 
975 
446 
928 
694 
927 
495 
433 
359 
651 
547 
456 
496 
924 
306 
636 
590 
684 
723 
95 
738 
267 
288 
135 
481 
885 
542 
207 
309 
383 
391 
5 
943 
785 
38 
119 
133 
712 
501 
925 
10 
184 
530 
52 
621 
602 
606 
223 
123 
629 
314 
490 
50 
807 
18 
350 
289 
601 
430 
364 
142 
676 
656 
230 
718 
956 
97 
300 
468 
940 
32 
193 
628 
419 
774 
20 
12 
709 
6 
472 
580 
719 
42 
965 
291 
361 
100 
805 
621 
362 
761 
856 
381 
328 
732 
555 
173 
835 
851 
961 
55 
648 
898 
712 
502 
742 
128 
196 
396 
809 
479 
320 
274 
940 
632 
373 
165 
570 
865 
527 
414 
350 
285 
941 
45 
2 
237 
510 
148 
245 
356 
382 
862 
680 
556 
891 
646 
310 
734 
561 
733 
538 
129 
577 
608 
818 
923 
749 
251 
62 
708 
658 
128 
384 
572 
528 
791 
820 
153 
105 
252 
388 
957 
139 
99 
875 
224 
718 
545 
555 
130 
930 
206 
461 
341 
730 
83 
956 
531 
904 
828 
120 
352 
364 
622 
924 
587 
270 
379 
562 
688 
597 
663 
282 
475 
56 
486 
762 
609 
661 
565 
305 
985 
183 
453 
683 
679 
995 
702 
367 
74 
913 
750 
507 
289 
651 
63 
1003 
478 
242 
294 
423 
235 
760 
286 
31 
374 
213 
692 
258 
382 
527 
178 
704 
764 
885 
220 
71 
545 
273 
896 
470 
710 
495 
100 
573 
59 
905 
716 
822 
906 
173 
964 
789 
342 
752 
205 
953 
288 
120 
279 
61 
348 
369 
497 
744 
604 
652 
918 
842 
42 
792 
821 
52 
732 
108 
530 
140 
272 
819 
854 
788 
618 
977 
160 
193 
756 
749 
392 
751 
549 
833 
616 
681 
678 
620 
562 
712 
702 
762 
94 
150 
50 
574 
659 
982 
331 
87 
410 
586 
353 
291 
206 
158 
924 
735 
238 
641 
394 
406 
411 
501 
672 
648 
106 
629 
34 
289 
730 
789 
770 
165 
90 
647 
363 
147 
537 
936 
51 
98 
719 
84 
497 
652 
707 
495 
215 
557 
767 
741 
311 
900 
627 
634 
487 
159 
417 
74 
485 
551 
940 
818 
319 
65 
284 
281 
682 
464 
488 
871 
1003 
466 
295 
841 
562 
387 
346 
828 
592 
472 
153 
134 
391 
697 
1000 
840 
917 
545 
799 
482 
691 
364 
568 
572 
789 
695 
880 
701 
800 
906 
241 
331 
511 
117 
10 
355 
389 
516 
533 
260 
498 
371 
854 
515 
700 
642 
279 
824 
477 
866 
941 
986 
432 
759 
480 
892 
47 
861 
767 
384 
447 
192 
746 
874 
587 
696 
590 
401 
310 
641 
888 
382 
210 
702 
136 
775 
860 
4 
172 
980 
253 
508 
248 
680 
165 
903 
325 
505 
9 
595 
770 
670 
145 
650 
370 
970 
776 
821 
162 
57 
631 
149 
243 
228 
295 
144 
108 
519 
611 
654 
80 
561 
658 
699 
781 
40 
674 
356 
660 
270 
551 
393 
605 
999 
21 
489 
987 
917 
927 
768 
730 
278 
119 
285 
629 
407 
338 
769 
600 
855 
24 
251 
973 
810 
899 
627 
449 
534 
179 
932 
964 
166 
880 
955 
881 
335 
703 
68 
38 
783 
111 
189 
931 
662 
468 
446 
415 
389 
177 
833 
776 
481 
91 
124 
791 
180 
754 
39 
333 
438 
883 
500 
175 
69 
157 
396 
233 
330 
529 
363 
268 
457 
736 
771 
93 
531 
87 
29 
45 
182 
590 
230 
441 
465 
146 
67 
159 
27 
142 
485 
127 
946 
84 
680 
564 
577 
454 
629 
382 
141 
936 
891 
937 
122 
32 
532 
229 
347 
143 
1005 
1008 
302 
408 
832 
180 
994 
953 
178 
762 
866 
176 
252 
824 
884 
887 
701 
611 
287 
207 
817 
753 
86 
72 
273 
502 
333 
293 
231 
297 
203 
110 
513 
440 
718 
328 
104 
292 
918 
117 
96 
510 
623 
41 
420 
446 
139 
743 
742 
38 
777 
377 
659 
248 
481 
53 
627 
876 
170 
412 
208 
619 
919 
111 
462 
863 
51 
497 
757 
442 
11 
809 
411 
327 
499 
608 
672 
244 
590 
215 
645 
241 
574 
534 
85 
431 
942 
0 
992 
702 
948 
135 
821 
539 
845 
862 
464 
880 
712 
222 
906 
283 
641 
897 
338 
88 
903 
890 
912 
80 
487 
810 
864 
414 
896 
285 
353 
744 
560 
480 
195 
1002 
557 
841 
839 
561 
291 
700 
929 
59 
346 
472 
33 
984 
756 
55 
788 
531 
448 
815 
670 
922 
290 
820 
750 
498 
167 
37 
435 
118 
898 
690 
919 
836 
697 
591 
687 
239 
65 
389 
469 
616 
518 
967 
379 
418 
39 
399 
286 
663 
245 
405 
945 
905 
275 
368 
357 
271 
804 
100 
692 
578 
237 
49 
580 
436 
872 
662 
511 
548 
603 
142 
336 
786 
808 
378 
80 
1008 
742 
154 
487 
714 
734 
54 
446 
771 
982 
520 
316 
477 
855 
577 
273 
17 
198 
141 
320 
551 
305 
421 
566 
838 
759 
413 
455 
84 
528 
584 
349 
92 
267 
382 
769 
590 
881 
57 
589 
197 
107 
333 
164 
287 
554 
722 
296 
935 
338 
945 
119 
617 
223 
614 
801 
997 
940 
270 
337 
44 
523 
334 
698 
663 
694 
667 
470 
471 
727 
547 
532 
517 
999 
330 
925 
984 
104 
313 
254 
544 
407 
949 
809 
414 
150 
133 
292 
634 
72 
353 
876 
232 
495 
919 
300 
502 
610 
356 
4 
211 
357 
854 
773 
669 
615 
701 
851 
89 
185 
355 
783 
230 
79 
859 
132 
658 
965 
60 
677 
70 
744 
235 
980 
50 
172 
917 
732 
196 
619 
719 
176 
289 
232 
967 
912 
324 
80 
119 
164 
687 
268 
629 
663 
589 
146 
820 
686 
419 
734 
561 
226 
813 
814 
987 
353 
716 
844 
429 
953 
187 
800 
558 
963 
749 
366 
155 
124 
756 
404 
639 
972 
436 
281 
443 
618 
650 
823 
291 
602 
309 
206 
282 
220 
946 
747 
612 
272 
166 
973 
968 
217 
735 
997 
47 
804 
490 
296 
1 
619 
837 
722 
871 
1009 
569 
588 
259 
817 
339 
232 
396 
935 
928 
301 
543 
676 
364 
196 
608 
696 
413 
879 
152 
335 
123 
506 
634 
763 
949 
439 
592 
489 
470 
866 
523 
19 
418 
328 
263 
679 
76 
309 
478 
999 
765 
697 
705 
741 
870 
615 
990 
218 
538 
725 
119 
783 
534 
61 
928 
553 
940 
844 
38 
323 
1004 
601 
609 
707 
1002 
622 
520 
924 
561 
659 
580 
859 
419 
361 
890 
195 
212 
820 
337 
219 
713 
816 
662 
911 
498 
704 
428 
961 
145 
201 
656 
421 
638 
558 
590 
20 
171 
359 
2 
510 
903 
168 
914 
918 
133 
221 
765 
663 
261 
854 
694 
793 
303 
781 
909 
222 
284 
255 
377 
129 
832 
315 
182 
308 
39 
822 
559 
374 
1006 
9 
62 
815 
262 
685 
797 
773 
637 
77 
509 
282 
112 
32 
981 
131 
40 
305 
946 
336 
839 
51 
888 
130 
175 
943 
440 
933 
706 
852 
562 
850 
41 
110 
453 
430 
467 
477 
694 
266 
751 
455 
424 
438 
894 
254 
397 
588 
12 
700 
164 
107 
258 
589 
633 
27 
83 
625 
252 
19 
818 
496 
346 
221 
627 
901 
615 
599 
227 
490 
645 
36 
570 
646 
149 
617 
48 
43 
748 
362 
649 
123 
304 
359 
328 
880 
969 
281 
331 
100 
427 
435 
388 
71 
348 
948 
810 
545 
222 
779 
115 
25 
603 
201 
215 
403 
333 
300 
133 
676 
87 
386 
833 
798 
323 
778 
503 
423 
251 
583 
678 
497 
157 
210 
372 
479 
605 
647 
85 
130 
777 
858 
608 
1008 
124 
118 
174 
40 
631 
876 
469 
875 
23 
148 
212 
121 
486 
468 
471 
544 
560 
641 
805 
917 
334 
785 
817 
745 
384 
626 
260 
930 
972 
266 
61 
82 
711 
97 
447 
289 
376 
282 
446 
370 
240 
581 
21 
696 
753 
128 
226 
721 
950 
595 
755 
34 
347 
381 
768 
816 
441 
145 
214 
804 
760 
77 
891 
109 
221 
519 
731 
666 
277 
788 
824 
961 
215 
385 
468 
869 
508 
377 
331 
256 
483 
649 
845 
660 
287 
784 
176 
511 
270 
692 
614 
133 
648 
858 
818 
801 
113 
934 
734 
689 
944 
843 
274 
682 
197 
521 
373 
633 
537 
169 
213 
654 
417 
743 
857 
447 
497 
528 
555 
737 
973 
724 
675 
209 
17 
351 
961 
303 
410 
518 
703 
741 
954 
538 
771 
278 
551 
1002 
409 
581 
939 
690 
611 
140 
384 
212 
564 
33 
388 
272 
836 
644 
657 
727 
333 
165 
283 
639 
789 
947 
256 
145 
238 
617 
868 
5 
909 
794 
540 
854 
911 
307 
94 
946 
172 
895 
459 
710 
34 
984 
148 
599 
860 
134 
225 
350 
945 
651 
964 
514 
403 
42 
227 
530 
330 
652 
364 
174 
677 
250 
332 
222 
43 
668 
108 
245 
878 
209 
712 
414 
508 
664 
460 
790 
32 
879 
747 
627 
965 
280 
536 
353 
701 
326 
85 
760 
949 
232 
371 
358 
296 
944 
73 
331 
74 
735 
666 
820 
374 
61 
103 
605 
667 
555 
788 
562 
832 
487 
62 
997 
142 
11 
184 
611 
476 
601 
781 
480 
121 
915 
940 
454 
282 
413 
909 
551 
128 
874 
273 
961 
64 
451 
70 
526 
983 
262 
725 
423 
556 
279 
398 
382 
387 
378 
507 
8 
214 
297 
537 
783 
116 
576 
933 
253 
165 
122 
964 
508 
794 
316 
366 
816 
266 
592 
119 
311 
155 
513 
748 
639 
772 
1008 
548 
951 
192 
312 
731 
293 
157 
611 
365 
227 
669 
277 
98 
755 
727 
967 
163 
947 
760 
901 
205 
672 
578 
30 
660 
973 
63 
970 
83 
886 
326 
623 
865 
600 
557 
716 
796 
806 
742 
183 
889 
801 
521 
37 
992 
477 
529 
586 
856 
969 
638 
84 
12 
818 
137 
582 
738 
368 
159 
643 
523 
434 
724 
301 
501 
565 
773 
894 
75 
765 
400 
641 
612 
961 
627 
1004 
430 
989 
537 
209 
345 
841 
40 
146 
322 
631 
20 
269 
68 
476 
918 
907 
157 
197 
236 
863 
98 
267 
541 
183 
463 
29 
452 
144 
135 
441 
351 
901 
178 
350 
966 
490 
559 
568 
826 
628 
328 
555 
239 
87 
668 
19 
96 
560 
902 
923 
745 
914 
389 
652 
84 
582 
678 
285 
785 
221 
270 
196 
384 
242 
45 
161 
406 
454 
88 
327 
341 
286 
717 
85 
329 
344 
936 
648 
275 
460 
158 
118 
988 
124 
619 
449 
758 
778 
969 
13 
547 
629 
702 
509 
570 
312 
701 
943 
675 
212 
915 
143 
130 
845 
909 
156 
1007 
284 
774 
858 
30 
818 
710 
824 
904 
839 
90 
401 
240 
278 
287 
620 
637 
268 
451 
49 
404 
34 
514 
709 
415 
927 
189 
251 
479 
733 
255 
484 
516 
67 
530 
138 
998 
913 
383 
355 
110 
832 
934 
715 
496 
416 
437 
843 
513 
572 
805 
99 
947 
768 
868 
503 
519 
181 
722 
243 
80 
646 
71 
408 
272 
264 
208 
286 
821 
338 
718 
533 
641 
149 
215 
891 
577 
969 
147 
937 
981 
781 
725 
918 
584 
922 
939 
674 
64 
609 
22 
236 
546 
62 
136 
911 
486 
559 
917 
805 
616 
219 
930 
840 
493 
995 
786 
961 
282 
735 
957 
1000 
642 
927 
472 
245 
436 
130 
621 
835 
836 
580 
345 
941 
461 
597 
566 
923 
877 
648 
1005 
319 
373 
381 
276 
526 
673 
134 
414 
613 
766 
256 
683 
160 
496 
209 
444 
458 
851 
354 
821 
1002 
123 
515 
382 
234 
407 
857 
67 
722 
488 
936 
471 
508 
565 
342 
157 
737 
366 
800 
184 
959 
131 
321 
60 
317 
482 
241 
1007 
474 
309 
988 
349 
367 
906 
791 
147 
965 
788 
190 
603 
739 
127 
599 
884 
137 
608 
582 
56 
203 
296 
364 
387 
943 
666 
139 
951 
19 
798 
919 
682 
222 
26 
202 
867 
540 
477 
583 
103 
859 
481 
113 
468 
509 
972 
841 
874 
707 
881 
800 
352 
107 
932 
453 
602 
416 
742 
137 
580 
42 
275 
636 
282 
367 
25 
337 
708 
766 
953 
601 
570 
822 
983 
132 
117 
134 
150 
852 
204 
558 
851 
1005 
233 
919 
143 
738 
535 
399 
657 
676 
918 
1000 
394 
595 
816 
893 
498 
398 
52 
689 
136 
497 
550 
10 
819 
828 
188 
942 
591 
356 
58 
235 
781 
268 
476 
859 
593 
837 
445 
252 
55 
917 
949 
359 
645 
697 
399 
329 
109 
405 
578 
26 
280 
392 
754 
929 
74 
510 
918 
512 
289 
905 
31 
986 
738 
537 
79 
623 
215 
635 
466 
245 
464 
702 
670 
582 
253 
935 
35 
175 
341 
330 
627 
858 
77 
513 
64 
804 
268 
834 
386 
686 
775 
987 
290 
52 
990 
931 
788 
442 
607 
985 
358 
320 
574 
1005 
650 
602 
485 
122 
432 
128 
675 
492 
561 
23 
189 
928 
171 
518 
178 
567 
526 
614 
692 
604 
723 
282 
254 
183 
381 
927 
121 
520 
808 
890 
373 
973 
810 
450 
105 
363 
635 
150 
839 
91 
94 
509 
589 
885 
45 
362 
772 
562 
768 
467 
318 
204 
961 
160 
247 
195 
769 
575 
309 
821 
576 
817 
82 
909 
35 
407 
73 
716 
205 
2 
774 
745 
321 
957 
657 
882 
918 
131 
644 
44 
980 
996 
615 
828 
721 
372 
462 
289 
642 
163 
737 
696 
58 
181 
723 
713 
153 
42 
120 
226 
166 
664 
845 
329 
1000 
228 
128 
834 
284 
293 
257 
212 
532 
920 
187 
511 
419 
0 
746 
915 
931 
275 
178 
154 
630 
521 
392 
203 
396 
287 
870 
195 
668 
99 
568 
631 
557 
683 
315 
111 
45 
728 
996 
484 
754 
973 
983 
796 
790 
518 
619 
39 
927 
836 
55 
476 
536 
650 
758 
992 
101 
733 
352 
495 
230 
603 
791 
883 
831 
106 
312 
565 
829 
160 
233 
492 
682 
371 
929 
268 
306 
819 
870 
267 
383 
168 
104 
110 
909 
702 
428 
253 
745 
649 
372 
310 
502 
903 
142 
1 
272 
126 
738 
991 
68 
467 
419 
648 
989 
430 
1006 
84 
412 
420 
145 
670 
348 
653 
988 
394 
900 
294 
173 
78 
751 
621 
868 
223 
917 
227 
594 
314 
704 
267 
752 
878 
482 
193 
805 
1005 
712 
929 
293 
744 
75 
271 
564 
463 
453 
529 
851 
485 
842 
398 
88 
630 
705 
570 
459 
449 
618 
822 
99 
484 
584 
395 
3 
215 
808 
373 
824 
632 
282 
541 
943 
185 
38 
922 
905 
831 
958 
139 
764 
178 
187 
716 
85 
296 
197 
207 
770 
955 
400 
424 
649 
147 
217 
244 
733 
713 
662 
388 
549 
539 
186 
430 
450 
532 
521 
947 
266 
940 
761 
140 
142 
941 
250 
639 
417 
912 
119 
828 
949 
675 
260 
615 
605 
295 
616 
823 
980 
946 
867 
427 
680 
47 
594 
724 
596 
921 
54 
275 
982 
249 
956 
743 
453 
672 
579 
130 
50 
106 
202 
200 
972 
691 
573 
541 
499 
154 
863 
706 
963 
717 
344 
395 
552 
376 
790 
930 
647 
70 
172 
516 
315 
495 
530 
268 
483 
224 
244 
545 
462 
368 
807 
447 
548 
313 
109 
338 
442 
931 
343 
420 
839 
424 
115 
903 
448 
19 
427 
638 
387 
63 
73 
875 
377 
878 
681 
238 
310 
986 
842 
187 
820 
523 
537 
235 
556 
351 
309 
287 
199 
11 
166 
989 
190 
505 
816 
876 
35 
738 
784 
112 
239 
350 
898 
145 
244 
361 
837 
6 
124 
917 
15 
84 
294 
829 
639 
489 
128 
860 
237 
51 
285 
188 
243 
546 
288 
415 
951 
643 
432 
890 
263 
955 
434 
268 
708 
832 
407 
297 
651 
925 
569 
868 
737 
458 
687 
79 
421 
755 
80 
372 
551 
467 
230 
903 
368 
574 
859 
29 
764 
5 
725 
461 
219 
231 
426 
997 
842 
618 
642 
82 
909 
869 
948 
530 
56 
422 
254 
999 
222 
991 
902 
211 
634 
465 
666 
22 
513 
663 
865 
143 
318 
818 
833 
219 
378 
835 
727 
662 
640 
298 
850 
920 
485 
832 
717 
889 
899 
212 
816 
990 
307 
392 
403 
961 
304 
974 
764 
61 
109 
430 
825 
98 
161 
661 
359 
270 
763 
775 
651 
433 
534 
299 
472 
24 
941 
788 
90 
859 
807 
83 
831 
930 
171 
248 
446 
94 
224 
209 
776 
174 
958 
284 
821 
673 
895 
225 
395 
600 
311 
501 
245 
935 
474 
700 
540 
964 
153 
601 
786 
345 
19 
773 
204 
372 
565 
454 
646 
348 
617 
692 
609 
647 
152 
707 
1005 
27 
803 
21 
615 
547 
355 
360 
63 
106 
536 
744 
677 
770 
191 
611 
653 
584 
388 
709 
847 
659 
962 
839 
516 
297 
104 
946 
667 
331 
49 
76 
150 
567 
917 
409 
1006 
229 
356 
951 
182 
367 
942 
375 
532 
0 
685 
288 
400 
110 
340 
469 
481 
70 
390 
370 
408 
431 
784 
660 
484 
59 
46 
155 
212 
624 
234 
215 
630 
99 
940 
89 
611 
731 
509 
532 
521 
230 
483 
8 
991 
975 
956 
357 
845 
758 
739 
879 
802 
839 
112 
214 
806 
153 
762 
535 
856 
649 
27 
25 
226 
174 
690 
383 
572 
4 
860 
177 
178 
903 
376 
35 
1005 
616 
73 
864 
721 
239 
717 
865 
301 
768 
929 
744 
955 
634 
703 
340 
163 
165 
870 
824 
443 
766 
716 
636 
382 
162 
191 
882 
312 
988 
533 
675 
985 
563 
251 
692 
973 
354 
921 
669 
0 
524 
270 
228 
452 
558 
738 
343 
22 
33 
699 
909 
623 
903 
42 
422 
27 
113 
118 
288 
993 
21 
544 
148 
146 
796 
373 
262 
887 
532 
19 
829 
322 
360 
852 
198 
244 
326 
823 
181 
478 
826 
533 
486 
71 
517 
721 
321 
110 
605 
540 
554 
648 
79 
220 
819 
879 
836 
167 
918 
112 
889 
385 
430 
247 
456 
175 
296 
43 
454 
712 
801 
916 
494 
250 
287 
210 
212 
488 
465 
785 
775 
720 
32 
982 
536 
632 
863 
543 
756 
492 
421 
301 
650 
674 
728 
369 
585 
923 
695 
906 
903 
165 
534 
337 
102 
354 
453 
845 
161 
387 
760 
97 
832 
975 
900 
595 
365 
449 
83 
561 
271 
79 
942 
303 
209 
356 
574 
261 
191 
457 
611 
675 
588 
544 
252 
638 
206 
625 
88 
245 
947 
873 
886 
24 
47 
164 
834 
394 
158 
851 
576 
854 
265 
296 
463 
859 
381 
66 
259 
519 
287 
784 
84 
701 
117 
720 
21 
500 
284 
591 
107 
856 
227 
575 
251 
846 
946 
8 
787 
528 
473 
3 
672 
951 
428 
644 
970 
944 
717 
937 
318 
432 
211 
757 
993 
781 
960 
148 
571 
430 
496 
321 
330 
366 
431 
82 
334 
300 
806 
650 
505 
986 
665 
533 
151 
468 
120 
409 
375 
687 
161 
609 
483 
495 
625 
386 
389 
260 
895 
870 
979 
664 
635 
51 
241 
433 
435 
880 
123 
129 
23 
443 
842 
131 
836 
862 
340 
401 
991 
901 
406 
219 
728 
598 
732 
254 
528 
629 
477 
655 
381 
250 
839 
705 
770 
519 
980 
290 
449 
793 
604 
501 
825 
395 
592 
63 
319 
491 
955 
1009 
722 
226 
951 
229 
257 
701 
3 
238 
454 
960 
657 
570 
616 
195 
778 
300 
329 
752 
885 
566 
644 
967 
663 
307 
927 
544 
583 
999 
604 
68 
521 
62 
817 
32 
978 
383 
822 
390 
313 
187 
675 
495 
61 
311 
587 
20 
73 
101 
717 
85 
550 
535 
96 
354 
942 
482 
912 
581 
682 
124 
503 
780 
288 
438 
95 
116 
558 
798 
726 
828 
162 
249 
505 
536 
357 
997 
823 
24 
254 
188 
635 
238 
242 
911 
937 
951 
425 
235 
74 
627 
67 
405 
781 
848 
694 
297 
816 
34 
371 
368 
653 
248 
811 
379 
504 
953 
247 
109 
22 
331 
16 
476 
512 
807 
714 
857 
366 
563 
70 
381 
906 
698 
106 
972 
976 
574 
710 
567 
740 
614 
450 
465 
750 
146 
920 
654 
997 
134 
229 
282 
217 
264 
537 
1003 
536 
935 
892 
874 
175 
305 
319 
879 
693 
472 
523 
902 
295 
637 
562 
760 
668 
494 
790 
608 
959 
342 
23 
372 
273 
321 
274 
266 
946 
213 
631 
686 
137 
720 
941 
359 
268 
828 
417 
639 
300 
340 
434 
618 
296 
172 
219 
15 
171 
783 
747 
147 
48 
956 
198 
671 
106 
679 
999 
789 
119 
240 
157 
654 
641 
467 
755 
462 
60 
465 
635 
548 
437 
256 
980 
132 
23 
461 
594 
602 
180 
356 
690 
960 
237 
234 
930 
891 
4 
155 
735 
815 
682 
488 
340 
228 
272 
592 
407 
140 
351 
750 
448 
249 
457 
396 
41 
92 
282 
430 
279 
612 
301 
500 
505 
961 
45 
849 
495 
558 
823 
79 
436 
949 
126 
715 
758 
610 
584 
994 
678 
933 
302 
526 
212 
280 
134 
647 
434 
757 
721 
207 
325 
245 
730 
742 
998 
469 
511 
723 
885 
697 
775 
663 
1009 
543 
365 
99 
1004 
266 
26 
366 
394 
918 
817 
822 
575 
892 
344 
981 
210 
835 
503 
823 
257 
704 
568 
741 
1008 
253 
60 
860 
315 
387 
667 
553 
537 
681 
540 
628 
675 
149 
706 
623 
695 
187 
605 
743 
980 
217 
333 
129 
377 
312 
446 
409 
974 
182 
739 
923 
375 
368 
82 
970 
862 
702 
526 
262 
982 
405 
121 
101 
345 
242 
350 
364 
21 
510 
142 
451 
630 
562 
383 
825 
998 
538 
843 
370 
686 
839 
781 
991 
809 
894 
422 
70 
151 
235 
306 
334 
899 
746 
786 
549 
328 
473 
437 
614 
1005 
261 
603 
83 
618 
18 
472 
696 
877 
4 
594 
54 
175 
336 
468 
367 
509 
361 
266 
857 
213 
644 
932 
313 
75 
636 
988 
526 
794 
50 
834 
533 
637 
982 
59 
448 
978 
929 
778 
318 
38 
376 
139 
664 
959 
142 
586 
800 
350 
88 
856 
736 
446 
390 
357 
219 
659 
750 
426 
783 
120 
753 
542 
500 
747 
321 
876 
400 
932 
172 
51 
550 
557 
15 
646 
943 
156 
263 
163 
286 
773 
540 
2 
930 
526 
483 
676 
681 
958 
418 
331 
861 
424 
461 
208 
95 
176 
8 
462 
378 
806 
460 
352 
358 
114 
385 
640 
219 
506 
36 
23 
569 
189 
421 
634 
59 
356 
546 
330 
558 
867 
489 
729 
317 
517 
565 
765 
231 
53 
756 
970 
56 
952 
1 
799 
209 
860 
300 
583 
973 
939 
518 
699 
1002 
616 
190 
672 
235 
322 
674 
660 
767 
639 
739 
245 
685 
123 
228 
743 
761 
830 
651 
1008 
119 
576 
448 
129 
666 
791 
277 
220 
670 
683 
950 
373 
562 
987 
303 
272 
668 
963 
553 
143 
792 
192 
350 
454 
870 
382 
435 
836 
861 
306 
463 
410 
872 
71 
714 
720 
378 
804 
692 
623 
807 
928 
563 
184 
359 
802 
539 
31 
243 
844 
926 
36 
49 
541 
432 
142 
954 
586 
239 
826 
379 
171 
508 
654 
61 
773 
113 
632 
644 
583 
736 
886 
527 
485 
200 
426 
507 
377 
810 
219 
266 
618 
290 
529 
817 
577 
427 
29 
768 
500 
812 
288 
970 
213 
226 
135 
458 
616 
813 
74 
1007 
448 
603 
955 
900 
571 
209 
895 
787 
610 
33 
97 
575 
965 
7 
870 
428 
567 
921 
612 
276 
487 
479 
392 
912 
254 
459 
333 
284 
115 
785 
517 
12 
148 
724 
767 
9 
312 
887 
979 
338 
64 
229 
264 
246 
807 
534 
380 
290 
488 
434 
661 
761 
35 
847 
323 
250 
939 
168 
475 
527 
564 
853 
600 
449 
442 
43 
666 
244 
452 
289 
48 
498 
954 
711 
165 
978 
751 
632 
765 
374 
893 
635 
25 
455 
20 
381 
538 
700 
4 
318 
726 
947 
28 
202 
659 
532 
71 
65 
54 
395 
805 
935 
1002 
83 
284 
90 
800 
203 
861 
503 
134 
146 
662 
577 
291 
269 
608 
207 
435 
771 
587 
82 
559 
148 
511 
94 
556 
84 
555 
563 
131 
446 
826 
200 
963 
838 
908 
457 
36 
304 
485 
611 
871 
221 
486 
597 
433 
922 
640 
552 
296 
424 
524 
295 
557 
145 
287 
514 
681 
151 
569 
205 
239 
419 
54 
185 
452 
32 
166 
954 
77 
991 
690 
86 
886 
955 
846 
365 
842 
648 
836 
509 
70 
349 
701 
882 
177 
335 
685 
131 
926 
678 
354 
625 
550 
234 
627 
851 
69 
657 
1006 
324 
73 
197 
154 
353 
348 
92 
91 
152 
982 
430 
538 
145 
448 
786 
950 
734 
477 
852 
967 
674 
953 
138 
737 
110 
372 
494 
404 
10 
102 
547 
231 
471 
741 
308 
626 
491 
810 
435 
653 
24 
651 
419 
210 
964 
5 
173 
378 
339 
351 
167 
42 
800 
948 
1007 
221 
438 
987 
7 
842 
493 
363 
607 
258 
638 
305 
670 
130 
520 
851 
23 
544 
541 
659 
268 
702 
588 
991 
743 
274 
212 
597 
564 
442 
975 
558 
205 
886 
515 
633 
389 
773 
604 
657 
919 
780 
798 
397 
777 
549 
108 
529 
486 
1002 
934 
408 
686 
41 
669 
27 
172 
434 
47 
194 
655 
343 
533 
468 
522 
980 
6 
143 
749 
154 
849 
399 
415 
718 
423 
308 
742 
479 
436 
987 
40 
379 
815 
339 
984 
516 
710 
940 
977 
783 
295 
83 
258 
648 
579 
696 
157 
512 
203 
382 
658 
866 
666 
724 
753 
329 
875 
530 
983 
302 
28 
635 
614 
912 
589 
419 
931 
793 
574 
359 
462 
799 
150 
209 
785 
349 
194 
429 
494 
594 
584 
517 
678 
484 
171 
70 
188 
441 
840 
776 
228 
501 
136 
831 
262 
643 
733 
201 
267 
770 
104 
148 
981 
193 
438 
125 
283 
505 
778 
100 
220 
993 
772 
841 
800 
231 
181 
17 
117 
615 
665 
561 
490 
658 
856 
66 
547 
877 
612 
301 
876 
320 
421 
150 
386 
356 
32 
299 
566 
830 
29 
871 
793 
553 
218 
516 
214 
790 
118 
586 
78 
520 
88 
319 
518 
50 
820 
105 
910 
550 
794 
543 
5 
924 
501 
626 
632 
157 
202 
470 
857 
223 
997 
692 
144 
331 
724 
836 
253 
618 
989 
394 
693 
697 
784 
440 
511 
175 
462 
964 
979 
37 
809 
4 
691 
984 
53 
788 
347 
158 
54 
732 
628 
20 
723 
363 
114 
822 
57 
393 
425 
933 
888 
194 
370 
1004 
544 
747 
581 
335 
472 
876 
952 
675 
549 
728 
305 
831 
562 
284 
494 
211 
214 
982 
99 
255 
406 
98 
463 
950 
371 
973 
630 
114 
351 
618 
889 
179 
710 
621 
288 
419 
748 
893 
425 
402 
828 
740 
558 
589 
226 
510 
340 
732 
903 
338 
82 
418 
280 
926 
254 
65 
719 
725 
834 
900 
910 
790 
1008 
823 
741 
680 
478 
159 
835 
322 
538 
286 
168 
306 
77 
367 
606 
609 
590 
536 
611 
408 
183 
776 
695 
58 
41 
597 
911 
413 
882 
632 
918 
92 
652 
87 
239 
318 
433 
820 
316 
420 
388 
48 
570 
240 
883 
698 
461 
428 
920 
579 
884 
160 
877 
673 
36 
720 
927 
497 
604 
450 
496 
393 
702 
46 
767 
304 
294 
639 
809 
994 
49 
527 
935 
148 
69 
111 
432 
669 
965 
523 
648 
199 
245 
29 
974 
634 
453 
587 
565 
54 
143 
207 
821 
836 
2 
817 
158 
27 
490 
946 
856 
249 
218 
384 
566 
255 
150 
340 
35 
126 
934 
621 
998 
246 
704 
113 
813 
442 
863 
532 
297 
956 
114 
995 
682 
369 
522 
552 
773 
796 
816 
992 
915 
151 
333 
548 
305 
810 
731 
882 
955 
110 
635 
823 
28 
562 
689 
206 
221 
866 
788 
714 
388 
561 
703 
685 
213 
609 
727 
338 
949 
283 
899 
16 
233 
769 
212 
808 
505 
269 
873 
822 
662 
654 
1 
299 
774 
463 
824 
343 
507 
385 
553 
868 
301 
242 
691 
464 
620 
14 
368 
383 
51 
871 
29 
377 
909 
361 
789 
230 
1006 
398 
115 
179 
162 
317 
203 
3 
265 
551 
859 
898 
35 
866 
94 
274 
279 
144 
599 
597 
962 
522 
714 
139 
22 
519 
407 
754 
816 
586 
420 
644 
178 
795 
852 
474 
369 
917 
444 
797 
694 
352 
829 
538 
762 
985 
598 
862 
201 
49 
604 
772 
556 
28 
911 
