1251 
1145 
312 
647 
333 
977 
388 
537 
781 
78 
1094 
73 
355 
1243 
167 
876 
904 
499 
1162 
1097 
236 
801 
347 
1046 
1107 
1122 
974 
929 
752 
917 
205 
564 
62 
491 
578 
1191 
739 
419 
681 
1098 
402 
93 
1202 
1081 
960 
304 
195 
1201 
775 
915 
761 
825 
529 
1246 
830 
661 
275 
264 
50 
163 
810 
399 
1160 
1058 
1100 
781 
691 
277 
607 
1005 
1045 
1214 
96 
429 
701 
246 
404 
482 
449 
547 
34 
453 
480 
276 
322 
161 
571 
1218 
846 
136 
784 
1235 
864 
223 
252 
17 
1079 
194 
857 
657 
780 
181 
1081 
473 
606 
541 
422 
1142 
632 
1244 
919 
1071 
1032 
5 
768 
309 
363 
180 
668 
160 
1104 
1201 
899 
474 
430 
873 
916 
206 
311 
562 
24 
272 
807 
219 
123 
1229 
302 
759 
1176 
1132 
291 
316 
716 
736 
178 
993 
264 
667 
994 
682 
910 
734 
80 
328 
129 
1044 
49 
455 
586 
649 
161 
830 
99 
192 
159 
1037 
642 
164 
886 
1069 
555 
523 
196 
243 
283 
116 
107 
610 
568 
1073 
1224 
655 
209 
428 
969 
984 
1167 
358 
974 
621 
598 
1004 
470 
545 
933 
606 
727 
360 
440 
758 
638 
971 
218 
277 
710 
208 
91 
679 
1255 
55 
1132 
152 
389 
444 
991 
1056 
429 
573 
985 
826 
1247 
987 
998 
448 
351 
248 
1081 
849 
592 
295 
857 
51 
697 
145 
496 
1182 
457 
728 
144 
695 
217 
252 
89 
774 
482 
837 
364 
912 
836 
258 
585 
765 
1221 
514 
1022 
596 
1259 
541 
160 
1070 
150 
502 
1189 
377 
466 
244 
299 
1195 
400 
988 
220 
1209 
792 
13 
43 
22 
887 
513 
870 
731 
380 
842 
711 
594 
164 
906 
1200 
16 
864 
261 
81 
445 
1073 
965 
847 
1126 
913 
442 
487 
37 
619 
266 
657 
112 
872 
827 
947 
891 
222 
301 
207 
196 
185 
857 
924 
149 
1184 
1000 
469 
252 
1095 
276 
250 
54 
425 
810 
204 
378 
617 
1031 
518 
203 
1249 
1248 
499 
820 
727 
1055 
955 
1218 
456 
100 
269 
554 
463 
666 
798 
567 
1076 
478 
934 
19 
139 
216 
172 
991 
555 
837 
605 
536 
545 
29 
310 
1238 
1141 
1177 
197 
1197 
290 
267 
686 
372 
457 
460 
1169 
733 
547 
373 
1247 
166 
813 
1024 
1132 
390 
882 
885 
909 
755 
1018 
435 
633 
251 
619 
403 
122 
136 
1046 
646 
1240 
427 
841 
818 
514 
535 
537 
245 
963 
382 
425 
930 
212 
389 
752 
172 
857 
912 
707 
844 
780 
896 
674 
759 
1172 
405 
866 
41 
859 
246 
177 
130 
500 
100 
676 
959 
843 
460 
176 
910 
516 
263 
323 
204 
395 
550 
921 
644 
171 
121 
561 
1119 
76 
1039 
783 
1054 
1222 
1184 
577 
1038 
337 
431 
492 
616 
582 
1111 
1048 
597 
590 
721 
1149 
920 
1015 
1260 
468 
489 
790 
967 
169 
79 
109 
1122 
189 
27 
422 
1218 
576 
557 
682 
604 
1216 
503 
733 
368 
860 
1143 
595 
851 
1020 
677 
225 
1093 
400 
88 
1237 
802 
107 
874 
326 
761 
934 
692 
1073 
235 
361 
21 
1236 
403 
174 
669 
413 
375 
912 
1126 
890 
1133 
367 
747 
901 
744 
159 
941 
239 
172 
1184 
1162 
291 
651 
1248 
439 
947 
294 
288 
484 
1083 
1199 
1081 
270 
913 
35 
25 
559 
1021 
698 
416 
341 
668 
954 
654 
721 
568 
9 
846 
804 
362 
549 
320 
31 
892 
822 
596 
378 
68 
1036 
581 
493 
209 
779 
1166 
1165 
512 
1054 
643 
967 
1092 
659 
282 
824 
1128 
730 
637 
1025 
6 
428 
758 
699 
1064 
1018 
1120 
93 
511 
689 
1097 
635 
95 
1223 
514 
756 
605 
1150 
282 
87 
998 
373 
816 
3 
288 
243 
870 
118 
399 
265 
1248 
609 
563 
156 
562 
749 
342 
687 
865 
926 
933 
977 
277 
922 
1047 
1244 
678 
518 
271 
35 
890 
98 
329 
674 
1130 
1155 
1168 
1149 
210 
196 
1175 
869 
1242 
84 
1143 
186 
191 
1237 
90 
66 
411 
374 
1037 
1198 
373 
1025 
235 
1 
1229 
1212 
88 
1246 
772 
506 
880 
298 
281 
431 
361 
282 
818 
478 
724 
67 
583 
773 
1174 
524 
1108 
407 
275 
638 
102 
863 
319 
1118 
331 
715 
260 
15 
26 
1131 
918 
1243 
1160 
798 
236 
1247 
394 
1224 
856 
1244 
704 
911 
382 
413 
988 
130 
17 
1162 
1086 
136 
652 
61 
1062 
1128 
660 
1090 
395 
228 
556 
1065 
308 
939 
547 
1097 
110 
336 
878 
800 
1153 
554 
780 
936 
888 
844 
326 
11 
195 
563 
1227 
1185 
453 
492 
334 
581 
1074 
66 
265 
252 
551 
956 
477 
1251 
530 
3 
955 
767 
644 
1077 
407 
1049 
633 
317 
155 
185 
456 
188 
943 
415 
246 
1169 
1199 
276 
39 
756 
494 
124 
57 
314 
344 
624 
1147 
6 
876 
646 
19 
928 
1109 
719 
190 
878 
231 
1209 
1245 
1224 
907 
908 
286 
666 
260 
631 
1253 
1243 
201 
681 
1233 
644 
1246 
870 
754 
855 
775 
284 
1017 
26 
152 
2 
1239 
758 
1020 
341 
15 
542 
741 
307 
218 
1115 
1200 
510 
629 
381 
978 
436 
1036 
3 
774 
956 
904 
1082 
918 
952 
151 
416 
39 
700 
150 
402 
960 
634 
642 
506 
1084 
45 
1202 
668 
780 
622 
78 
1238 
949 
1189 
549 
99 
521 
1193 
1199 
659 
672 
62 
557 
862 
928 
1212 
120 
984 
790 
874 
673 
36 
173 
1078 
1242 
273 
1 
1040 
198 
428 
370 
708 
439 
1037 
1185 
373 
414 
387 
870 
959 
563 
545 
766 
484 
980 
1152 
212 
194 
147 
242 
564 
1170 
1088 
324 
553 
1068 
1147 
15 
362 
909 
566 
82 
243 
945 
1024 
1116 
57 
560 
1207 
283 
159 
1146 
1115 
629 
28 
137 
144 
868 
303 
219 
813 
661 
735 
333 
788 
174 
1119 
996 
100 
393 
38 
975 
991 
325 
162 
248 
617 
717 
680 
558 
561 
731 
49 
872 
999 
734 
1062 
636 
963 
108 
198 
348 
622 
458 
327 
647 
181 
679 
72 
851 
94 
1061 
246 
1148 
172 
511 
71 
1133 
552 
31 
454 
1006 
620 
83 
350 
993 
395 
951 
1038 
355 
1200 
821 
92 
472 
784 
571 
751 
990 
370 
484 
1072 
279 
624 
47 
1236 
548 
796 
656 
1182 
977 
319 
257 
776 
722 
836 
1014 
670 
1058 
277 
168 
288 
675 
479 
69 
1040 
350 
621 
512 
1039 
1198 
563 
634 
610 
791 
125 
809 
1204 
140 
591 
674 
291 
763 
860 
777 
970 
892 
385 
348 
1111 
150 
285 
1249 
1065 
62 
286 
489 
611 
374 
984 
645 
946 
234 
925 
1142 
995 
229 
1247 
84 
1133 
1018 
1125 
407 
1219 
1207 
1201 
957 
1108 
42 
1224 
77 
644 
1147 
258 
307 
959 
1262 
513 
362 
445 
741 
213 
717 
1029 
1131 
764 
453 
1025 
99 
1221 
1081 
490 
1003 
859 
1237 
1121 
477 
480 
1181 
221 
1185 
661 
658 
935 
207 
72 
299 
262 
641 
523 
578 
543 
230 
1052 
1114 
225 
371 
380 
442 
426 
966 
351 
173 
375 
430 
289 
509 
1108 
937 
7 
820 
421 
402 
320 
540 
545 
378 
1067 
278 
1206 
615 
1257 
250 
513 
1246 
438 
69 
964 
294 
644 
1068 
386 
634 
370 
301 
804 
246 
5 
1037 
620 
926 
324 
252 
823 
782 
603 
958 
1066 
1112 
723 
1074 
362 
1239 
968 
197 
579 
89 
1133 
4 
159 
740 
704 
830 
730 
784 
75 
1156 
1225 
771 
325 
944 
937 
747 
316 
472 
632 
46 
207 
1207 
905 
344 
694 
703 
879 
279 
281 
812 
884 
1086 
253 
682 
769 
1017 
545 
1195 
509 
670 
415 
952 
438 
1049 
822 
882 
198 
1022 
1161 
729 
444 
307 
386 
633 
1164 
41 
713 
616 
804 
33 
104 
242 
789 
877 
1018 
96 
337 
849 
704 
267 
325 
249 
387 
507 
567 
648 
960 
698 
156 
505 
61 
375 
65 
709 
1145 
547 
810 
1169 
379 
179 
1232 
250 
76 
1052 
397 
1174 
168 
416 
627 
1165 
504 
81 
60 
597 
1064 
1092 
328 
359 
292 
485 
471 
1211 
467 
90 
389 
82 
639 
675 
493 
566 
1177 
852 
175 
194 
881 
126 
728 
349 
1081 
95 
1080 
1163 
176 
671 
1157 
901 
537 
191 
1102 
533 
12 
177 
705 
1101 
657 
149 
486 
520 
761 
655 
1147 
935 
1129 
823 
455 
55 
230 
157 
502 
138 
413 
420 
225 
479 
800 
51 
1111 
187 
14 
704 
1020 
768 
334 
1012 
1025 
793 
162 
538 
551 
329 
970 
584 
752 
548 
179 
523 
830 
147 
643 
124 
267 
984 
942 
560 
675 
136 
1140 
571 
287 
125 
13 
38 
274 
628 
603 
936 
355 
766 
1079 
7 
1017 
210 
1024 
50 
890 
262 
1041 
624 
1103 
995 
1018 
118 
553 
309 
1027 
612 
1178 
462 
652 
881 
809 
246 
1240 
1067 
530 
779 
663 
438 
516 
510 
1085 
248 
1016 
377 
528 
1069 
585 
1197 
728 
949 
932 
593 
1146 
439 
920 
487 
527 
1186 
335 
483 
1064 
197 
1215 
135 
348 
445 
65 
704 
437 
268 
767 
244 
1158 
30 
481 
748 
708 
148 
773 
1189 
62 
694 
1171 
936 
1054 
522 
451 
278 
724 
458 
798 
732 
558 
837 
658 
1099 
729 
383 
990 
409 
116 
172 
1209 
553 
593 
1040 
978 
1165 
587 
950 
356 
815 
1225 
292 
279 
101 
976 
111 
378 
1042 
1112 
1174 
822 
935 
758 
1259 
1250 
244 
263 
1002 
246 
820 
1164 
866 
1017 
1052 
1054 
953 
945 
58 
268 
1221 
540 
1000 
124 
465 
1243 
0 
890 
9 
1224 
606 
162 
927 
334 
105 
7 
25 
887 
262 
1007 
929 
1064 
256 
159 
676 
1087 
998 
232 
1079 
179 
415 
768 
880 
632 
1246 
1092 
481 
941 
576 
340 
62 
551 
1004 
1022 
921 
36 
42 
605 
649 
1184 
433 
303 
1146 
220 
684 
692 
407 
609 
246 
1166 
868 
1017 
1245 
1208 
96 
987 
1140 
798 
505 
245 
767 
851 
803 
1055 
1009 
339 
52 
685 
1195 
1003 
1143 
644 
279 
691 
1236 
131 
1114 
1001 
989 
1095 
55 
793 
1106 
1177 
1067 
664 
743 
86 
514 
1041 
787 
1162 
1167 
338 
1219 
351 
238 
1123 
1239 
619 
761 
203 
1205 
106 
626 
419 
434 
255 
895 
357 
501 
140 
381 
185 
220 
739 
928 
600 
156 
959 
850 
581 
25 
407 
898 
537 
603 
343 
472 
904 
987 
1066 
659 
590 
574 
374 
327 
1135 
956 
1096 
114 
173 
1102 
206 
401 
992 
1211 
995 
305 
1000 
1048 
806 
1205 
333 
781 
546 
75 
271 
50 
1144 
38 
606 
482 
864 
494 
813 
884 
1234 
943 
1077 
1072 
242 
613 
997 
753 
40 
26 
1007 
1168 
66 
396 
803 
746 
1148 
17 
423 
467 
86 
124 
61 
946 
241 
732 
547 
947 
246 
872 
6 
1026 
670 
533 
361 
322 
41 
1044 
104 
883 
1100 
1196 
736 
406 
1208 
752 
1245 
369 
988 
683 
1090 
59 
353 
1010 
8 
223 
410 
478 
548 
911 
342 
834 
263 
19 
669 
116 
262 
613 
748 
486 
96 
588 
888 
69 
131 
1068 
1131 
815 
399 
956 
1028 
622 
1086 
507 
704 
612 
27 
110 
70 
20 
76 
375 
12 
998 
734 
634 
1187 
260 
1099 
567 
1231 
85 
56 
930 
333 
644 
926 
591 
346 
845 
422 
303 
635 
522 
1123 
962 
1232 
16 
94 
1001 
251 
630 
584 
1149 
1173 
438 
1190 
261 
740 
324 
880 
912 
262 
234 
628 
134 
161 
254 
676 
769 
405 
839 
848 
786 
993 
256 
162 
276 
1236 
1136 
1069 
1197 
335 
684 
1016 
242 
259 
719 
1191 
1237 
87 
935 
1239 
103 
814 
136 
652 
386 
385 
355 
207 
79 
1119 
1157 
345 
1163 
428 
526 
39 
1225 
668 
556 
851 
893 
1126 
49 
681 
76 
249 
1053 
1142 
319 
998 
1092 
406 
994 
154 
382 
914 
402 
767 
496 
572 
404 
137 
763 
336 
944 
1104 
962 
306 
839 
464 
1195 
942 
755 
115 
883 
64 
889 
548 
912 
745 
229 
36 
72 
886 
103 
511 
959 
923 
1135 
864 
266 
583 
803 
473 
816 
503 
709 
1262 
1164 
990 
595 
230 
111 
199 
456 
1158 
1225 
267 
450 
968 
192 
575 
507 
984 
421 
899 
1105 
1234 
1020 
509 
1108 
739 
366 
414 
61 
173 
972 
789 
1047 
1041 
1112 
146 
82 
704 
162 
553 
489 
228 
1186 
481 
623 
645 
435 
584 
873 
1237 
448 
625 
1199 
11 
504 
1015 
868 
165 
1139 
951 
760 
362 
1087 
254 
6 
976 
821 
1017 
1226 
497 
510 
490 
859 
110 
357 
1137 
715 
88 
995 
161 
749 
1240 
1252 
551 
1167 
860 
104 
401 
275 
1063 
1054 
416 
773 
402 
726 
819 
974 
126 
944 
1071 
441 
612 
678 
962 
208 
338 
493 
830 
872 
221 
300 
601 
511 
307 
154 
609 
9 
218 
560 
950 
460 
1144 
400 
397 
961 
1155 
590 
965 
393 
640 
102 
947 
396 
885 
736 
64 
77 
106 
634 
858 
596 
683 
767 
1221 
260 
485 
425 
854 
44 
982 
1199 
1019 
689 
562 
480 
1067 
41 
452 
582 
744 
912 
987 
421 
714 
718 
1239 
657 
285 
1083 
96 
401 
963 
369 
170 
940 
862 
297 
624 
110 
1165 
820 
1207 
811 
501 
252 
701 
93 
981 
45 
21 
808 
645 
568 
613 
792 
174 
183 
8 
1098 
708 
137 
217 
1080 
16 
1225 
1119 
1027 
557 
1249 
977 
616 
1259 
430 
764 
854 
923 
1103 
976 
826 
848 
537 
1257 
79 
600 
124 
545 
1181 
90 
875 
791 
800 
906 
774 
33 
1132 
670 
1031 
926 
1173 
139 
883 
68 
44 
719 
733 
828 
982 
427 
1227 
180 
209 
1174 
41 
1101 
367 
1209 
676 
309 
1118 
1127 
1167 
588 
1058 
1067 
818 
899 
909 
1217 
4 
900 
101 
674 
1258 
418 
637 
738 
198 
454 
1068 
593 
413 
158 
485 
564 
437 
249 
832 
256 
1218 
319 
605 
956 
173 
781 
343 
470 
68 
806 
435 
749 
941 
333 
797 
201 
713 
535 
247 
272 
39 
439 
756 
374 
492 
169 
500 
287 
108 
1142 
563 
69 
763 
106 
1240 
731 
1071 
1116 
482 
29 
279 
845 
601 
1088 
149 
263 
378 
1217 
235 
943 
1212 
160 
1056 
94 
1129 
349 
585 
1155 
170 
209 
357 
64 
1090 
386 
1157 
123 
990 
98 
734 
1249 
715 
1101 
718 
288 
607 
815 
322 
291 
985 
453 
1220 
797 
842 
1169 
631 
690 
246 
397 
480 
323 
804 
586 
921 
531 
475 
1137 
814 
21 
703 
1135 
998 
628 
543 
250 
765 
572 
649 
733 
691 
663 
293 
41 
619 
750 
870 
260 
682 
486 
678 
1247 
496 
115 
24 
152 
1161 
596 
205 
236 
827 
373 
918 
1027 
1179 
593 
646 
245 
511 
429 
1068 
378 
786 
756 
940 
799 
400 
59 
1105 
602 
49 
401 
746 
708 
651 
783 
805 
109 
1127 
928 
840 
482 
1042 
950 
294 
686 
1145 
994 
1049 
1134 
580 
1012 
1151 
324 
792 
1075 
812 
537 
1251 
775 
1147 
358 
46 
1172 
257 
495 
631 
248 
903 
291 
723 
391 
769 
799 
1017 
1176 
935 
1146 
492 
216 
722 
335 
193 
323 
809 
817 
605 
1078 
431 
276 
548 
288 
575 
486 
619 
626 
333 
1126 
317 
1252 
1098 
236 
480 
744 
693 
853 
1112 
720 
435 
418 
170 
113 
262 
420 
749 
85 
946 
265 
787 
794 
1084 
1239 
609 
86 
866 
779 
384 
677 
628 
640 
284 
1123 
1067 
370 
776 
822 
338 
279 
371 
74 
82 
150 
282 
98 
50 
357 
571 
166 
696 
80 
586 
786 
832 
1140 
712 
7 
42 
527 
637 
395 
587 
1194 
469 
281 
743 
1020 
1199 
542 
496 
473 
127 
1167 
6 
1034 
1050 
771 
962 
871 
248 
538 
971 
433 
387 
410 
1083 
1002 
661 
1150 
848 
1254 
562 
443 
153 
1161 
311 
49 
5 
341 
943 
171 
692 
965 
490 
936 
219 
1010 
629 
94 
427 
16 
1217 
768 
858 
699 
1130 
449 
237 
305 
657 
1097 
93 
206 
499 
794 
64 
23 
896 
821 
705 
548 
915 
1205 
379 
275 
789 
946 
920 
274 
245 
91 
911 
721 
104 
24 
284 
512 
9 
1049 
961 
666 
25 
510 
551 
382 
402 
426 
27 
396 
199 
1124 
1225 
932 
492 
1077 
365 
533 
429 
1058 
162 
779 
79 
67 
1131 
504 
1160 
1167 
359 
974 
814 
837 
908 
585 
731 
1064 
1114 
611 
801 
464 
47 
751 
150 
594 
618 
1086 
87 
1168 
921 
416 
1135 
820 
1219 
732 
879 
319 
430 
181 
180 
690 
176 
378 
1215 
736 
1145 
753 
1078 
221 
664 
1090 
697 
749 
710 
1123 
317 
734 
147 
571 
915 
1218 
280 
400 
326 
1025 
867 
1173 
425 
29 
348 
643 
149 
1008 
95 
1082 
711 
1141 
573 
1047 
1104 
267 
15 
46 
468 
372 
502 
1136 
222 
777 
770 
1210 
1151 
312 
1177 
225 
924 
255 
1033 
840 
47 
658 
116 
604 
436 
1171 
559 
1068 
124 
1038 
71 
58 
1004 
549 
919 
1202 
1253 
45 
680 
619 
240 
740 
1129 
7 
730 
860 
1107 
1109 
462 
836 
412 
9 
1051 
106 
864 
31 
133 
1133 
163 
1041 
1205 
400 
1179 
1137 
1088 
1144 
65 
633 
1225 
1227 
8 
1128 
547 
318 
773 
464 
328 
727 
1003 
781 
353 
105 
749 
581 
887 
115 
949 
1013 
716 
222 
142 
681 
1034 
569 
807 
2 
658 
750 
16 
45 
149 
277 
1138 
621 
18 
435 
304 
652 
1257 
717 
1158 
270 
494 
316 
563 
790 
876 
1064 
488 
967 
492 
650 
687 
799 
1002 
1175 
1189 
114 
62 
365 
573 
310 
266 
1164 
979 
984 
546 
845 
1188 
427 
185 
529 
196 
405 
342 
740 
690 
964 
633 
346 
1037 
756 
871 
823 
693 
361 
516 
254 
276 
1092 
212 
786 
864 
545 
954 
1242 
1184 
1169 
612 
1142 
317 
1240 
59 
370 
173 
259 
613 
113 
1250 
401 
357 
695 
138 
180 
838 
84 
348 
322 
159 
26 
147 
470 
979 
1163 
571 
1141 
156 
1252 
5 
800 
610 
282 
378 
691 
912 
499 
350 
375 
782 
817 
399 
1142 
670 
239 
1260 
653 
965 
56 
1118 
980 
305 
486 
935 
405 
428 
417 
810 
314 
158 
90 
104 
585 
668 
251 
682 
88 
440 
639 
64 
873 
107 
105 
721 
473 
605 
264 
133 
761 
656 
1214 
532 
1017 
787 
1021 
863 
783 
970 
424 
843 
1026 
347 
899 
609 
164 
275 
5 
809 
811 
199 
431 
1174 
476 
807 
823 
233 
911 
98 
588 
39 
18 
608 
45 
1020 
714 
197 
591 
116 
753 
1140 
1120 
113 
581 
583 
879 
96 
795 
76 
169 
532 
873 
448 
313 
425 
324 
1009 
1235 
12 
643 
619 
266 
115 
1126 
998 
17 
345 
903 
1173 
1230 
501 
413 
361 
111 
995 
1005 
599 
538 
1119 
748 
607 
544 
1015 
397 
999 
1255 
523 
239 
213 
421 
1104 
635 
360 
224 
709 
1242 
349 
315 
956 
158 
394 
363 
101 
925 
605 
1216 
297 
488 
581 
46 
724 
519 
678 
856 
1259 
1090 
754 
514 
714 
662 
886 
1213 
284 
1052 
1254 
1188 
453 
834 
99 
45 
912 
82 
283 
1230 
1008 
342 
980 
1160 
768 
6 
1222 
1025 
690 
1010 
732 
411 
1136 
468 
334 
438 
451 
1248 
1146 
700 
616 
594 
176 
584 
920 
304 
1206 
703 
272 
951 
551 
125 
1017 
63 
740 
823 
163 
1240 
356 
673 
1033 
396 
826 
152 
315 
1153 
1066 
299 
183 
1145 
1184 
488 
726 
931 
518 
475 
1024 
725 
293 
382 
47 
256 
1142 
684 
284 
427 
1089 
606 
987 
730 
324 
780 
1129 
275 
1070 
1230 
1043 
1181 
878 
491 
7 
721 
242 
1248 
853 
423 
345 
765 
228 
258 
752 
803 
1080 
91 
1256 
980 
359 
300 
101 
52 
953 
1150 
1005 
371 
863 
1081 
648 
727 
769 
16 
728 
1048 
316 
548 
822 
1108 
1219 
1160 
483 
814 
145 
302 
464 
1037 
20 
955 
58 
872 
767 
768 
885 
215 
1247 
906 
691 
1205 
259 
827 
694 
345 
1122 
184 
1040 
30 
967 
470 
475 
1194 
150 
334 
511 
697 
743 
231 
873 
431 
1256 
357 
39 
1090 
41 
550 
737 
999 
1039 
615 
143 
50 
866 
182 
354 
799 
651 
1253 
474 
566 
858 
1 
746 
666 
840 
798 
1175 
167 
509 
678 
411 
810 
709 
971 
940 
816 
1070 
521 
973 
1007 
209 
159 
514 
592 
1073 
1232 
552 
343 
1054 
90 
1119 
842 
1058 
633 
283 
291 
477 
681 
127 
976 
475 
282 
1092 
366 
1142 
619 
136 
899 
696 
453 
476 
605 
712 
983 
1163 
1104 
0 
146 
1112 
240 
59 
3 
67 
1184 
615 
1039 
133 
466 
247 
364 
346 
716 
272 
294 
433 
207 
414 
103 
1083 
231 
374 
870 
1080 
1173 
228 
427 
384 
906 
1228 
62 
522 
296 
497 
1259 
811 
644 
338 
1234 
1252 
1262 
556 
1081 
617 
121 
963 
1073 
750 
841 
666 
537 
69 
1127 
798 
1045 
168 
11 
57 
669 
38 
295 
102 
753 
681 
893 
512 
1138 
629 
1193 
1217 
1133 
564 
1248 
170 
1042 
345 
887 
1073 
903 
240 
250 
895 
300 
285 
628 
305 
635 
41 
423 
778 
78 
1121 
608 
614 
844 
816 
331 
907 
447 
1074 
1092 
1030 
259 
1163 
643 
855 
693 
634 
990 
174 
543 
386 
1190 
848 
742 
336 
467 
966 
245 
236 
335 
823 
548 
583 
1088 
1000 
551 
1229 
46 
1214 
200 
242 
491 
1068 
656 
723 
235 
1090 
61 
757 
466 
957 
572 
1145 
36 
103 
698 
261 
814 
27 
1113 
1011 
1181 
818 
56 
1241 
1180 
1256 
1183 
237 
246 
439 
639 
49 
392 
481 
198 
11 
146 
570 
1147 
846 
608 
317 
177 
424 
412 
41 
394 
324 
434 
352 
552 
544 
125 
1109 
239 
645 
292 
522 
1115 
71 
171 
1259 
515 
685 
1213 
1009 
235 
762 
89 
115 
196 
314 
129 
1097 
86 
470 
1166 
308 
976 
715 
559 
1023 
1162 
792 
723 
334 
919 
186 
888 
858 
365 
863 
579 
233 
625 
893 
576 
288 
744 
1261 
16 
564 
173 
523 
371 
918 
272 
553 
962 
1069 
889 
873 
1003 
480 
506 
815 
510 
782 
8 
624 
686 
420 
749 
1051 
791 
1079 
689 
871 
1047 
540 
732 
192 
380 
1209 
1186 
125 
1064 
485 
513 
960 
246 
693 
505 
544 
767 
551 
1013 
1141 
160 
664 
708 
360 
524 
127 
657 
600 
1006 
198 
967 
217 
1114 
808 
427 
748 
435 
1175 
595 
785 
327 
337 
616 
1028 
261 
904 
952 
818 
1009 
59 
990 
65 
587 
459 
52 
895 
309 
50 
1261 
1077 
865 
1160 
518 
1201 
740 
1145 
571 
46 
1038 
265 
1050 
1054 
173 
559 
357 
1246 
609 
1121 
350 
764 
859 
371 
1191 
433 
476 
980 
506 
603 
361 
285 
1076 
683 
927 
945 
275 
479 
448 
369 
197 
869 
266 
49 
1096 
84 
767 
527 
708 
1197 
1212 
1229 
342 
441 
1016 
634 
1236 
959 
1184 
0 
108 
304 
322 
204 
962 
1026 
243 
422 
1168 
501 
323 
177 
414 
54 
506 
915 
202 
408 
1157 
1019 
710 
224 
1073 
633 
1046 
305 
967 
999 
9 
225 
730 
1143 
824 
116 
259 
430 
1071 
868 
239 
678 
495 
812 
757 
1247 
1015 
217 
1104 
37 
1185 
789 
673 
547 
1008 
648 
898 
629 
210 
323 
1165 
920 
1256 
125 
584 
816 
934 
38 
1051 
991 
559 
598 
734 
1077 
4 
558 
96 
746 
582 
43 
299 
1083 
567 
597 
728 
756 
114 
1168 
141 
412 
1101 
261 
102 
1027 
1113 
120 
18 
400 
173 
87 
536 
1046 
1123 
932 
460 
695 
394 
1071 
258 
1180 
246 
351 
458 
659 
1110 
667 
228 
890 
943 
1076 
234 
1173 
815 
1145 
1182 
926 
1066 
1220 
847 
184 
333 
137 
907 
839 
880 
81 
77 
1201 
503 
681 
933 
834 
119 
639 
1246 
259 
1167 
585 
950 
191 
481 
982 
111 
1109 
1039 
421 
1017 
1048 
385 
718 
771 
280 
541 
968 
222 
35 
424 
981 
909 
616 
1130 
579 
3 
114 
734 
564 
552 
1012 
276 
1083 
485 
23 
622 
1013 
505 
1171 
275 
1073 
1065 
355 
561 
7 
313 
375 
1127 
901 
702 
178 
439 
1137 
850 
299 
701 
672 
1060 
1096 
209 
1215 
654 
969 
568 
1079 
1085 
141 
693 
435 
1126 
145 
38 
888 
103 
181 
963 
399 
930 
125 
1088 
208 
1175 
751 
1205 
697 
1143 
361 
319 
1063 
306 
394 
878 
70 
580 
927 
1213 
240 
483 
757 
164 
1241 
753 
881 
270 
993 
202 
1078 
206 
902 
1176 
139 
531 
1222 
605 
1124 
658 
216 
801 
11 
1108 
16 
422 
916 
363 
264 
346 
401 
1131 
185 
452 
545 
727 
1115 
177 
447 
461 
1208 
986 
1193 
151 
630 
944 
737 
943 
516 
965 
1153 
1074 
498 
1146 
103 
1061 
587 
119 
1245 
761 
502 
284 
637 
578 
1087 
295 
1252 
652 
1034 
1101 
736 
728 
512 
836 
877 
1023 
1185 
848 
1215 
879 
132 
672 
1190 
588 
1141 
533 
552 
511 
134 
111 
427 
794 
1253 
676 
279 
1232 
1096 
620 
481 
992 
825 
755 
923 
1138 
1022 
1219 
1240 
1197 
640 
98 
399 
834 
888 
1234 
1084 
396 
1244 
691 
321 
835 
152 
648 
1045 
579 
999 
1165 
847 
958 
661 
317 
133 
962 
1092 
942 
861 
748 
901 
289 
348 
72 
252 
1249 
812 
257 
501 
477 
553 
442 
110 
154 
1056 
577 
931 
486 
823 
125 
976 
879 
788 
230 
1072 
122 
791 
1186 
871 
899 
877 
295 
556 
484 
1130 
364 
695 
30 
1195 
242 
1170 
943 
992 
790 
450 
617 
893 
1090 
357 
821 
676 
1036 
882 
232 
67 
826 
595 
1160 
165 
760 
395 
444 
932 
323 
797 
1038 
1133 
904 
269 
329 
981 
865 
570 
354 
461 
785 
175 
249 
417 
675 
843 
559 
243 
366 
662 
389 
896 
1221 
425 
950 
812 
469 
119 
762 
972 
593 
287 
686 
1197 
488 
214 
41 
915 
129 
909 
231 
142 
864 
147 
595 
447 
43 
874 
0 
302 
1173 
819 
1166 
66 
763 
1206 
726 
886 
967 
457 
922 
831 
306 
1002 
55 
996 
355 
791 
202 
375 
38 
504 
343 
1042 
24 
347 
576 
653 
1141 
1080 
261 
1038 
1258 
64 
701 
1121 
424 
503 
89 
631 
157 
1059 
1079 
961 
669 
58 
1192 
773 
818 
274 
1083 
595 
662 
1128 
881 
483 
523 
1067 
885 
125 
221 
1082 
179 
178 
1087 
1054 
958 
920 
1064 
385 
1055 
981 
159 
1250 
968 
1166 
1103 
1045 
825 
936 
171 
189 
823 
847 
83 
746 
979 
1230 
1227 
1131 
548 
564 
370 
412 
796 
934 
662 
1085 
84 
575 
577 
1208 
372 
1226 
253 
504 
540 
422 
882 
598 
40 
1111 
316 
200 
787 
8 
954 
784 
976 
22 
1112 
1029 
773 
286 
173 
1248 
204 
964 
1137 
1059 
677 
967 
803 
249 
511 
374 
1202 
423 
125 
230 
406 
1214 
83 
338 
930 
563 
467 
722 
552 
696 
425 
254 
566 
622 
819 
932 
391 
345 
272 
4 
804 
724 
892 
638 
958 
119 
674 
748 
560 
1211 
42 
312 
18 
521 
928 
702 
480 
1258 
361 
430 
921 
685 
1065 
309 
1222 
1005 
199 
28 
224 
416 
162 
192 
1202 
965 
971 
815 
370 
1009 
578 
408 
1023 
579 
317 
102 
621 
1 
990 
242 
1253 
442 
622 
542 
779 
1221 
650 
369 
5 
936 
37 
1022 
359 
9 
1132 
407 
979 
665 
593 
346 
424 
473 
1093 
574 
14 
586 
1260 
155 
486 
901 
789 
356 
800 
1137 
236 
816 
163 
897 
752 
1001 
973 
1086 
3 
308 
1082 
714 
744 
152 
392 
847 
1102 
1168 
705 
520 
1024 
241 
732 
495 
1078 
918 
506 
745 
436 
635 
137 
267 
679 
1009 
33 
629 
496 
102 
1200 
937 
210 
866 
249 
103 
743 
755 
243 
1098 
274 
1217 
990 
1141 
1075 
217 
999 
11 
954 
380 
963 
1238 
95 
655 
934 
621 
1201 
916 
354 
143 
712 
715 
118 
29 
1162 
1081 
228 
1178 
36 
91 
971 
417 
1127 
617 
1068 
552 
607 
345 
1209 
264 
675 
925 
857 
23 
904 
351 
591 
478 
1218 
1206 
1126 
897 
1145 
1108 
1167 
853 
332 
676 
102 
353 
1176 
34 
611 
33 
229 
579 
977 
560 
1116 
721 
1146 
1227 
5 
1032 
150 
1169 
601 
142 
832 
1081 
1242 
85 
1172 
997 
156 
870 
378 
803 
634 
673 
1156 
310 
1058 
395 
936 
954 
167 
364 
286 
550 
827 
66 
411 
410 
475 
621 
18 
1160 
15 
389 
1014 
1257 
488 
179 
466 
191 
57 
160 
837 
1229 
1222 
875 
872 
250 
788 
1087 
508 
381 
746 
451 
495 
415 
1046 
1178 
758 
533 
309 
692 
69 
336 
592 
245 
1174 
356 
352 
344 
1213 
457 
264 
365 
840 
577 
1102 
1017 
477 
456 
763 
1256 
596 
734 
1082 
889 
1100 
223 
735 
171 
1127 
311 
274 
562 
821 
1071 
1226 
1131 
183 
660 
328 
510 
928 
507 
807 
970 
1077 
615 
275 
218 
508 
201 
730 
1092 
718 
784 
537 
383 
1179 
237 
1181 
732 
964 
474 
309 
1197 
900 
390 
1151 
859 
993 
745 
209 
737 
481 
575 
181 
1061 
571 
1121 
962 
51 
61 
33 
950 
1154 
893 
241 
39 
1025 
342 
1079 
943 
1247 
789 
108 
453 
1148 
468 
574 
972 
733 
608 
578 
127 
831 
572 
717 
959 
1082 
196 
567 
642 
821 
659 
1067 
359 
1167 
536 
515 
815 
272 
1080 
1196 
559 
1109 
445 
893 
987 
1117 
62 
906 
287 
1164 
1068 
1190 
351 
899 
125 
366 
909 
1015 
383 
1026 
505 
77 
997 
504 
583 
1064 
980 
79 
528 
524 
417 
184 
68 
160 
648 
1169 
716 
958 
270 
771 
681 
552 
580 
856 
702 
1248 
647 
183 
1235 
356 
169 
972 
70 
446 
1258 
1056 
458 
1022 
395 
649 
653 
781 
595 
1112 
512 
921 
866 
645 
1127 
239 
1133 
516 
382 
1110 
1142 
786 
1232 
685 
750 
678 
1017 
917 
794 
905 
8 
1255 
592 
46 
261 
989 
11 
38 
609 
106 
863 
196 
626 
931 
58 
293 
315 
741 
837 
897 
288 
107 
1178 
1079 
1171 
618 
730 
1085 
806 
834 
27 
625 
700 
267 
935 
130 
1060 
1035 
936 
734 
403 
111 
379 
252 
65 
867 
478 
513 
962 
1210 
168 
21 
965 
1005 
701 
946 
83 
1050 
1087 
1245 
530 
1124 
1176 
30 
680 
272 
147 
1162 
127 
906 
878 
192 
1148 
25 
1025 
905 
109 
830 
944 
352 
692 
532 
885 
749 
202 
118 
447 
111 
85 
721 
157 
87 
1006 
1126 
862 
134 
1068 
1150 
999 
509 
1055 
221 
75 
100 
28 
112 
1137 
286 
619 
982 
637 
926 
355 
723 
99 
431 
789 
116 
790 
826 
439 
576 
507 
702 
581 
1215 
752 
860 
329 
4 
831 
827 
1179 
115 
368 
733 
88 
628 
1003 
86 
647 
832 
823 
245 
603 
217 
380 
577 
917 
1011 
389 
174 
772 
600 
1065 
100 
664 
83 
367 
985 
1044 
1191 
130 
1045 
593 
314 
541 
940 
1209 
792 
960 
103 
948 
899 
690 
1236 
529 
567 
1192 
920 
289 
897 
60 
234 
488 
1111 
436 
66 
1115 
218 
1021 
193 
450 
1177 
1002 
543 
1073 
650 
379 
1233 
635 
712 
619 
110 
100 
935 
276 
616 
818 
59 
844 
690 
5 
1057 
1241 
261 
892 
584 
1262 
1169 
41 
319 
223 
738 
123 
56 
446 
305 
552 
293 
178 
323 
1096 
248 
238 
1059 
61 
190 
554 
1236 
416 
1154 
601 
1038 
1239 
759 
965 
947 
348 
849 
358 
373 
403 
458 
488 
789 
967 
981 
230 
1143 
72 
642 
422 
456 
1101 
82 
904 
1181 
478 
820 
38 
1100 
395 
63 
187 
97 
892 
1127 
383 
464 
461 
697 
1099 
822 
232 
183 
1055 
445 
1238 
1153 
608 
173 
1150 
8 
480 
1259 
366 
664 
730 
170 
1260 
543 
250 
893 
1219 
752 
151 
451 
612 
713 
652 
1033 
1237 
200 
125 
534 
265 
581 
382 
185 
920 
509 
616 
359 
1126 
727 
1049 
203 
281 
623 
1212 
241 
133 
570 
17 
9 
687 
504 
717 
850 
648 
440 
227 
323 
857 
677 
1039 
1055 
398 
283 
1242 
357 
656 
591 
840 
7 
269 
445 
887 
105 
815 
1114 
311 
380 
507 
995 
233 
1071 
26 
1225 
588 
272 
743 
760 
592 
923 
793 
806 
655 
736 
1075 
1093 
12 
704 
68 
1209 
189 
121 
1051 
453 
300 
1242 
491 
63 
884 
1062 
830 
475 
705 
418 
560 
668 
286 
483 
1184 
321 
322 
61 
645 
1173 
66 
855 
816 
977 
472 
330 
590 
797 
612 
1156 
528 
185 
84 
1103 
1048 
1099 
966 
948 
50 
575 
450 
499 
1034 
283 
602 
972 
921 
212 
821 
41 
259 
685 
1232 
413 
174 
302 
551 
422 
128 
1120 
603 
743 
508 
1024 
72 
390 
459 
317 
465 
397 
829 
794 
879 
398 
828 
1112 
395 
537 
265 
163 
744 
38 
77 
1013 
631 
388 
207 
852 
983 
1018 
623 
270 
1147 
332 
581 
319 
987 
59 
954 
1225 
177 
636 
1197 
761 
63 
1212 
991 
823 
1121 
224 
202 
579 
93 
209 
727 
951 
699 
1045 
493 
1257 
647 
705 
899 
13 
325 
39 
90 
798 
584 
66 
189 
365 
324 
329 
43 
91 
1079 
892 
724 
1193 
587 
1195 
1218 
339 
691 
1090 
275 
479 
618 
573 
718 
98 
196 
945 
1164 
89 
926 
36 
968 
477 
104 
195 
40 
110 
10 
1044 
922 
1092 
930 
881 
144 
173 
603 
1104 
1192 
942 
785 
1010 
700 
1058 
768 
674 
305 
67 
523 
346 
955 
973 
157 
889 
1082 
48 
192 
682 
133 
1185 
980 
1112 
1075 
1000 
191 
181 
1050 
815 
637 
634 
1241 
121 
100 
169 
550 
208 
1094 
280 
450 
1161 
1028 
248 
683 
762 
424 
1066 
925 
639 
988 
1042 
1035 
1062 
312 
1007 
937 
1166 
471 
776 
132 
389 
974 
53 
419 
605 
1245 
180 
829 
843 
810 
502 
392 
641 
177 
1244 
1049 
667 
1080 
254 
199 
495 
101 
944 
1038 
1065 
1165 
503 
1246 
485 
1222 
998 
10 
562 
523 
17 
1025 
579 
513 
633 
323 
591 
464 
819 
246 
35 
470 
1180 
439 
1027 
269 
893 
678 
849 
1178 
1113 
892 
914 
383 
319 
746 
98 
31 
572 
1035 
548 
733 
1132 
860 
1096 
401 
931 
392 
785 
564 
1024 
764 
909 
169 
1248 
945 
1151 
106 
734 
377 
1043 
1016 
398 
483 
996 
497 
1184 
1042 
1219 
226 
1211 
1137 
299 
921 
1213 
685 
906 
155 
1048 
816 
202 
532 
389 
601 
1140 
863 
995 
1143 
1040 
604 
944 
1001 
310 
212 
844 
50 
555 
763 
249 
1160 
779 
571 
372 
340 
113 
475 
423 
161 
208 
84 
380 
599 
607 
665 
136 
445 
682 
451 
757 
96 
1240 
316 
62 
648 
537 
706 
0 
652 
770 
261 
846 
574 
290 
1028 
274 
517 
1055 
278 
168 
80 
1038 
573 
627 
835 
295 
1180 
285 
829 
17 
944 
777 
420 
407 
139 
1065 
811 
6 
744 
364 
189 
1153 
748 
1054 
1232 
263 
400 
1146 
148 
482 
1170 
23 
101 
812 
1177 
581 
1155 
875 
546 
167 
83 
680 
82 
1099 
217 
390 
425 
39 
33 
732 
980 
419 
424 
843 
30 
601 
65 
639 
1112 
877 
347 
1132 
874 
90 
370 
1103 
244 
1026 
301 
767 
277 
586 
514 
106 
1181 
873 
828 
228 
541 
506 
316 
1009 
761 
125 
100 
233 
166 
532 
43 
268 
641 
931 
748 
613 
1050 
984 
138 
916 
1065 
338 
1110 
434 
786 
776 
98 
780 
615 
169 
674 
775 
13 
210 
46 
772 
992 
923 
731 
196 
315 
1167 
733 
492 
687 
959 
1079 
1107 
690 
1214 
829 
602 
226 
1036 
571 
730 
921 
537 
61 
1095 
420 
292 
841 
343 
444 
97 
271 
471 
957 
1140 
809 
203 
117 
1218 
475 
779 
185 
863 
1080 
1063 
450 
67 
18 
1016 
418 
709 
1238 
1084 
311 
15 
923 
23 
105 
828 
482 
1168 
1061 
397 
726 
568 
1261 
427 
696 
555 
554 
1015 
92 
98 
1115 
74 
130 
378 
1010 
1054 
335 
274 
701 
262 
1161 
210 
437 
958 
710 
354 
645 
955 
28 
213 
1232 
204 
355 
643 
574 
358 
748 
711 
1047 
884 
1184 
1146 
1178 
198 
1063 
1157 
1196 
1098 
76 
1068 
1237 
215 
69 
1193 
415 
1255 
1125 
1032 
118 
654 
365 
854 
590 
421 
443 
45 
790 
779 
494 
137 
1038 
66 
781 
413 
667 
624 
127 
735 
869 
1172 
890 
466 
192 
222 
695 
872 
399 
744 
103 
1117 
480 
1187 
169 
1128 
55 
73 
616 
333 
891 
395 
495 
275 
1191 
1084 
702 
477 
4 
975 
105 
957 
1099 
1245 
933 
221 
268 
840 
692 
944 
819 
809 
608 
155 
299 
596 
610 
597 
984 
163 
927 
286 
44 
1083 
1224 
1041 
1174 
355 
954 
106 
43 
974 
362 
560 
1208 
1088 
171 
1234 
138 
622 
204 
272 
919 
1097 
231 
981 
524 
828 
501 
655 
810 
205 
449 
666 
1242 
617 
1212 
802 
815 
317 
767 
605 
41 
592 
1050 
1240 
696 
555 
778 
1000 
1027 
630 
880 
1080 
339 
602 
654 
361 
184 
273 
394 
520 
1019 
1133 
47 
670 
823 
1041 
839 
1206 
938 
422 
907 
747 
1091 
52 
609 
612 
345 
989 
443 
319 
51 
76 
758 
608 
1018 
816 
996 
678 
417 
633 
18 
116 
381 
591 
284 
511 
782 
784 
421 
198 
43 
1153 
478 
172 
510 
941 
278 
1084 
187 
578 
351 
451 
1197 
721 
89 
730 
1070 
611 
306 
903 
414 
665 
353 
1086 
709 
174 
1028 
136 
450 
420 
829 
231 
438 
325 
854 
57 
397 
28 
114 
1083 
1131 
1227 
546 
292 
495 
601 
12 
1251 
624 
464 
402 
1017 
956 
1124 
1208 
1258 
179 
173 
1074 
508 
212 
1225 
1096 
262 
137 
442 
152 
1160 
634 
1178 
983 
391 
822 
621 
698 
1148 
626 
1161 
425 
411 
93 
885 
170 
532 
120 
659 
1231 
1232 
1062 
996 
651 
321 
296 
139 
335 
647 
644 
196 
735 
316 
188 
406 
827 
847 
426 
799 
484 
654 
715 
275 
764 
312 
653 
511 
105 
1258 
292 
832 
15 
308 
706 
1000 
657 
814 
1063 
1202 
973 
921 
180 
60 
435 
857 
540 
1220 
944 
1042 
778 
258 
68 
1026 
522 
458 
578 
930 
514 
788 
153 
647 
137 
422 
1023 
790 
1137 
276 
1154 
628 
7 
779 
427 
47 
286 
432 
516 
106 
413 
800 
837 
585 
909 
216 
874 
160 
777 
327 
39 
25 
37 
250 
1204 
646 
809 
822 
958 
172 
860 
1212 
597 
1242 
840 
1108 
1058 
602 
560 
167 
240 
787 
574 
424 
674 
538 
1141 
1138 
906 
865 
663 
980 
6 
374 
84 
797 
696 
1181 
507 
138 
137 
714 
158 
378 
981 
251 
45 
1193 
931 
614 
546 
1216 
63 
1226 
451 
176 
957 
710 
144 
87 
676 
894 
315 
208 
352 
1018 
259 
688 
936 
1128 
664 
449 
18 
1061 
1088 
483 
1253 
269 
1165 
836 
510 
707 
514 
1080 
619 
854 
735 
615 
1199 
9 
889 
1081 
0 
162 
1032 
175 
1213 
445 
431 
1169 
917 
1012 
778 
64 
172 
187 
777 
562 
127 
820 
938 
1156 
159 
452 
515 
542 
505 
1109 
331 
415 
188 
266 
283 
468 
103 
280 
919 
1194 
79 
719 
1173 
704 
472 
1015 
1186 
1039 
396 
123 
12 
1189 
738 
273 
1221 
564 
94 
209 
840 
10 
9 
988 
636 
495 
1036 
424 
110 
27 
380 
228 
1215 
902 
606 
325 
67 
1051 
1154 
920 
877 
269 
1112 
1035 
245 
200 
784 
970 
1006 
1150 
233 
542 
163 
729 
312 
414 
149 
649 
271 
192 
1094 
821 
883 
374 
50 
1228 
667 
788 
1240 
1147 
798 
1189 
1156 
909 
1140 
282 
1162 
341 
159 
1136 
433 
124 
1142 
1216 
933 
605 
787 
186 
591 
357 
86 
38 
145 
724 
801 
28 
860 
60 
485 
777 
52 
555 
92 
588 
1114 
750 
808 
1062 
22 
295 
733 
75 
565 
556 
523 
845 
1207 
610 
575 
866 
1143 
1125 
286 
474 
1144 
468 
1174 
2 
393 
271 
1168 
1248 
594 
643 
510 
1027 
599 
712 
427 
571 
242 
431 
340 
827 
856 
882 
927 
174 
1257 
248 
215 
205 
47 
407 
477 
1118 
363 
1122 
878 
582 
373 
342 
0 
1251 
15 
494 
359 
771 
1199 
1252 
1253 
327 
606 
1011 
35 
869 
988 
847 
722 
350 
511 
553 
926 
1238 
1168 
482 
1130 
354 
1111 
789 
946 
917 
921 
583 
1110 
905 
162 
253 
222 
235 
811 
1026 
1204 
343 
792 
429 
148 
1016 
882 
970 
81 
548 
954 
857 
127 
1156 
385 
942 
56 
758 
875 
1260 
880 
1052 
300 
1180 
362 
904 
735 
33 
351 
1229 
925 
1154 
289 
916 
68 
408 
969 
781 
29 
226 
1015 
1063 
797 
411 
326 
355 
259 
188 
462 
920 
120 
91 
200 
36 
159 
95 
945 
50 
820 
1123 
663 
980 
318 
738 
760 
796 
865 
104 
813 
1199 
97 
133 
788 
1206 
26 
742 
205 
1128 
1231 
1246 
86 
1093 
712 
469 
1044 
145 
415 
648 
900 
285 
185 
96 
997 
752 
225 
347 
593 
385 
895 
1146 
309 
84 
854 
101 
78 
618 
6 
20 
744 
178 
822 
799 
857 
617 
923 
1037 
133 
283 
803 
486 
73 
1242 
1157 
1164 
1124 
581 
1131 
560 
698 
230 
703 
1024 
1121 
781 
1104 
889 
402 
1005 
669 
217 
1049 
602 
531 
13 
0 
584 
127 
610 
640 
100 
372 
1114 
164 
416 
58 
1102 
190 
1048 
702 
712 
856 
736 
693 
1207 
634 
413 
477 
211 
705 
14 
297 
299 
1081 
418 
798 
46 
261 
1108 
934 
518 
1185 
154 
1148 
318 
1261 
1101 
870 
553 
772 
61 
1180 
570 
427 
1090 
276 
746 
1165 
1248 
923 
805 
56 
543 
860 
714 
109 
271 
252 
1137 
824 
370 
30 
738 
177 
279 
315 
848 
60 
305 
859 
686 
1136 
51 
1209 
964 
1114 
162 
384 
666 
948 
205 
487 
671 
668 
289 
137 
456 
425 
1129 
917 
16 
225 
336 
919 
258 
1219 
138 
1106 
711 
199 
952 
146 
1112 
815 
787 
1045 
812 
1110 
630 
532 
746 
715 
321 
529 
604 
441 
132 
74 
382 
20 
1051 
1108 
247 
1131 
899 
523 
1078 
80 
128 
96 
101 
995 
811 
156 
1016 
622 
342 
1178 
212 
363 
911 
1180 
157 
449 
586 
92 
799 
886 
958 
783 
278 
276 
313 
1015 
838 
394 
400 
1008 
763 
5 
851 
1256 
507 
419 
951 
303 
631 
180 
1254 
1177 
223 
177 
1135 
409 
195 
518 
816 
41 
1162 
920 
737 
989 
1071 
728 
993 
939 
1239 
330 
977 
793 
311 
648 
549 
1258 
475 
848 
428 
499 
136 
643 
915 
389 
506 
65 
746 
137 
945 
395 
151 
569 
1095 
715 
1200 
374 
1086 
46 
369 
478 
630 
646 
466 
464 
259 
1236 
698 
397 
51 
584 
301 
590 
18 
1088 
875 
204 
98 
453 
150 
392 
781 
492 
256 
107 
211 
771 
1258 
838 
904 
953 
908 
75 
987 
244 
93 
289 
889 
306 
775 
675 
678 
262 
521 
794 
403 
1231 
854 
387 
468 
118 
239 
890 
189 
1122 
352 
826 
1022 
17 
196 
208 
574 
1234 
1118 
522 
830 
205 
272 
420 
538 
593 
186 
1015 
440 
245 
67 
623 
1044 
378 
1187 
1013 
1259 
736 
663 
813 
818 
666 
363 
1038 
721 
396 
1108 
536 
1167 
583 
1035 
391 
408 
713 
402 
1184 
236 
937 
342 
423 
178 
347 
356 
1185 
268 
872 
766 
528 
128 
1161 
377 
466 
902 
1165 
535 
1080 
542 
772 
395 
737 
850 
748 
1087 
1143 
558 
362 
1011 
1185 
873 
250 
498 
305 
1202 
87 
972 
565 
62 
477 
376 
582 
1003 
740 
1030 
425 
803 
1181 
324 
868 
272 
1028 
1251 
53 
1090 
1160 
947 
20 
390 
387 
566 
431 
1121 
1098 
424 
528 
187 
462 
532 
452 
802 
282 
420 
618 
524 
58 
904 
1137 
1254 
1133 
720 
826 
460 
590 
25 
270 
60 
706 
621 
527 
1180 
597 
26 
731 
771 
1105 
429 
897 
728 
595 
1220 
1230 
230 
493 
212 
708 
1094 
137 
189 
281 
568 
698 
772 
176 
361 
585 
156 
1052 
342 
1080 
951 
373 
414 
546 
38 
565 
1040 
457 
74 
248 
28 
712 
1049 
384 
850 
1244 
261 
561 
66 
871 
491 
455 
709 
486 
1138 
1004 
453 
653 
424 
732 
721 
1219 
983 
1101 
102 
958 
1108 
386 
722 
121 
220 
837 
367 
814 
68 
701 
1084 
818 
330 
1222 
398 
610 
728 
1224 
519 
1228 
811 
599 
595 
1177 
1061 
768 
183 
45 
489 
