131 
68 
142 
140 
169 
181 
71 
86 
134 
24 
83 
119 
194 
37 
205 
17 
63 
80 
49 
25 
46 
65 
180 
179 
35 
58 
91 
112 
86 
72 
45 
137 
215 
31 
138 
19 
208 
4 
216 
122 
173 
114 
165 
195 
13 
135 
172 
139 
81 
95 
20 
105 
67 
113 
35 
210 
190 
49 
65 
129 
96 
176 
60 
216 
187 
140 
142 
133 
8 
25 
105 
210 
206 
32 
15 
205 
40 
47 
144 
150 
81 
124 
77 
36 
35 
19 
127 
102 
61 
51 
85 
170 
23 
90 
185 
149 
152 
79 
121 
183 
135 
87 
191 
138 
6 
129 
153 
150 
79 
151 
185 
81 
214 
128 
168 
59 
148 
174 
173 
44 
115 
125 
96 
200 
209 
4 
19 
70 
7 
76 
43 
173 
12 
118 
100 
91 
94 
68 
200 
193 
114 
76 
149 
128 
29 
34 
73 
83 
46 
75 
59 
208 
112 
182 
28 
16 
51 
44 
178 
36 
19 
176 
49 
123 
145 
174 
76 
80 
124 
59 
178 
19 
171 
199 
11 
138 
42 
67 
40 
73 
14 
1 
109 
163 
123 
183 
4 
111 
149 
61 
143 
211 
72 
32 
41 
203 
107 
93 
106 
33 
207 
169 
88 
165 
133 
91 
111 
163 
76 
141 
103 
158 
79 
107 
186 
59 
0 
84 
159 
6 
64 
43 
55 
170 
41 
63 
216 
85 
97 
161 
139 
113 
164 
216 
182 
19 
20 
17 
121 
60 
191 
98 
50 
86 
1 
140 
60 
68 
208 
127 
25 
158 
28 
34 
55 
212 
41 
148 
182 
185 
37 
58 
108 
164 
186 
149 
1 
134 
183 
204 
71 
121 
185 
135 
39 
51 
108 
98 
145 
88 
50 
147 
70 
196 
173 
23 
87 
3 
214 
55 
26 
132 
173 
149 
64 
6 
21 
139 
166 
106 
54 
208 
97 
115 
196 
127 
147 
198 
3 
138 
204 
40 
212 
184 
5 
64 
75 
183 
18 
56 
112 
121 
116 
11 
143 
28 
40 
131 
203 
184 
23 
188 
53 
2 
44 
180 
26 
204 
3 
122 
4 
216 
133 
32 
27 
86 
206 
130 
120 
211 
192 
76 
171 
116 
183 
143 
210 
48 
129 
20 
184 
81 
128 
56 
142 
166 
157 
196 
194 
216 
99 
163 
214 
184 
213 
176 
59 
84 
82 
214 
69 
56 
103 
97 
165 
204 
16 
2 
206 
49 
139 
167 
95 
142 
63 
127 
207 
201 
172 
70 
133 
50 
165 
157 
22 
10 
80 
24 
36 
113 
72 
68 
189 
157 
209 
201 
98 
118 
50 
43 
210 
1 
4 
38 
63 
172 
19 
141 
137 
153 
58 
57 
106 
115 
12 
126 
59 
63 
13 
116 
214 
3 
68 
176 
135 
141 
55 
70 
17 
39 
187 
139 
178 
98 
104 
132 
53 
3 
146 
97 
61 
216 
18 
94 
198 
196 
55 
29 
209 
112 
53 
202 
129 
134 
133 
93 
135 
217 
73 
12 
9 
68 
98 
157 
189 
28 
44 
141 
203 
117 
182 
138 
162 
3 
214 
56 
62 
217 
21 
92 
36 
204 
129 
26 
184 
11 
155 
68 
13 
89 
206 
210 
82 
117 
101 
26 
79 
7 
23 
201 
103 
110 
113 
10 
114 
26 
121 
116 
1 
20 
154 
170 
186 
172 
115 
0 
217 
149 
116 
207 
80 
112 
75 
42 
100 
151 
32 
187 
123 
122 
17 
18 
144 
183 
173 
1 
189 
87 
139 
151 
75 
168 
8 
134 
113 
179 
35 
55 
109 
91 
158 
86 
198 
152 
137 
81 
56 
195 
85 
58 
126 
190 
171 
18 
137 
27 
114 
77 
98 
206 
62 
136 
145 
69 
70 
51 
31 
202 
194 
55 
11 
79 
134 
213 
75 
152 
215 
77 
172 
25 
101 
40 
17 
68 
54 
164 
74 
123 
183 
132 
201 
137 
185 
17 
52 
165 
18 
124 
176 
106 
125 
27 
110 
1 
4 
145 
195 
150 
167 
134 
175 
61 
181 
177 
39 
133 
183 
55 
212 
7 
184 
39 
70 
114 
192 
81 
119 
50 
19 
98 
202 
160 
17 
107 
103 
11 
168 
153 
7 
6 
40 
195 
145 
61 
120 
57 
199 
6 
13 
176 
91 
82 
99 
134 
104 
146 
4 
44 
202 
174 
89 
81 
208 
79 
171 
131 
48 
197 
34 
158 
12 
50 
19 
37 
190 
150 
20 
132 
27 
66 
87 
93 
216 
153 
154 
33 
182 
94 
12 
124 
130 
21 
109 
4 
106 
184 
212 
149 
28 
158 
131 
109 
13 
15 
32 
30 
103 
135 
80 
114 
150 
134 
139 
167 
133 
158 
16 
201 
35 
97 
84 
188 
189 
206 
103 
95 
90 
40 
98 
51 
151 
217 
135 
186 
47 
130 
92 
181 
23 
187 
85 
107 
30 
5 
143 
88 
185 
86 
216 
3 
45 
209 
94 
179 
81 
108 
2 
196 
52 
137 
120 
212 
84 
16 
161 
190 
155 
27 
17 
21 
63 
146 
41 
165 
3 
65 
17 
58 
12 
144 
26 
69 
10 
0 
110 
207 
21 
203 
114 
79 
103 
61 
117 
195 
180 
162 
213 
94 
29 
102 
159 
108 
140 
16 
107 
56 
186 
152 
163 
194 
76 
98 
57 
211 
139 
102 
4 
67 
161 
169 
19 
68 
39 
63 
114 
10 
124 
69 
215 
139 
182 
153 
189 
64 
21 
125 
58 
18 
210 
99 
73 
146 
123 
126 
198 
188 
191 
45 
135 
217 
60 
94 
143 
170 
185 
8 
74 
123 
29 
188 
137 
95 
153 
39 
10 
132 
187 
53 
111 
1 
104 
205 
185 
64 
147 
209 
94 
31 
156 
34 
95 
122 
71 
74 
169 
176 
45 
100 
161 
202 
73 
10 
48 
135 
147 
120 
94 
81 
198 
89 
157 
66 
94 
190 
171 
21 
85 
23 
143 
105 
26 
43 
163 
94 
115 
112 
110 
9 
137 
77 
20 
28 
8 
62 
6 
53 
11 
123 
154 
145 
35 
144 
193 
108 
74 
64 
50 
195 
53 
150 
28 
47 
154 
46 
90 
149 
76 
51 
78 
56 
20 
13 
71 
73 
160 
179 
151 
31 
6 
159 
183 
12 
135 
162 
78 
96 
118 
22 
146 
183 
208 
194 
190 
17 
83 
35 
137 
32 
23 
209 
160 
81 
174 
153 
84 
117 
118 
110 
184 
85 
87 
177 
29 
195 
16 
161 
43 
30 
6 
95 
174 
70 
73 
196 
84 
93 
195 
27 
157 
4 
100 
62 
194 
48 
214 
187 
178 
71 
119 
164 
156 
201 
170 
172 
128 
207 
180 
41 
203 
6 
47 
191 
208 
130 
185 
34 
206 
112 
96 
5 
51 
76 
187 
148 
67 
87 
167 
181 
134 
116 
23 
45 
206 
178 
3 
9 
71 
16 
30 
128 
21 
122 
214 
153 
160 
118 
211 
80 
136 
40 
104 
36 
54 
87 
184 
131 
25 
191 
94 
151 
101 
167 
137 
67 
195 
23 
89 
57 
190 
32 
181 
184 
50 
25 
175 
107 
183 
17 
213 
138 
198 
174 
71 
195 
149 
102 
58 
6 
40 
4 
37 
59 
164 
28 
134 
110 
41 
162 
126 
29 
147 
92 
101 
138 
111 
60 
209 
196 
61 
127 
142 
211 
152 
62 
49 
77 
37 
125 
188 
44 
85 
168 
164 
8 
179 
167 
155 
1 
55 
62 
46 
99 
103 
11 
87 
109 
155 
145 
94 
18 
32 
124 
182 
165 
202 
209 
97 
177 
71 
196 
143 
7 
30 
130 
216 
75 
217 
203 
122 
107 
47 
124 
61 
46 
160 
18 
13 
174 
113 
108 
79 
172 
47 
73 
98 
119 
24 
122 
215 
94 
150 
134 
53 
52 
106 
168 
217 
118 
113 
153 
210 
175 
213 
107 
87 
104 
9 
147 
8 
165 
198 
84 
105 
21 
149 
86 
96 
169 
181 
119 
120 
12 
175 
83 
61 
72 
170 
63 
77 
26 
211 
49 
38 
132 
207 
79 
142 
101 
70 
19 
98 
104 
130 
134 
108 
33 
136 
21 
204 
180 
150 
19 
190 
55 
64 
130 
132 
96 
211 
171 
9 
133 
207 
118 
155 
157 
176 
42 
71 
23 
141 
61 
86 
76 
5 
169 
171 
173 
1 
189 
167 
122 
35 
213 
71 
203 
66 
70 
166 
108 
164 
55 
89 
116 
97 
61 
121 
75 
183 
99 
122 
182 
176 
130 
70 
81 
157 
105 
98 
3 
46 
174 
168 
79 
102 
136 
86 
113 
193 
125 
107 
216 
165 
138 
153 
123 
175 
108 
154 
173 
197 
124 
106 
61 
20 
125 
49 
24 
10 
98 
70 
9 
19 
17 
3 
191 
142 
45 
156 
23 
190 
52 
157 
96 
18 
125 
131 
19 
206 
192 
195 
27 
105 
54 
49 
3 
154 
61 
198 
185 
123 
199 
39 
30 
130 
84 
66 
22 
120 
51 
144 
160 
171 
10 
5 
71 
75 
87 
7 
155 
18 
80 
189 
93 
126 
79 
155 
129 
105 
41 
9 
124 
104 
32 
193 
41 
40 
2 
28 
206 
217 
184 
83 
107 
166 
71 
66 
102 
124 
37 
132 
76 
56 
3 
130 
151 
78 
192 
46 
95 
157 
68 
178 
114 
140 
177 
193 
94 
12 
121 
195 
211 
163 
37 
211 
90 
28 
65 
69 
100 
108 
89 
119 
128 
48 
191 
200 
21 
129 
54 
13 
61 
38 
7 
109 
184 
214 
187 
130 
36 
65 
63 
165 
114 
153 
134 
72 
151 
66 
181 
22 
173 
202 
4 
172 
216 
55 
177 
127 
170 
186 
124 
93 
10 
143 
210 
13 
54 
157 
172 
13 
120 
131 
49 
88 
146 
79 
67 
147 
192 
70 
100 
202 
10 
161 
12 
101 
195 
183 
106 
25 
9 
201 
132 
148 
110 
194 
17 
87 
116 
30 
56 
199 
115 
126 
174 
72 
11 
156 
207 
23 
59 
5 
73 
110 
88 
45 
151 
178 
119 
27 
155 
191 
78 
102 
109 
217 
183 
166 
96 
74 
184 
193 
215 
177 
178 
103 
75 
161 
135 
3 
133 
142 
0 
187 
27 
149 
153 
183 
134 
173 
83 
54 
185 
121 
35 
85 
125 
57 
112 
169 
99 
151 
150 
78 
138 
189 
37 
75 
91 
153 
56 
129 
29 
90 
35 
22 
185 
179 
177 
121 
112 
16 
76 
170 
65 
140 
41 
217 
81 
142 
68 
72 
161 
96 
78 
23 
126 
140 
52 
167 
74 
112 
86 
59 
216 
194 
191 
95 
150 
124 
202 
192 
88 
214 
138 
57 
153 
201 
25 
102 
14 
177 
106 
18 
182 
123 
142 
73 
45 
102 
50 
37 
53 
14 
201 
129 
26 
73 
178 
159 
10 
45 
145 
198 
74 
155 
81 
55 
210 
47 
202 
34 
212 
56 
11 
84 
44 
134 
72 
194 
113 
26 
141 
45 
108 
209 
112 
197 
152 
65 
193 
203 
91 
136 
133 
135 
19 
170 
10 
2 
196 
105 
4 
206 
172 
183 
97 
62 
128 
39 
175 
147 
52 
16 
84 
18 
149 
151 
17 
109 
100 
4 
133 
157 
177 
16 
129 
160 
164 
138 
113 
126 
54 
51 
217 
171 
70 
131 
38 
8 
13 
4 
168 
161 
44 
170 
92 
72 
104 
132 
184 
134 
156 
167 
72 
76 
98 
4 
78 
61 
46 
114 
55 
156 
168 
143 
83 
111 
89 
192 
137 
95 
118 
73 
184 
113 
206 
98 
74 
170 
199 
201 
10 
27 
67 
97 
22 
40 
146 
87 
179 
93 
12 
44 
31 
32 
10 
20 
132 
98 
122 
115 
50 
59 
129 
51 
164 
74 
65 
39 
22 
180 
206 
152 
215 
101 
86 
27 
85 
99 
201 
111 
127 
32 
125 
126 
76 
71 
203 
163 
81 
210 
28 
217 
39 
12 
213 
98 
117 
7 
15 
144 
188 
176 
104 
13 
71 
197 
182 
83 
88 
143 
29 
126 
45 
1 
94 
19 
152 
91 
192 
111 
56 
92 
178 
145 
137 
58 
118 
11 
128 
57 
203 
30 
170 
25 
88 
85 
165 
67 
108 
172 
149 
181 
194 
136 
210 
38 
168 
206 
70 
59 
40 
217 
10 
213 
122 
29 
30 
81 
217 
78 
172 
42 
34 
43 
116 
205 
163 
12 
59 
204 
67 
47 
203 
157 
5 
174 
53 
144 
30 
126 
194 
203 
123 
115 
64 
44 
208 
172 
149 
201 
54 
99 
21 
127 
203 
188 
148 
6 
75 
41 
68 
163 
139 
29 
136 
93 
60 
103 
119 
165 
46 
137 
123 
121 
117 
119 
91 
99 
159 
177 
183 
111 
146 
156 
196 
61 
97 
5 
165 
88 
186 
28 
141 
183 
92 
45 
55 
68 
139 
58 
192 
80 
186 
205 
181 
71 
116 
94 
101 
21 
57 
174 
171 
178 
61 
192 
202 
145 
57 
103 
105 
185 
197 
172 
56 
58 
108 
49 
106 
208 
42 
46 
26 
150 
83 
216 
82 
188 
217 
53 
11 
117 
205 
102 
145 
113 
171 
153 
172 
48 
121 
65 
190 
148 
147 
129 
156 
208 
195 
93 
131 
187 
22 
48 
208 
152 
40 
111 
52 
106 
100 
49 
124 
133 
198 
197 
58 
179 
205 
111 
177 
75 
157 
93 
14 
193 
46 
97 
116 
124 
188 
52 
129 
180 
79 
71 
92 
93 
37 
40 
53 
198 
164 
191 
46 
50 
98 
112 
182 
28 
131 
189 
55 
212 
48 
22 
133 
93 
104 
38 
46 
61 
155 
148 
181 
99 
101 
72 
8 
77 
44 
128 
107 
78 
75 
200 
76 
179 
92 
102 
39 
106 
89 
77 
42 
19 
189 
161 
88 
206 
73 
173 
140 
63 
27 
1 
66 
198 
101 
92 
186 
65 
153 
149 
196 
140 
41 
116 
83 
122 
10 
142 
206 
71 
98 
155 
45 
163 
207 
199 
110 
61 
172 
113 
177 
104 
14 
36 
106 
193 
59 
175 
41 
104 
71 
73 
39 
57 
99 
13 
166 
202 
94 
173 
154 
114 
31 
68 
103 
7 
209 
200 
148 
207 
216 
44 
171 
125 
74 
165 
134 
145 
67 
55 
21 
75 
141 
110 
176 
70 
125 
46 
22 
196 
216 
18 
142 
73 
56 
177 
58 
11 
20 
51 
167 
114 
138 
79 
44 
142 
197 
98 
28 
57 
23 
93 
179 
194 
99 
68 
56 
120 
16 
200 
188 
210 
87 
134 
42 
173 
101 
91 
150 
199 
177 
12 
187 
117 
106 
38 
0 
143 
109 
73 
91 
28 
100 
140 
191 
26 
48 
128 
157 
193 
207 
174 
68 
168 
56 
157 
184 
92 
124 
40 
2 
172 
217 
166 
88 
180 
122 
163 
47 
186 
162 
178 
71 
127 
22 
136 
126 
147 
39 
92 
194 
133 
87 
88 
113 
103 
107 
36 
60 
163 
180 
70 
7 
172 
188 
152 
54 
171 
126 
139 
58 
116 
108 
161 
175 
193 
43 
132 
76 
38 
33 
4 
136 
20 
146 
42 
165 
63 
71 
128 
61 
153 
70 
42 
74 
171 
216 
13 
148 
165 
170 
122 
117 
84 
137 
21 
11 
127 
120 
59 
139 
51 
202 
83 
144 
100 
170 
175 
18 
152 
157 
28 
32 
41 
187 
64 
12 
71 
67 
10 
13 
1 
22 
204 
8 
151 
202 
36 
132 
81 
138 
41 
152 
17 
191 
145 
149 
113 
49 
30 
173 
42 
216 
139 
58 
12 
77 
111 
109 
115 
80 
188 
139 
201 
206 
89 
26 
153 
111 
17 
134 
178 
182 
175 
117 
173 
132 
88 
120 
8 
91 
12 
40 
168 
46 
71 
83 
197 
65 
21 
84 
3 
61 
55 
167 
32 
177 
166 
152 
151 
193 
192 
188 
184 
121 
23 
51 
117 
96 
94 
129 
120 
3 
211 
128 
10 
157 
193 
101 
16 
63 
0 
7 
22 
20 
46 
80 
82 
158 
5 
105 
213 
203 
51 
187 
73 
123 
20 
112 
115 
110 
140 
137 
127 
167 
185 
75 
16 
44 
182 
61 
94 
138 
102 
201 
38 
131 
116 
13 
98 
34 
151 
11 
94 
179 
149 
110 
78 
190 
214 
18 
51 
156 
195 
165 
67 
11 
213 
203 
193 
217 
197 
134 
1 
44 
115 
49 
178 
85 
154 
50 
151 
127 
172 
99 
200 
103 
25 
16 
42 
102 
83 
212 
109 
192 
147 
44 
87 
17 
150 
82 
43 
57 
22 
156 
31 
205 
34 
130 
63 
99 
166 
125 
38 
52 
107 
161 
192 
108 
206 
89 
104 
118 
75 
145 
120 
40 
54 
130 
62 
104 
143 
72 
116 
186 
80 
110 
153 
32 
132 
96 
30 
181 
2 
67 
199 
51 
60 
9 
126 
15 
147 
35 
79 
32 
39 
174 
53 
68 
139 
161 
22 
3 
145 
146 
58 
124 
152 
100 
200 
20 
69 
95 
113 
150 
17 
16 
65 
196 
112 
1 
193 
87 
59 
105 
23 
178 
79 
2 
156 
142 
145 
181 
38 
167 
113 
59 
159 
141 
183 
98 
103 
206 
115 
8 
204 
119 
17 
184 
99 
174 
138 
15 
176 
161 
65 
178 
3 
60 
17 
21 
171 
174 
54 
179 
80 
82 
78 
146 
14 
104 
89 
7 
32 
52 
12 
195 
137 
67 
28 
145 
193 
166 
182 
52 
144 
187 
72 
64 
27 
107 
170 
137 
96 
146 
59 
107 
141 
179 
123 
147 
53 
41 
105 
118 
153 
121 
104 
101 
134 
40 
149 
69 
130 
57 
162 
37 
99 
114 
212 
172 
124 
196 
41 
0 
96 
97 
184 
105 
175 
189 
150 
90 
190 
49 
19 
180 
192 
103 
53 
100 
36 
202 
172 
174 
179 
150 
180 
43 
1 
146 
107 
91 
166 
205 
6 
55 
29 
146 
50 
40 
212 
157 
82 
215 
27 
87 
63 
20 
58 
44 
2 
66 
39 
152 
188 
199 
67 
207 
133 
181 
175 
102 
116 
56 
127 
77 
85 
15 
3 
62 
187 
65 
18 
195 
94 
146 
164 
210 
81 
123 
14 
99 
174 
93 
156 
29 
149 
195 
187 
92 
199 
204 
1 
127 
162 
80 
84 
105 
103 
104 
101 
19 
68 
41 
190 
0 
72 
151 
180 
54 
118 
50 
83 
55 
98 
201 
149 
124 
9 
21 
187 
170 
58 
129 
159 
37 
130 
0 
190 
108 
158 
74 
106 
164 
29 
55 
197 
105 
194 
26 
66 
50 
