110 
190 
38 
163 
29 
161 
208 
192 
21 
63 
112 
121 
220 
197 
70 
158 
143 
107 
69 
29 
82 
19 
38 
52 
191 
167 
196 
188 
56 
160 
220 
10 
178 
49 
115 
175 
147 
58 
159 
46 
77 
26 
97 
119 
11 
145 
153 
151 
204 
192 
47 
201 
57 
140 
197 
121 
211 
163 
197 
155 
7 
210 
39 
132 
126 
12 
115 
141 
118 
110 
222 
149 
220 
71 
28 
11 
138 
137 
108 
56 
189 
110 
134 
124 
193 
167 
140 
48 
145 
219 
154 
2 
93 
145 
14 
34 
203 
84 
186 
144 
77 
73 
129 
174 
194 
218 
142 
140 
168 
111 
118 
81 
122 
101 
65 
48 
3 
142 
113 
123 
68 
5 
204 
128 
174 
61 
106 
103 
10 
105 
169 
126 
117 
121 
56 
189 
109 
27 
13 
137 
149 
77 
73 
93 
126 
195 
97 
162 
83 
54 
132 
15 
7 
183 
63 
208 
52 
70 
181 
164 
204 
102 
210 
143 
32 
88 
170 
183 
45 
108 
9 
196 
132 
5 
181 
74 
188 
72 
81 
122 
57 
47 
156 
159 
41 
196 
201 
120 
26 
143 
177 
24 
162 
158 
78 
9 
106 
53 
137 
175 
27 
42 
182 
39 
202 
192 
80 
168 
146 
99 
3 
155 
13 
178 
160 
149 
89 
213 
145 
79 
102 
217 
222 
12 
0 
50 
178 
60 
163 
92 
212 
200 
39 
101 
95 
165 
173 
102 
175 
68 
109 
160 
144 
216 
86 
47 
83 
193 
190 
139 
197 
201 
72 
5 
105 
179 
213 
15 
64 
94 
117 
148 
114 
14 
68 
125 
59 
61 
35 
126 
113 
80 
49 
170 
164 
51 
185 
10 
47 
120 
208 
59 
137 
135 
91 
203 
153 
196 
178 
197 
100 
45 
128 
181 
175 
104 
14 
82 
31 
7 
162 
34 
213 
110 
64 
147 
48 
206 
177 
74 
79 
2 
68 
27 
18 
112 
41 
11 
113 
148 
114 
143 
168 
45 
90 
54 
85 
129 
212 
100 
73 
187 
97 
140 
60 
38 
1 
20 
70 
128 
176 
114 
41 
7 
170 
99 
174 
203 
39 
205 
75 
172 
26 
4 
91 
82 
128 
144 
174 
121 
71 
116 
11 
76 
188 
158 
44 
139 
96 
211 
206 
36 
76 
85 
49 
120 
210 
44 
192 
63 
95 
6 
87 
4 
58 
134 
26 
100 
131 
28 
95 
63 
214 
153 
64 
211 
85 
27 
138 
84 
154 
72 
212 
160 
202 
59 
204 
113 
137 
171 
64 
20 
100 
124 
68 
144 
41 
99 
15 
115 
116 
210 
186 
145 
119 
212 
25 
83 
90 
130 
219 
6 
103 
149 
30 
178 
200 
182 
29 
174 
79 
177 
145 
219 
172 
127 
103 
162 
61 
176 
190 
122 
154 
3 
176 
26 
130 
68 
163 
175 
30 
109 
32 
36 
35 
99 
192 
34 
26 
85 
115 
57 
144 
21 
155 
64 
104 
216 
123 
82 
75 
94 
63 
156 
183 
133 
124 
42 
28 
199 
67 
161 
206 
185 
172 
86 
81 
22 
156 
192 
166 
133 
164 
55 
81 
87 
34 
180 
57 
68 
131 
19 
199 
203 
59 
108 
39 
97 
114 
10 
83 
157 
123 
113 
190 
211 
73 
67 
13 
69 
210 
103 
152 
92 
202 
17 
11 
143 
160 
52 
187 
216 
113 
27 
67 
219 
182 
68 
212 
21 
62 
204 
133 
23 
38 
213 
105 
59 
162 
0 
90 
194 
50 
103 
97 
34 
126 
3 
172 
158 
157 
47 
31 
1 
15 
176 
41 
63 
83 
25 
209 
9 
10 
55 
160 
121 
96 
11 
66 
162 
175 
87 
25 
222 
208 
137 
112 
172 
12 
115 
129 
186 
105 
57 
218 
2 
189 
77 
35 
41 
80 
216 
164 
97 
172 
32 
92 
208 
70 
105 
94 
166 
150 
206 
182 
75 
158 
148 
68 
156 
149 
171 
105 
117 
94 
154 
118 
140 
63 
81 
167 
87 
30 
158 
148 
43 
67 
189 
215 
131 
171 
102 
24 
219 
59 
179 
210 
194 
74 
29 
114 
2 
73 
99 
84 
176 
13 
213 
144 
119 
145 
34 
151 
4 
55 
150 
204 
24 
19 
68 
29 
60 
159 
131 
112 
103 
41 
42 
196 
40 
172 
60 
135 
154 
30 
24 
43 
44 
193 
146 
50 
88 
22 
177 
47 
185 
135 
167 
68 
112 
75 
156 
97 
103 
36 
108 
160 
22 
8 
78 
218 
83 
62 
198 
104 
197 
35 
109 
63 
105 
34 
84 
129 
170 
210 
91 
123 
166 
201 
191 
7 
115 
210 
79 
122 
15 
0 
162 
94 
190 
10 
90 
81 
141 
174 
184 
149 
117 
44 
101 
208 
38 
95 
33 
107 
49 
187 
132 
20 
63 
56 
218 
183 
112 
91 
80 
68 
103 
199 
88 
168 
132 
14 
220 
130 
52 
167 
125 
203 
78 
14 
8 
99 
142 
31 
24 
96 
112 
198 
22 
10 
47 
130 
177 
211 
18 
96 
55 
165 
8 
171 
75 
49 
180 
68 
157 
167 
84 
164 
182 
121 
149 
53 
23 
152 
174 
218 
162 
67 
182 
12 
123 
114 
131 
112 
44 
200 
90 
175 
183 
118 
209 
57 
217 
74 
51 
88 
83 
204 
106 
193 
129 
111 
28 
175 
187 
177 
76 
160 
197 
91 
4 
188 
71 
168 
50 
182 
80 
153 
63 
95 
208 
66 
133 
118 
135 
167 
54 
142 
157 
87 
74 
127 
212 
188 
170 
55 
49 
50 
33 
115 
192 
117 
96 
57 
41 
7 
167 
209 
34 
154 
20 
35 
175 
72 
202 
109 
211 
47 
153 
67 
108 
110 
16 
42 
48 
171 
1 
131 
63 
201 
129 
35 
135 
26 
157 
96 
41 
213 
43 
55 
83 
36 
126 
22 
101 
53 
63 
94 
79 
17 
193 
134 
202 
38 
181 
125 
129 
198 
9 
114 
16 
128 
151 
52 
214 
40 
111 
105 
75 
48 
109 
197 
104 
30 
183 
66 
155 
216 
39 
5 
121 
46 
119 
18 
88 
61 
136 
106 
116 
195 
163 
210 
68 
90 
171 
161 
129 
35 
177 
162 
69 
126 
189 
195 
176 
0 
155 
7 
93 
154 
156 
69 
167 
57 
50 
113 
103 
67 
195 
176 
163 
182 
162 
190 
27 
215 
110 
212 
128 
82 
133 
205 
147 
85 
4 
187 
196 
217 
28 
144 
212 
132 
198 
157 
76 
175 
108 
195 
178 
48 
110 
159 
9 
142 
26 
149 
65 
193 
103 
112 
202 
114 
160 
5 
82 
220 
21 
145 
215 
37 
146 
28 
74 
219 
6 
189 
181 
60 
29 
145 
196 
108 
7 
48 
34 
157 
184 
150 
215 
53 
124 
186 
179 
146 
131 
169 
103 
181 
195 
216 
2 
124 
157 
21 
0 
95 
132 
10 
135 
186 
98 
219 
49 
90 
197 
157 
141 
159 
205 
151 
120 
36 
76 
210 
169 
13 
153 
29 
30 
86 
92 
146 
204 
163 
110 
26 
99 
220 
105 
74 
128 
123 
44 
87 
39 
33 
0 
118 
190 
69 
42 
220 
204 
126 
18 
196 
141 
169 
100 
128 
93 
164 
43 
143 
66 
44 
119 
155 
23 
127 
103 
188 
2 
18 
115 
125 
108 
217 
180 
196 
85 
121 
100 
130 
176 
110 
79 
92 
87 
144 
103 
60 
36 
119 
169 
210 
14 
147 
153 
136 
48 
131 
74 
176 
144 
196 
45 
64 
100 
174 
0 
71 
55 
186 
103 
65 
50 
86 
172 
85 
119 
207 
33 
155 
121 
141 
5 
68 
145 
84 
11 
48 
140 
91 
21 
22 
46 
218 
79 
52 
19 
72 
57 
40 
134 
133 
124 
166 
146 
191 
149 
49 
109 
183 
138 
87 
114 
212 
20 
9 
130 
88 
26 
186 
85 
159 
71 
153 
69 
123 
9 
94 
98 
117 
86 
35 
129 
180 
153 
70 
74 
191 
196 
140 
57 
48 
104 
115 
189 
89 
92 
159 
219 
106 
166 
67 
79 
204 
95 
155 
148 
88 
62 
112 
156 
77 
126 
91 
142 
124 
29 
30 
151 
179 
105 
0 
152 
9 
133 
205 
163 
171 
44 
219 
46 
173 
194 
37 
10 
103 
168 
179 
104 
145 
80 
219 
213 
209 
212 
100 
172 
96 
137 
22 
190 
185 
94 
81 
58 
60 
219 
167 
208 
174 
164 
159 
205 
129 
139 
98 
204 
77 
203 
20 
75 
136 
208 
147 
60 
134 
155 
222 
121 
158 
41 
108 
143 
183 
156 
28 
197 
16 
208 
55 
209 
4 
163 
30 
37 
18 
169 
139 
142 
73 
78 
153 
125 
126 
157 
155 
52 
33 
172 
74 
131 
86 
117 
102 
88 
77 
66 
212 
203 
190 
96 
219 
115 
120 
181 
171 
8 
204 
165 
72 
185 
88 
108 
170 
83 
129 
114 
127 
196 
23 
43 
139 
213 
103 
187 
3 
26 
63 
46 
208 
103 
140 
171 
85 
155 
191 
212 
130 
152 
201 
160 
121 
151 
59 
57 
92 
153 
94 
5 
68 
177 
190 
193 
121 
87 
115 
146 
74 
30 
163 
68 
77 
47 
218 
70 
212 
201 
118 
49 
93 
209 
186 
22 
157 
148 
110 
65 
48 
17 
5 
107 
215 
80 
39 
209 
197 
24 
29 
108 
175 
42 
166 
8 
148 
209 
102 
45 
82 
105 
8 
154 
68 
18 
60 
58 
77 
151 
36 
181 
199 
56 
100 
34 
212 
71 
84 
138 
66 
99 
57 
208 
108 
186 
19 
127 
42 
206 
24 
201 
48 
79 
213 
128 
84 
199 
38 
15 
0 
211 
160 
68 
100 
75 
6 
156 
118 
182 
177 
135 
16 
132 
148 
178 
103 
207 
98 
61 
119 
18 
38 
142 
186 
183 
106 
4 
0 
96 
117 
80 
5 
101 
45 
199 
97 
189 
103 
104 
184 
160 
194 
108 
201 
175 
206 
57 
147 
116 
85 
176 
197 
95 
207 
172 
135 
213 
119 
190 
17 
27 
130 
65 
159 
140 
15 
42 
60 
54 
1 
55 
143 
113 
147 
93 
82 
170 
67 
141 
210 
43 
184 
54 
113 
147 
142 
161 
172 
192 
11 
107 
56 
221 
89 
218 
175 
199 
187 
104 
156 
150 
47 
24 
92 
158 
8 
106 
149 
15 
183 
162 
96 
138 
97 
21 
60 
17 
42 
106 
27 
134 
132 
49 
195 
32 
196 
113 
46 
101 
220 
11 
7 
165 
197 
157 
83 
185 
108 
8 
23 
204 
213 
222 
166 
126 
42 
113 
172 
195 
111 
81 
38 
220 
35 
99 
65 
104 
17 
175 
141 
93 
131 
88 
180 
13 
23 
121 
38 
173 
129 
50 
209 
212 
121 
204 
64 
187 
112 
171 
172 
23 
28 
142 
222 
74 
76 
185 
34 
89 
175 
9 
150 
130 
49 
167 
153 
68 
208 
207 
138 
59 
21 
169 
174 
160 
130 
135 
120 
46 
197 
54 
219 
207 
113 
199 
136 
100 
50 
12 
118 
17 
2 
158 
191 
47 
39 
75 
145 
215 
9 
157 
131 
44 
103 
180 
205 
42 
130 
119 
136 
132 
71 
184 
105 
33 
189 
162 
212 
15 
23 
86 
133 
126 
59 
157 
68 
66 
63 
221 
38 
161 
160 
222 
11 
121 
55 
162 
28 
133 
22 
41 
114 
88 
24 
182 
15 
31 
171 
113 
56 
208 
84 
73 
77 
55 
33 
98 
53 
162 
150 
158 
29 
138 
196 
167 
192 
124 
121 
212 
186 
183 
134 
136 
23 
119 
37 
67 
41 
125 
135 
172 
0 
16 
141 
186 
200 
36 
37 
123 
139 
213 
76 
56 
28 
182 
49 
92 
52 
15 
179 
215 
0 
9 
162 
163 
43 
33 
149 
207 
65 
88 
129 
171 
196 
25 
217 
97 
81 
47 
143 
17 
160 
180 
126 
54 
20 
86 
198 
91 
79 
218 
64 
105 
10 
182 
100 
198 
97 
82 
119 
49 
77 
56 
153 
140 
214 
118 
106 
23 
222 
128 
205 
208 
52 
82 
65 
90 
22 
11 
38 
119 
143 
218 
37 
83 
166 
199 
94 
120 
38 
105 
174 
26 
104 
25 
39 
207 
184 
6 
142 
154 
114 
173 
93 
124 
208 
131 
112 
12 
125 
57 
110 
41 
188 
192 
48 
120 
114 
66 
214 
65 
145 
212 
109 
178 
103 
128 
117 
72 
41 
78 
193 
135 
4 
95 
202 
37 
172 
45 
61 
194 
115 
222 
35 
41 
47 
118 
18 
5 
0 
88 
139 
57 
220 
207 
43 
167 
109 
63 
25 
172 
138 
73 
93 
168 
149 
2 
160 
99 
191 
37 
122 
188 
27 
186 
94 
184 
119 
53 
22 
108 
188 
178 
179 
169 
12 
87 
94 
6 
29 
90 
115 
130 
5 
96 
93 
210 
141 
156 
166 
148 
36 
94 
85 
18 
159 
25 
161 
45 
213 
121 
39 
194 
193 
42 
157 
211 
63 
19 
133 
221 
6 
118 
29 
1 
92 
57 
150 
213 
110 
31 
147 
151 
181 
39 
86 
189 
217 
11 
151 
89 
111 
164 
53 
58 
219 
15 
163 
5 
149 
126 
167 
97 
39 
147 
66 
188 
78 
146 
42 
221 
157 
169 
23 
154 
53 
16 
20 
17 
115 
200 
42 
137 
21 
185 
48 
101 
162 
64 
80 
124 
75 
183 
185 
76 
8 
100 
36 
56 
118 
108 
80 
50 
67 
186 
202 
37 
164 
83 
195 
52 
147 
169 
187 
102 
129 
217 
3 
58 
185 
172 
78 
39 
80 
209 
192 
182 
43 
138 
213 
5 
131 
88 
33 
166 
113 
27 
81 
204 
157 
34 
121 
138 
11 
36 
215 
180 
20 
30 
71 
57 
160 
24 
191 
15 
103 
77 
181 
119 
204 
101 
6 
200 
167 
222 
164 
209 
71 
96 
127 
5 
49 
166 
113 
14 
16 
10 
187 
139 
156 
93 
21 
54 
0 
67 
58 
35 
115 
184 
197 
117 
88 
95 
178 
190 
146 
40 
118 
70 
137 
199 
10 
31 
102 
158 
45 
19 
77 
156 
126 
24 
207 
65 
105 
191 
209 
184 
10 
98 
9 
187 
99 
48 
81 
172 
14 
201 
167 
59 
36 
130 
139 
204 
11 
37 
19 
157 
48 
51 
196 
129 
13 
206 
220 
12 
64 
3 
161 
156 
28 
50 
179 
37 
76 
83 
155 
120 
40 
182 
180 
181 
94 
38 
202 
179 
78 
169 
23 
61 
113 
80 
93 
105 
43 
152 
35 
104 
147 
20 
13 
185 
117 
94 
68 
113 
73 
186 
75 
103 
201 
175 
105 
178 
215 
162 
213 
50 
40 
95 
61 
159 
119 
42 
160 
33 
174 
18 
38 
121 
94 
35 
181 
54 
196 
182 
103 
74 
169 
150 
66 
185 
203 
123 
174 
25 
139 
151 
128 
15 
68 
131 
184 
60 
86 
178 
13 
206 
204 
129 
38 
58 
137 
202 
175 
99 
67 
138 
77 
168 
36 
15 
164 
61 
49 
163 
179 
27 
29 
54 
173 
162 
183 
18 
215 
43 
11 
98 
62 
79 
222 
165 
55 
192 
40 
48 
35 
199 
18 
141 
155 
162 
128 
1 
163 
73 
167 
119 
101 
205 
138 
201 
196 
69 
151 
197 
73 
72 
19 
79 
170 
37 
17 
78 
119 
142 
159 
115 
54 
33 
60 
41 
11 
169 
9 
198 
185 
56 
148 
100 
103 
99 
128 
70 
91 
178 
33 
203 
48 
22 
71 
66 
88 
221 
154 
202 
58 
2 
52 
60 
167 
149 
203 
26 
168 
13 
116 
108 
96 
112 
13 
12 
174 
211 
74 
43 
185 
60 
208 
212 
115 
104 
215 
14 
202 
213 
51 
95 
46 
104 
134 
88 
0 
87 
31 
175 
23 
120 
167 
95 
54 
35 
85 
124 
193 
136 
19 
55 
176 
143 
162 
160 
146 
145 
74 
20 
18 
103 
99 
14 
206 
90 
86 
2 
52 
72 
118 
207 
24 
96 
116 
19 
203 
30 
15 
143 
159 
39 
7 
94 
220 
11 
115 
57 
0 
156 
206 
112 
45 
102 
5 
74 
126 
84 
139 
61 
138 
209 
9 
124 
192 
108 
47 
16 
177 
111 
197 
34 
11 
15 
150 
205 
42 
165 
154 
115 
78 
21 
29 
46 
53 
36 
145 
116 
15 
20 
121 
103 
6 
175 
192 
21 
58 
162 
57 
19 
72 
186 
201 
172 
101 
68 
38 
24 
96 
133 
219 
153 
147 
144 
208 
203 
16 
152 
198 
92 
76 
3 
181 
139 
179 
95 
119 
98 
97 
86 
191 
199 
66 
10 
113 
59 
3 
19 
25 
29 
205 
152 
129 
95 
54 
174 
38 
167 
144 
215 
116 
142 
166 
163 
89 
5 
126 
169 
170 
155 
44 
86 
176 
156 
100 
103 
54 
41 
158 
4 
31 
146 
20 
138 
3 
162 
201 
21 
185 
163 
5 
162 
124 
114 
213 
200 
79 
183 
43 
127 
132 
216 
0 
6 
73 
184 
23 
78 
201 
212 
96 
173 
213 
31 
209 
39 
130 
177 
167 
146 
99 
102 
187 
171 
222 
167 
119 
218 
170 
128 
197 
98 
120 
90 
211 
180 
13 
105 
206 
156 
3 
30 
205 
47 
9 
187 
125 
192 
222 
37 
24 
220 
188 
114 
219 
136 
49 
149 
89 
133 
218 
119 
43 
52 
138 
172 
194 
209 
85 
69 
197 
102 
170 
163 
185 
156 
152 
39 
15 
217 
162 
10 
143 
154 
67 
184 
46 
118 
82 
26 
40 
203 
101 
66 
98 
45 
216 
14 
185 
104 
15 
117 
46 
23 
95 
43 
33 
121 
91 
57 
128 
138 
84 
107 
181 
153 
193 
103 
147 
76 
95 
215 
66 
143 
37 
204 
79 
130 
42 
81 
83 
90 
112 
61 
178 
191 
200 
116 
27 
106 
180 
154 
69 
77 
35 
150 
48 
120 
8 
121 
153 
137 
208 
152 
185 
102 
176 
140 
51 
95 
66 
124 
10 
171 
172 
57 
217 
74 
109 
89 
182 
177 
178 
179 
41 
100 
135 
133 
153 
175 
101 
215 
23 
156 
97 
81 
6 
158 
127 
216 
125 
86 
138 
41 
189 
19 
18 
74 
30 
165 
84 
12 
202 
192 
163 
109 
124 
54 
115 
218 
145 
181 
108 
156 
157 
160 
161 
222 
106 
100 
181 
15 
8 
127 
82 
138 
25 
61 
171 
71 
128 
21 
50 
155 
31 
196 
77 
207 
177 
179 
103 
104 
149 
192 
166 
57 
88 
106 
140 
64 
35 
117 
147 
205 
181 
47 
81 
96 
68 
146 
35 
79 
211 
134 
170 
102 
55 
0 
141 
42 
53 
158 
79 
64 
92 
155 
167 
89 
143 
146 
174 
204 
78 
104 
105 
63 
8 
44 
195 
210 
173 
203 
219 
93 
179 
211 
16 
108 
221 
148 
192 
33 
186 
88 
67 
214 
145 
161 
168 
116 
43 
136 
28 
159 
108 
214 
62 
190 
103 
124 
70 
196 
3 
195 
86 
132 
218 
94 
144 
185 
5 
109 
87 
93 
149 
154 
200 
157 
30 
91 
184 
172 
26 
156 
69 
95 
4 
21 
188 
166 
180 
96 
9 
178 
176 
198 
16 
128 
11 
17 
149 
93 
78 
193 
143 
220 
195 
36 
49 
85 
42 
111 
190 
64 
93 
175 
201 
52 
149 
218 
198 
105 
143 
182 
59 
17 
32 
53 
218 
207 
111 
88 
73 
96 
201 
121 
0 
187 
17 
196 
11 
25 
219 
218 
14 
199 
74 
149 
198 
34 
6 
21 
124 
222 
108 
18 
87 
105 
21 
214 
137 
160 
142 
209 
91 
138 
78 
97 
205 
29 
62 
54 
26 
23 
12 
87 
108 
210 
153 
108 
44 
10 
33 
4 
214 
41 
102 
36 
103 
177 
20 
162 
78 
148 
184 
51 
197 
131 
92 
59 
33 
16 
61 
88 
162 
203 
98 
122 
132 
15 
119 
191 
194 
130 
168 
18 
32 
99 
200 
82 
130 
221 
169 
83 
205 
79 
132 
102 
72 
145 
65 
106 
118 
182 
137 
168 
190 
86 
0 
210 
11 
21 
108 
213 
3 
159 
33 
4 
77 
62 
23 
117 
123 
214 
49 
149 
99 
135 
184 
22 
56 
176 
36 
105 
95 
182 
179 
88 
194 
74 
78 
172 
173 
142 
119 
111 
83 
145 
188 
105 
55 
136 
38 
20 
25 
132 
207 
210 
11 
100 
78 
137 
117 
219 
156 
43 
138 
215 
162 
203 
124 
170 
0 
13 
109 
20 
123 
41 
181 
100 
121 
48 
12 
74 
87 
198 
80 
69 
57 
192 
51 
140 
138 
44 
206 
77 
49 
105 
79 
202 
183 
55 
61 
26 
85 
88 
170 
59 
165 
24 
77 
191 
54 
121 
33 
199 
78 
205 
147 
82 
58 
48 
76 
159 
105 
2 
7 
206 
134 
40 
30 
51 
4 
31 
172 
189 
165 
48 
210 
102 
125 
109 
200 
44 
94 
50 
58 
115 
10 
218 
190 
131 
195 
139 
151 
113 
100 
153 
201 
188 
35 
15 
145 
103 
216 
114 
80 
143 
23 
28 
95 
188 
29 
203 
135 
9 
181 
166 
215 
6 
47 
180 
147 
204 
