0.023600 
0.024500 
0.028000 
0.033800 
0.034700 
0.042400 
0.042500 
0.050600 
0.051200 
0.052300 
0.054900 
0.058900 
0.064300 
0.066300 
0.070600 
0.072200 
0.073200 
0.074300 
0.075100 
0.075700 
0.077100 
0.078700 
0.081900 
0.082200 
0.083600 
0.084700 
0.088400 
0.093900 
0.097100 
0.098500 
0.100200 
0.102300 
0.102800 
0.107400 
0.108400 
0.109100 
0.109600 
0.110300 
0.110300 
0.111600 
0.112500 
0.112800 
0.121400 
0.122000 
0.125200 
0.126300 
0.127100 
0.131700 
0.131800 
0.132800 
0.133200 
0.134500 
0.134700 
0.135000 
0.135200 
0.136300 
0.136300 
0.137000 
0.137900 
0.138700 
0.140200 
0.141400 
0.142400 
0.142900 
0.145200 
0.146100 
0.147200 
0.159800 
0.164600 
0.165500 
0.167800 
0.168600 
0.170300 
0.174100 
0.174200 
0.174600 
0.177500 
0.178200 
0.178900 
0.180000 
0.180500 
0.180700 
0.181300 
0.183100 
0.185000 
0.187400 
0.189900 
0.192200 
0.194100 
0.197500 
0.199100 
0.202300 
0.205300 
0.206900 
0.207800 
0.209700 
0.211600 
0.212800 
0.214800 
0.216200 
0.219100 
0.220100 
0.220200 
0.222400 
0.223700 
0.224900 
0.224900 
0.225200 
0.225400 
0.226000 
0.226200 
0.230100 
0.231300 
0.236900 
0.237500 
0.240900 
0.241500 
0.243100 
0.243300 
0.244400 
0.248300 
0.251000 
0.252900 
0.253800 
0.254100 
0.256200 
0.259700 
0.259800 
0.260500 
0.260600 
0.264300 
0.265000 
0.266700 
0.267600 
0.275300 
0.275400 
0.275500 
0.276100 
0.276700 
0.277600 
0.277900 
0.280000 
0.281000 
0.282000 
0.282900 
0.283500 
0.283600 
0.284000 
0.284000 
0.284900 
0.287100 
0.287600 
0.288400 
0.288800 
0.288800 
0.298800 
0.300700 
0.302300 
0.303600 
0.304500 
0.304800 
0.306200 
0.306800 
0.308300 
0.311800 
0.313300 
0.316300 
0.318000 
0.323100 
0.324500 
0.325200 
0.325800 
0.325900 
0.328000 
0.328500 
0.328900 
0.338400 
0.341700 
0.343000 
0.343600 
0.344800 
0.344900 
0.348300 
0.350600 
0.351500 
0.351500 
0.352100 
0.354400 
0.355100 
0.355800 
0.356600 
0.356600 
0.358300 
0.361900 
0.363800 
0.364700 
0.365600 
0.368000 
0.371400 
0.371500 
0.372800 
0.376000 
0.376700 
0.376900 
0.378000 
0.378400 
0.378500 
0.379800 
0.380600 
0.382300 
0.384400 
0.384800 
0.387200 
0.389300 
0.396900 
0.397000 
0.397300 
0.398100 
0.398500 
0.399700 
0.400500 
0.401000 
0.401300 
0.402200 
0.402700 
0.403100 
0.408000 
0.412900 
0.415900 
0.416800 
0.417600 
0.418400 
0.418500 
0.418600 
0.419700 
0.420100 
0.420300 
0.423300 
0.423800 
0.425200 
0.426700 
0.427300 
0.432200 
0.436200 
0.438400 
0.438900 
0.439800 
0.441400 
0.441900 
0.442500 
0.443400 
0.444100 
0.445500 
0.445800 
0.450000 
0.450300 
0.450700 
0.451400 
0.453000 
0.454000 
0.457900 
0.459300 
0.459800 
0.463700 
0.467100 
0.467300 
0.467400 
0.469000 
0.469100 
0.469300 
0.470300 
0.473100 
0.474100 
0.476200 
0.476300 
0.476900 
0.479100 
0.479800 
0.480600 
0.482300 
0.482500 
0.484900 
0.485800 
0.486300 
0.487500 
0.490500 
0.491200 
0.491600 
0.492700 
0.494700 
0.497600 
0.500000 
0.503300 
0.506100 
0.506600 
0.507200 
0.509100 
0.511400 
0.512500 
0.513200 
0.515000 
0.515600 
0.516600 
0.517300 
0.517600 
0.518700 
0.519100 
0.519400 
0.522400 
0.522500 
0.522600 
0.523600 
0.524600 
0.527900 
0.528600 
0.529500 
0.529600 
0.530900 
0.537300 
0.539200 
0.540100 
0.543600 
0.544000 
0.544900 
0.551100 
0.554200 
0.554600 
0.555900 
0.559500 
0.559800 
0.562400 
0.564500 
0.565100 
0.565300 
0.568000 
0.568400 
0.572700 
0.573100 
0.577400 
0.577900 
0.579200 
0.579400 
0.579900 
0.580200 
0.580700 
0.581900 
0.585800 
0.586600 
0.586700 
0.587300 
0.588200 
0.588800 
0.595100 
0.595100 
0.597600 
0.601400 
0.602600 
0.603700 
0.605800 
0.608300 
0.611300 
0.620500 
0.621900 
0.623300 
0.624500 
0.625600 
0.625900 
0.626300 
0.626300 
0.629100 
0.631500 
0.632200 
0.633000 
0.633300 
0.636700 
0.637600 
0.637800 
0.638100 
0.639400 
0.641400 
0.641900 
0.642500 
0.643700 
0.643900 
0.646800 
0.651500 
0.652200 
0.653200 
0.654100 
0.657600 
0.663000 
0.664400 
0.665900 
0.668900 
0.669200 
0.672500 
0.676100 
0.676900 
0.677000 
0.681000 
0.681700 
0.682000 
0.682400 
0.682600 
0.683400 
0.684300 
0.687000 
0.688600 
0.690300 
0.691700 
0.691800 
0.691800 
0.694000 
0.695900 
0.698600 
0.699800 
0.701000 
0.701400 
0.701700 
0.702700 
0.704300 
0.705400 
0.705500 
0.705800 
0.708200 
0.710400 
0.713300 
0.713700 
0.713700 
0.715200 
0.723100 
0.723600 
0.724100 
0.725700 
0.725700 
0.726300 
0.726300 
0.726500 
0.737000 
0.738200 
0.738500 
0.738500 
0.738700 
0.740000 
0.740100 
0.741100 
0.742300 
0.742500 
0.743200 
0.744600 
0.745900 
0.746800 
0.747500 
0.747500 
0.747900 
0.747900 
0.748000 
0.751000 
0.752800 
0.758000 
0.760200 
0.761000 
0.761700 
0.763600 
0.764200 
0.765000 
0.765100 
0.766700 
0.767300 
0.768500 
0.768800 
0.772000 
0.773800 
0.774500 
0.774600 
0.775000 
0.779600 
0.780000 
0.781100 
0.783800 
0.785600 
0.791000 
0.792400 
0.793300 
0.801600 
0.804600 
0.804800 
0.805800 
0.806200 
0.807500 
0.807900 
0.810100 
0.812300 
0.818800 
0.821600 
0.822200 
0.825000 
0.825100 
0.825700 
0.825800 
0.826000 
0.826300 
0.826400 
0.826600 
0.829100 
0.830500 
0.833300 
0.833500 
0.835300 
0.840000 
0.841500 
0.842400 
0.842400 
0.842500 
0.845600 
0.848600 
0.849700 
0.850600 
0.850800 
0.851200 
0.851600 
0.852000 
0.853000 
0.853300 
0.854400 
0.856500 
0.861000 
0.861300 
0.863700 
0.864600 
0.866100 
0.866200 
0.866800 
0.868600 
0.869300 
0.869900 
0.870300 
0.873000 
0.873200 
0.873900 
0.874800 
0.875900 
0.876400 
0.879200 
0.881200 
0.882400 
0.882400 
0.882600 
0.882900 
0.884400 
0.888300 
0.890700 
0.891100 
0.891700 
0.895200 
0.895800 
0.896500 
0.900200 
0.902700 
0.905000 
0.905200 
0.908200 
0.908700 
0.911000 
0.911800 
0.913900 
0.914200 
0.914500 
0.916100 
0.918000 
0.918300 
0.919100 
0.920200 
0.924900 
0.927200 
0.928800 
0.930700 
0.934600 
0.934700 
0.935600 
0.937400 
0.938300 
0.938400 
0.938700 
0.940300 
0.941000 
0.941400 
0.942200 
0.942800 
0.943500 
0.946900 
0.950200 
0.954300 
0.954400 
0.954800 
0.958100 
0.958800 
0.959900 
0.960400 
0.961100 
0.962200 
0.963100 
0.964800 
0.964900 
0.968500 
0.971700 
0.972200 
0.972300 
0.972400 
0.972700 
0.978100 
0.979600 
0.980400 
0.981900 
0.982300 
0.982800 
0.985500 
0.989200 
0.989700 
0.991600 
0.991700 
0.994800 
0.997400 
0.998300 
0.998500 
0.998600 
1.004000 
1.005200 
1.005400 
1.009400 
1.011700 
1.012300 
1.014400 
1.015700 
1.019000 
1.019600 
1.020700 
1.022100 
1.027900 
1.028700 
1.028900 
1.029700 
1.031200 
1.034100 
1.037900 
1.040400 
1.043700 
1.045800 
1.054900 
1.056800 
1.057000 
1.060300 
1.060400 
1.060900 
1.061400 
1.063700 
1.064600 
1.066000 
1.066900 
1.067500 
1.067900 
1.073400 
1.073900 
1.078000 
1.081700 
1.082200 
1.082200 
1.082200 
1.083100 
1.083800 
1.084200 
1.085000 
1.089600 
1.091900 
1.093100 
1.094500 
1.095100 
1.095700 
1.096000 
1.097000 
1.097300 
1.099100 
1.099400 
1.100100 
1.103000 
1.103600 
1.106500 
1.107700 
1.109300 
1.109900 
1.112000 
1.113200 
1.114500 
1.116500 
1.117900 
1.118800 
1.120500 
1.121200 
1.123100 
1.126600 
1.128600 
1.132000 
1.137700 
1.144100 
1.144500 
1.144800 
1.145100 
1.145600 
1.146100 
1.146200 
1.148700 
1.149000 
1.149300 
1.150700 
1.154200 
1.156000 
1.156300 
1.162100 
1.164600 
1.164600 
1.164700 
1.167000 
1.167600 
1.168200 
1.168600 
1.169000 
1.170100 
1.170200 
1.171300 
1.173800 
1.174300 
1.181300 
1.182100 
1.182300 
1.183400 
1.186200 
1.186200 
1.187700 
1.189300 
1.189500 
1.190500 
1.193600 
1.193700 
1.194300 
1.196700 
1.196700 
1.197000 
1.197800 
1.198700 
1.199900 
1.204000 
1.212300 
1.214400 
1.214500 
1.214600 
1.214800 
1.215100 
1.220700 
1.221100 
1.221100 
1.221200 
1.222500 
1.223000 
1.225600 
1.225700 
1.230600 
1.235300 
1.236000 
1.236400 
1.237300 
1.237900 
1.238500 
1.241500 
1.243000 
1.243900 
1.245200 
1.246800 
1.247200 
1.247300 
1.247300 
1.247400 
1.247600 
1.252200 
1.252500 
1.254000 
1.254700 
1.255300 
1.257000 
1.259100 
1.259900 
1.261600 
1.266000 
1.267300 
1.268500 
1.268800 
1.269600 
1.269800 
1.271500 
1.271600 
1.271900 
1.272600 
1.273300 
1.273600 
1.274500 
1.274900 
1.279800 
1.284900 
1.287700 
1.288700 
1.290000 
1.290400 
1.291400 
1.291400 
1.291400 
1.293800 
1.297000 
1.299500 
1.302300 
1.303000 
1.305100 
1.306900 
1.307000 
1.308200 
1.309200 
1.311700 
1.315000 
1.315900 
1.316400 
1.319400 
1.321000 
1.322400 
1.324100 
1.328200 
1.328900 
1.330700 
1.330700 
1.332100 
1.332900 
1.333400 
1.333800 
1.334200 
1.337500 
1.338200 
1.338900 
1.339600 
1.340900 
1.341400 
1.341600 
1.341800 
1.343200 
1.344600 
1.345200 
1.346200 
1.347100 
1.347400 
1.348000 
1.349100 
1.349200 
1.351500 
1.352600 
1.353400 
1.355400 
1.356700 
1.359600 
1.359700 
1.360000 
1.361500 
1.361900 
1.362300 
1.368300 
1.369000 
1.369800 
1.371300 
1.372400 
1.373100 
1.373600 
1.374600 
1.375300 
1.378300 
1.380800 
1.384500 
1.384600 
1.385200 
1.385500 
1.385900 
1.393100 
1.397000 
1.397400 
1.398900 
1.403300 
1.406100 
1.407200 
1.407500 
1.407600 
1.409400 
1.411100 
1.412700 
1.413800 
1.416500 
1.418400 
1.418500 
1.418700 
1.421100 
1.422400 
1.423700 
1.427800 
1.429400 
1.432000 
1.432800 
1.436600 
1.440300 
1.442400 
1.444100 
1.444300 
1.444900 
1.446600 
1.447600 
1.448100 
1.449000 
1.450800 
1.453000 
1.453900 
1.453900 
1.454200 
1.454900 
1.455500 
1.458100 
1.461200 
1.462600 
1.463100 
1.464400 
1.465200 
1.471800 
1.474500 
1.474700 
1.475300 
1.475500 
1.475700 
1.475800 
1.476700 
1.477200 
1.477400 
1.477900 
1.480700 
1.482100 
1.483500 
1.484300 
1.489200 
1.489700 
1.493100 
1.493400 
1.493800 
1.494000 
1.494500 
1.495400 
1.495800 
1.496200 
1.496600 
1.497100 
1.500900 
1.501500 
1.501900 
1.503400 
1.504700 
1.506400 
1.507800 
1.514400 
1.515100 
1.516400 
1.517400 
1.518100 
1.525000 
1.525900 
1.526600 
1.529500 
1.532900 
1.533000 
1.533600 
1.537400 
1.537700 
1.537800 
1.541100 
1.541300 
1.541800 
1.542200 
1.544100 
1.547300 
1.551300 
1.553700 
1.554100 
1.555300 
1.558700 
1.560100 
1.563400 
1.563700 
1.565400 
1.565600 
1.566200 
1.566800 
1.567200 
1.567400 
1.571000 
1.571100 
1.571100 
1.571900 
1.573900 
1.579200 
1.580700 
1.581600 
1.583200 
1.584400 
1.587900 
1.588700 
1.589100 
1.589700 
1.592000 
1.594500 
1.598400 
1.599600 
1.600100 
1.600100 
1.602500 
1.605200 
1.607000 
1.607000 
1.608800 
1.610000 
1.613800 
1.614500 
1.615100 
1.615200 
1.616300 
1.616600 
1.619400 
1.621400 
1.623100 
1.627100 
1.627200 
1.631700 
1.631700 
1.632800 
1.635500 
1.635800 
1.636800 
1.637400 
1.639000 
1.640700 
1.641100 
1.646900 
1.649500 
1.649700 
1.658500 
1.660000 
1.662400 
1.663800 
1.666600 
1.667400 
1.669500 
1.671300 
1.673600 
1.676100 
1.677400 
1.677700 
1.678400 
1.678400 
1.680000 
1.681000 
1.681100 
1.681700 
1.683000 
1.683100 
1.683900 
1.684000 
1.684800 
1.686700 
1.686800 
1.687100 
1.687200 
1.687400 
1.689300 
1.691100 
1.691200 
1.692400 
1.695700 
1.696700 
1.697300 
1.697700 
1.703700 
1.703800 
1.704000 
1.708900 
1.709900 
1.709900 
1.712000 
1.712600 
1.713600 
1.718800 
1.721300 
1.723000 
1.723600 
1.726000 
1.726200 
1.726500 
1.728000 
1.728600 
1.729000 
1.729200 
1.730600 
1.731300 
1.732700 
1.733100 
1.736600 
1.739000 
1.739100 
1.740500 
1.745400 
1.746900 
1.747600 
1.750000 
1.751900 
1.752800 
1.753500 
1.754000 
1.755100 
1.755500 
1.756600 
1.756700 
1.760800 
1.761100 
1.761900 
1.763200 
1.769900 
1.773900 
1.774400 
1.774800 
1.777200 
1.777300 
1.778600 
1.779800 
1.781100 
1.783900 
1.785100 
1.785900 
1.786200 
1.788400 
1.790200 
1.791500 
1.791500 
1.794400 
1.794600 
1.796900 
1.800000 
1.800200 
1.801300 
1.801800 
1.802000 
1.802200 
1.803300 
1.804200 
1.805500 
1.807600 
1.808900 
1.809700 
1.813200 
1.813800 
1.814400 
1.815100 
1.816600 
1.818000 
1.819400 
1.820000 
1.822200 
1.822200 
1.827500 
1.828100 
1.829600 
1.830100 
1.832300 
1.834400 
1.835000 
1.835200 
1.835400 
1.836100 
1.843500 
1.843700 
1.845500 
1.845900 
1.847800 
1.847800 
1.853500 
1.853900 
1.854100 
1.855700 
1.855900 
1.857100 
1.857600 
1.860700 
1.862200 
1.865000 
1.865100 
1.865500 
1.865500 
1.867300 
1.868300 
1.868300 
1.876000 
1.876800 
1.877900 
1.880200 
1.881000 
1.885600 
1.887500 
1.887900 
1.889700 
1.890400 
1.891900 
1.892400 
1.895100 
1.897600 
1.898000 
1.898100 
1.898900 
1.899200 
1.899700 
1.899800 
1.900000 
1.901700 
1.902500 
1.909000 
1.909700 
1.910600 
1.911500 
1.912800 
1.916000 
1.916200 
1.917600 
1.918900 
1.920600 
1.921600 
1.922500 
1.922700 
1.923800 
1.925800 
1.928300 
1.934900 
1.937400 
1.937400 
1.938800 
1.939000 
1.940200 
1.941500 
1.942300 
1.942500 
1.943200 
1.943400 
1.945400 
1.946800 
1.946900 
1.949100 
1.951000 
1.951500 
1.951800 
1.952000 
1.955800 
1.956200 
1.959100 
1.960800 
1.961000 
1.963200 
1.963600 
1.963800 
1.963800 
1.968500 
1.968700 
1.970700 
1.971000 
1.972700 
1.973300 
1.973400 
1.975100 
1.976000 
1.976100 
1.976300 
1.976300 
1.977100 
1.982500 
1.983400 
1.985100 
1.986800 
1.989200 
1.992400 
1.993500 
1.994400 
1.995000 
1.998000 
1.998500 
2.004100 
2.006800 
2.006800 
2.007400 
2.010800 
2.012900 
2.013100 
2.014200 
2.015400 
2.019100 
2.019900 
2.020400 
2.020600 
2.023500 
2.024700 
2.024800 
2.026900 
2.027500 
2.028400 
2.028500 
2.028900 
2.034500 
2.034700 
2.035600 
2.037200 
2.039600 
2.041100 
2.045700 
2.046900 
2.047000 
2.047300 
2.051000 
2.051100 
2.052700 
2.053800 
2.055400 
2.056200 
2.057500 
2.063200 
2.063200 
2.064700 
2.065700 
2.065800 
2.067800 
2.068100 
2.068300 
2.068600 
2.069100 
2.069900 
2.071700 
2.072200 
2.072400 
2.073500 
2.073700 
2.076200 
2.076500 
2.076800 
2.077000 
2.079600 
2.087000 
2.087100 
2.089500 
2.090600 
2.091900 
2.092700 
2.095300 
2.098800 
2.099800 
2.101800 
2.103300 
2.104100 
2.104300 
2.105300 
2.105900 
2.106100 
2.106700 
2.110100 
2.110700 
2.112200 
2.113100 
2.113500 
2.116400 
2.117500 
2.117700 
2.119100 
2.119200 
2.120000 
2.124800 
2.126600 
2.127600 
2.128800 
2.130100 
2.130600 
2.133000 
2.133700 
2.134600 
2.135100 
2.141200 
2.143000 
2.144700 
2.147900 
2.149900 
2.151300 
2.151800 
2.152300 
2.152300 
2.153400 
2.154400 
2.155000 
2.155200 
2.156800 
2.157400 
2.158400 
2.162900 
2.163700 
2.163900 
2.164900 
2.166500 
2.168800 
2.172000 
2.172300 
2.173100 
2.174100 
2.174900 
2.177100 
2.179000 
2.179400 
2.179900 
2.181600 
2.183000 
2.183200 
2.183500 
2.184400 
2.184900 
2.185800 
2.186800 
2.187700 
2.189900 
2.191000 
2.192500 
2.195200 
2.196200 
2.196700 
2.200700 
2.204200 
2.211200 
2.214400 
2.216400 
2.220300 
2.221500 
2.226300 
2.227700 
2.229900 
2.231400 
2.233800 
2.234100 
2.235100 
2.237900 
2.241400 
2.241400 
2.243500 
2.243800 
2.246300 
2.249200 
2.249500 
2.249800 
2.249900 
2.251500 
2.253200 
2.255000 
2.256300 
2.260400 
2.260600 
2.260800 
2.262000 
2.262300 
2.262500 
2.262800 
2.266400 
2.266400 
2.268700 
2.269300 
2.270000 
2.272300 
2.272600 
2.275800 
2.276300 
2.277000 
2.278200 
2.279000 
2.280500 
2.280700 
2.280700 
2.282000 
2.284000 
2.284500 
2.286100 
2.287100 
2.288100 
2.288600 
2.292300 
2.293200 
2.294200 
2.294300 
2.294500 
2.294900 
2.295300 
2.298400 
2.300600 
2.302000 
2.305300 
2.309100 
2.309500 
2.311900 
2.312500 
2.314600 
2.315600 
2.319000 
2.320400 
2.322200 
2.323300 
2.323400 
2.329100 
2.329300 
2.330200 
2.330700 
2.330700 
2.336000 
2.336400 
2.336500 
2.339600 
2.339900 
2.340000 
2.340300 
2.342000 
2.345300 
2.348000 
2.351600 
2.353100 
2.353300 
2.355400 
2.355700 
2.356000 
2.356700 
2.357000 
2.357400 
2.360600 
2.362900 
2.363800 
2.364000 
2.365900 
2.366500 
2.368000 
2.371000 
2.371600 
2.372200 
2.373500 
2.374600 
2.376300 
2.377400 
2.377500 
2.379600 
2.382200 
2.382500 
2.383300 
2.383400 
2.387800 
2.389900 
2.391000 
2.395400 
2.396000 
2.396800 
2.397700 
2.398100 
2.398900 
2.399300 
2.399600 
2.399700 
2.400500 
2.409600 
2.410200 
2.411600 
2.412400 
2.413300 
2.414000 
2.414500 
2.416300 
2.417600 
2.418100 
2.418400 
2.419400 
2.420100 
2.421000 
2.426500 
2.430400 
2.430500 
2.432400 
2.434200 
2.434700 
2.434800 
2.434800 
2.436000 
2.436500 
2.438700 
2.440000 
2.441600 
2.444200 
2.444500 
2.446200 
2.446600 
2.446700 
2.449100 
2.449800 
2.450300 
2.451100 
2.451200 
2.452900 
2.453100 
2.455200 
2.457200 
2.457400 
2.458700 
2.460600 
2.462000 
2.465900 
2.468300 
2.469200 
2.470000 
2.470300 
2.470400 
2.470600 
2.473700 
2.473900 
2.474600 
2.477500 
2.479300 
2.480400 
2.481500 
2.482800 
2.484300 
2.485600 
2.487300 
2.487300 
2.487900 
2.488700 
2.489200 
2.490700 
2.491100 
2.492100 
2.495200 
2.496000 
2.497000 
2.497200 
2.498100 
2.510000 
2.510400 
2.510700 
2.511100 
2.513500 
2.514700 
2.516300 
2.516400 
2.517400 
2.519600 
2.521400 
2.521400 
2.528200 
2.530800 
2.530900 
2.532400 
2.535300 
2.537000 
2.537300 
2.539200 
2.542000 
2.547000 
2.547800 
2.548100 
2.548200 
2.548600 
2.548900 
2.552800 
2.557000 
2.557500 
2.558800 
2.561400 
2.562100 
2.562400 
2.562700 
2.565700 
2.572200 
2.573900 
2.575400 
2.576300 
2.576800 
2.577000 
2.577900 
2.579300 
2.579500 
2.580800 
2.581300 
2.581400 
2.582600 
2.584200 
2.587400 
2.589600 
2.592000 
2.593200 
2.593200 
2.594000 
2.594500 
2.597600 
2.599100 
2.599600 
2.601300 
2.602800 
2.603500 
2.604200 
2.605300 
2.606700 
2.608700 
2.609100 
2.611200 
2.614900 
2.617500 
2.617600 
2.618600 
2.620900 
2.621100 
2.621400 
2.622000 
2.622800 
2.623600 
2.625500 
2.626400 
2.630600 
2.632800 
2.634700 
2.635700 
2.638900 
2.640400 
2.642000 
2.642400 
2.647500 
2.648100 
2.649800 
2.650100 
2.652900 
2.653600 
2.654800 
2.657700 
2.658100 
2.658200 
2.659600 
2.660700 
2.660900 
2.661500 
2.663300 
2.664700 
2.665100 
2.667600 
2.669300 
2.674200 
2.676400 
2.678100 
2.680500 
2.683100 
2.686900 
2.688700 
2.689800 
2.690000 
2.692100 
2.694500 
2.694600 
2.695800 
2.697200 
2.698200 
2.699100 
2.704700 
2.705200 
2.706100 
2.706600 
2.710900 
2.711400 
2.711600 
2.713700 
2.714600 
2.715600 
2.718400 
2.718600 
2.719300 
2.720200 
2.723500 
2.730500 
2.733700 
2.735700 
2.735900 
2.735900 
2.736400 
2.736400 
2.739600 
2.740300 
2.741800 
2.742400 
2.742500 
2.743900 
2.744400 
2.744600 
2.745200 
2.745300 
2.745500 
2.749200 
2.749900 
2.750000 
2.750400 
2.751400 
2.752200 
2.752600 
2.752600 
2.755800 
2.757300 
2.758000 
2.759900 
2.760000 
2.760700 
2.761400 
2.761900 
2.762800 
2.763600 
2.765600 
2.766600 
2.770700 
2.771600 
2.772300 
2.780600 
2.781900 
2.783700 
2.786100 
2.786700 
2.788300 
2.789400 
2.790500 
2.793100 
2.793300 
2.796700 
2.796800 
2.798600 
2.798600 
2.798600 
2.799100 
2.799500 
2.799800 
2.803700 
2.806700 
2.807600 
2.807600 
2.809300 
2.809600 
2.809700 
2.810300 
2.811300 
2.812400 
2.814600 
2.814800 
2.819300 
2.820400 
2.822700 
2.823200 
2.823400 
2.823500 
2.824100 
2.827000 
2.827700 
2.828500 
2.830500 
2.830500 
2.831300 
2.831300 
2.835000 
2.835200 
2.842900 
2.844700 
2.845100 
2.847900 
2.849900 
2.850200 
2.850400 
2.852300 
2.853200 
2.856400 
2.856400 
2.858900 
2.859900 
2.861200 
2.861200 
2.861800 
2.863400 
2.866500 
2.870500 
2.870500 
2.871000 
2.871900 
2.872400 
2.875000 
2.875400 
2.875800 
2.876000 
2.879600 
2.880200 
2.882800 
2.883800 
2.885100 
2.887400 
2.888200 
2.889400 
2.890400 
2.891400 
2.891600 
2.895300 
2.896600 
2.898400 
2.898900 
2.901400 
2.903800 
2.903900 
2.904400 
2.909400 
2.909400 
2.914800 
2.915100 
2.916200 
2.917000 
2.917500 
2.918800 
2.921100 
2.922500 
2.923900 
2.924700 
2.925000 
2.926000 
2.931100 
2.932500 
2.932600 
2.932700 
2.936000 
2.939300 
2.939500 
2.940400 
2.941500 
2.941600 
2.942900 
2.945700 
2.947200 
2.947800 
2.952400 
2.953600 
2.953900 
2.954300 
2.954300 
2.960200 
2.963500 
2.964600 
2.966000 
2.969100 
2.971100 
2.971900 
2.973300 
2.977100 
2.979100 
2.979200 
2.979700 
2.981900 
2.981900 
2.988000 
2.988400 
2.990000 
2.993000 
2.994100 
2.995700 
2.996200 
2.997800 
2.999000 
2.999200 
3.001200 
3.001300 
3.002200 
3.002800 
3.004800 
3.005300 
3.007800 
3.012600 
3.016400 
3.018000 
3.019400 
3.019500 
3.020900 
3.021500 
3.021900 
3.024300 
3.024700 
3.024800 
3.026000 
3.026900 
3.027200 
3.029300 
3.029800 
3.033000 
3.033500 
3.033700 
3.034600 
3.036900 
3.040000 
3.041300 
3.042400 
3.043000 
3.045400 
3.045400 
3.046900 
3.047800 
3.053200 
3.053300 
3.053400 
3.058000 
3.058600 
3.059800 
3.060400 
3.061200 
3.061800 
3.066000 
3.067300 
3.068500 
3.068900 
3.070600 
3.073000 
3.073200 
3.075500 
3.075800 
3.075800 
3.076000 
3.077100 
3.078100 
3.080000 
3.080100 
3.080300 
3.080700 
3.082500 
3.083600 
3.085800 
3.087500 
3.088300 
3.088500 
3.089400 
3.089400 
3.092000 
3.094100 
3.095500 
3.100100 
3.101600 
3.103500 
3.104000 
3.105600 
3.106000 
3.108500 
3.109600 
3.115100 
3.115200 
3.116000 
3.116900 
3.119600 
3.123800 
3.125000 
3.125900 
3.128900 
3.129300 
3.132500 
3.132600 
3.134300 
3.135200 
3.135900 
3.138000 
3.138600 
3.141600 
3.142400 
3.146000 
3.146500 
3.146800 
3.150000 
3.150300 
3.151200 
3.153700 
3.154200 
3.159600 
3.162300 
3.164200 
3.164700 
3.165300 
3.168200 
3.168400 
3.168700 
3.168900 
3.169500 
3.170200 
3.171800 
3.173800 
3.174000 
3.175700 
3.177100 
3.178600 
3.179300 
3.180000 
3.184400 
3.184800 
3.186700 
3.187300 
3.188900 
3.189500 
3.189600 
3.190700 
3.194100 
3.197200 
3.197800 
3.200500 
3.200800 
3.203400 
3.203800 
3.204600 
3.206200 
3.207000 
3.208100 
3.211200 
3.212800 
3.216800 
3.216900 
3.218700 
3.218900 
3.220500 
3.220600 
3.221000 
3.221900 
3.222200 
3.223600 
3.226400 
3.227300 
3.228100 
3.229000 
3.233200 
3.235200 
3.238600 
3.241800 
3.242500 
3.243400 
3.243500 
3.244600 
3.246400 
3.247400 
3.248600 
3.250500 
3.252300 
3.254400 
3.257000 
3.257600 
3.259100 
3.259700 
3.260000 
3.262600 
3.265500 
3.265600 
3.266700 
3.267600 
3.268200 
3.272000 
3.275500 
3.276100 
3.279000 
3.280000 
3.280200 
3.283600 
3.284400 
3.286600 
3.289600 
3.290000 
3.290700 
3.293000 
3.294500 
3.295400 
3.297700 
3.299900 
3.301500 
3.301800 
3.304600 
3.304600 
3.307300 
3.307600 
3.310900 
3.311300 
3.311600 
3.312800 
3.314800 
3.314900 
3.316400 
3.316700 
3.317300 
3.317400 
3.317800 
3.318100 
3.319900 
3.321100 
3.329600 
3.329600 
3.330400 
3.330900 
3.331300 
3.331900 
3.333000 
3.333700 
3.333900 
3.334000 
3.335700 
3.336200 
3.339900 
3.342200 
3.342400 
3.342700 
3.344300 
3.351000 
3.358700 
3.359400 
3.360900 
3.361500 
3.363000 
3.363700 
3.364100 
3.365100 
3.365900 
3.370300 
3.375000 
3.375900 
3.379400 
3.379800 
3.381300 
3.382700 
3.387500 
3.388000 
3.391800 
3.392600 
3.394500 
3.394600 
3.398100 
3.404000 
3.405900 
3.406600 
3.407200 
3.410100 
3.410300 
3.412300 
3.413300 
3.414200 
3.414500 
3.416100 
3.416400 
3.418900 
3.419100 
3.419400 
3.421100 
3.423300 
3.423500 
3.425200 
3.425600 
3.425700 
3.426500 
3.428300 
3.429000 
3.431000 
3.431600 
3.431700 
3.435100 
3.435100 
3.435500 
3.438200 
3.441000 
3.445200 
3.446000 
3.446400 
3.451400 
3.452800 
3.454200 
3.455600 
3.456800 
3.458100 
3.459500 
3.460200 
3.460700 
3.462800 
3.463100 
3.465200 
3.466200 
3.468100 
3.469200 
3.474600 
3.476700 
3.478300 
3.479300 
3.481100 
3.481300 
3.482300 
3.485300 
3.486300 
3.487900 
3.488300 
3.488500 
3.490500 
3.492800 
3.493500 
3.494200 
3.494300 
3.495700 
3.496200 
3.497000 
3.497300 
3.499700 
3.499900 
3.502000 
3.504100 
3.504200 
3.504500 
3.505600 
3.509900 
3.511500 
3.514200 
3.514400 
3.515600 
3.516300 
3.516300 
3.519000 
3.520800 
3.524600 
3.525500 
3.526400 
3.526700 
3.527000 
3.527700 
3.527900 
3.529800 
3.530600 
3.531600 
3.531700 
3.533400 
3.538900 
3.539200 
3.539800 
3.540500 
3.540600 
3.543200 
3.553000 
3.554700 
3.555600 
3.555700 
3.556300 
3.556600 
3.556600 
3.556800 
3.556900 
3.561000 
3.562800 
3.562900 
3.563400 
3.563800 
3.566500 
3.566800 
3.567400 
3.567700 
3.570100 
3.572400 
3.573200 
3.574200 
3.574900 
3.577900 
3.578100 
3.578400 
3.579600 
3.581800 
3.582200 
3.589600 
3.593800 
3.594200 
3.594800 
3.595800 
3.601800 
3.603500 
3.603700 
3.603900 
3.604700 
3.605100 
3.606300 
3.606500 
3.606600 
3.606600 
3.607200 
3.608500 
3.608500 
3.609000 
3.612500 
3.614800 
3.616200 
3.617100 
3.619500 
3.620500 
3.621500 
3.623700 
3.626000 
3.627700 
3.632000 
3.636100 
3.637700 
3.639100 
3.640000 
3.640200 
3.642500 
3.642700 
3.642800 
3.643700 
3.643900 
3.644200 
3.644300 
3.644700 
3.645200 
3.652100 
3.653700 
3.658100 
3.658700 
3.663200 
3.667600 
3.668800 
3.673100 
3.673300 
3.678200 
3.679800 
3.681200 
3.683200 
3.683300 
3.684200 
3.684600 
3.692100 
3.692700 
3.693500 
3.696700 
3.696900 
3.698200 
3.698800 
3.699400 
3.703100 
3.705400 
3.708500 
3.708600 
3.709400 
3.710100 
3.711400 
3.711700 
3.713500 
3.714700 
3.714800 
3.715200 
3.719200 
3.719700 
3.720000 
3.720400 
3.720800 
3.722900 
3.723700 
3.725400 
3.725900 
3.729700 
3.731700 
3.735000 
3.735300 
3.735400 
3.735600 
3.736200 
3.736900 
3.740900 
3.743000 
3.743400 
3.744200 
3.747500 
3.748000 
3.749200 
3.750300 
3.754300 
3.760100 
3.760900 
3.765900 
3.766600 
3.769400 
3.770300 
3.770300 
3.770700 
3.771400 
3.772000 
3.774200 
3.778100 
3.779600 
3.779700 
3.781400 
3.786900 
3.787500 
3.787900 
3.789300 
3.790200 
3.792400 
3.793300 
3.794600 
3.799500 
3.800000 
3.803200 
3.805000 
3.806400 
3.807900 
3.810700 
3.811200 
3.811800 
3.812300 
3.812500 
3.813200 
3.815300 
3.815900 
3.821400 
3.822100 
3.822700 
3.828000 
3.828500 
3.832500 
3.833000 
3.833300 
3.834600 
3.836200 
3.836600 
3.839100 
3.839200 
3.839700 
3.841500 
3.841800 
3.843500 
3.843600 
3.849100 
3.850600 
3.851400 
3.852300 
3.853700 
3.854300 
3.860500 
3.863100 
3.863700 
3.865200 
3.865900 
3.868600 
3.869000 
3.869500 
3.871900 
3.872100 
3.874900 
3.875300 
3.877000 
3.878000 
3.878400 
3.880300 
3.880400 
3.883000 
3.884100 
3.884700 
3.884700 
3.886700 
3.887100 
3.887400 
3.889800 
3.893400 
3.896200 
3.897500 
3.897900 
3.900400 
3.903100 
3.903400 
3.903400 
3.908600 
3.911300 
3.911300 
3.912200 
3.912500 
3.914300 
3.914300 
3.915300 
3.916100 
3.918300 
3.918600 
3.919300 
3.922100 
3.922700 
3.923300 
3.924300 
3.929000 
3.929400 
3.930200 
3.930200 
3.931000 
3.933700 
3.936200 
3.939100 
3.939600 
3.940900 
3.941200 
3.945700 
3.946100 
3.950000 
3.951800 
3.954500 
3.957700 
3.958200 
3.958700 
3.962700 
3.965700 
3.968500 
3.968500 
3.969800 
3.972900 
3.973500 
3.974600 
3.975300 
3.975900 
3.978900 
3.979100 
3.980200 
3.980400 
3.980500 
3.981400 
3.981900 
3.983400 
3.984000 
3.984100 
3.987900 
3.989700 
3.991500 
3.992900 
3.993500 
3.993600 
3.996100 
3.997000 
4.003700 
4.003900 
4.004100 
4.005600 
4.005600 
4.009300 
4.012500 
4.015400 
4.020700 
4.021100 
4.022000 
4.023300 
4.025400 
4.027500 
4.028400 
4.031600 
4.032700 
4.033400 
4.033500 
4.040500 
4.043200 
4.047200 
4.048000 
4.049900 
4.054500 
4.055600 
4.058400 
4.059600 
4.060500 
4.062200 
4.063600 
4.066000 
4.066300 
4.066800 
4.066900 
4.070000 
4.072800 
4.073000 
4.078600 
4.080000 
4.081600 
4.083200 
4.084100 
4.084300 
4.085400 
4.086700 
4.088800 
4.089100 
4.091000 
4.095700 
4.097500 
4.101800 
4.103000 
4.105600 
4.108300 
4.108800 
4.112900 
4.113900 
4.114300 
4.115100 
4.116400 
4.117300 
4.117900 
4.121000 
4.121300 
4.121400 
4.123200 
4.123300 
4.128600 
4.129800 
4.130500 
4.132800 
4.133400 
4.134500 
4.135300 
4.135600 
4.138900 
4.139800 
4.143400 
4.145800 
4.146900 
4.147500 
4.148100 
4.148600 
4.154000 
4.155200 
4.161700 
4.161800 
4.162300 
4.166800 
4.168300 
4.168900 
4.170700 
4.172900 
4.174700 
4.176200 
4.177200 
4.177400 
4.177500 
4.178300 
4.179100 
4.185200 
4.185600 
4.187800 
4.188500 
4.190900 
4.194000 
4.194900 
4.196600 
4.198300 
4.198300 
4.199100 
4.199700 
4.201000 
4.201400 
4.208400 
4.211300 
4.213000 
4.219800 
4.221800 
4.223000 
4.224000 
4.227000 
4.228100 
4.228900 
4.231300 
4.234200 
4.235300 
4.236400 
4.238100 
4.240000 
4.241600 
4.247300 
4.249400 
4.249900 
4.249900 
4.250200 
4.250500 
4.252800 
4.254400 
4.255100 
4.255400 
4.256500 
4.256800 
4.257700 
4.259700 
4.260000 
4.263900 
4.264700 
4.265300 
4.269700 
4.270000 
4.270900 
4.272500 
4.275100 
4.277400 
4.277600 
4.278300 
4.279800 
4.279800 
4.281600 
4.281700 
4.281800 
4.281900 
4.283600 
4.284200 
4.284900 
4.285900 
4.292800 
4.296000 
4.296500 
4.298400 
4.298700 
4.300100 
4.303900 
4.306400 
4.307300 
4.308100 
4.309400 
4.310500 
4.311100 
4.312300 
4.314900 
4.315200 
4.316300 
4.318300 
4.318800 
4.319100 
4.322500 
4.322600 
4.326200 
4.326300 
4.330100 
4.333400 
4.336200 
4.336400 
4.336700 
4.337900 
4.338200 
4.339200 
4.342700 
4.343800 
4.343900 
4.345200 
4.345500 
4.346600 
4.346800 
4.348700 
4.350500 
4.354000 
4.359100 
4.360000 
4.362400 
4.362700 
4.364200 
4.364700 
4.366200 
4.366400 
4.368600 
4.369200 
4.371700 
4.372300 
4.372500 
4.376000 
4.376900 
4.381000 
4.381600 
4.382300 
4.384800 
4.386700 
4.387100 
4.388800 
4.389900 
4.391800 
4.392400 
4.393500 
4.393500 
4.393700 
4.394300 
4.395300 
4.398400 
4.398500 
4.399300 
4.405700 
4.407200 
4.407500 
4.408900 
4.408900 
4.410800 
4.421200 
4.423200 
4.425300 
4.427800 
4.428000 
4.428400 
4.428500 
4.429000 
4.430600 
4.431600 
4.432300 
4.433800 
4.435900 
4.436800 
4.436900 
4.440600 
4.442800 
4.443700 
4.447200 
4.451500 
4.453000 
4.454200 
4.454700 
4.457800 
4.461900 
4.463400 
4.464900 
4.466100 
4.466800 
4.467200 
4.469200 
4.469800 
4.470600 
4.474100 
4.479300 
4.479300 
4.480700 
4.481000 
4.488800 
4.489200 
4.490500 
4.490500 
4.491700 
4.492400 
4.496700 
4.499800 
4.501800 
4.502500 
4.502700 
4.509300 
4.510600 
4.510700 
4.511200 
4.511500 
4.512300 
4.512400 
4.512500 
4.515200 
4.515700 
4.519500 
4.519600 
4.520000 
4.522100 
4.522600 
4.522700 
4.522700 
4.523200 
4.525800 
4.526200 
4.526500 
4.528600 
4.529200 
4.531600 
4.533400 
4.533800 
4.534300 
4.534400 
4.537400 
4.537800 
4.542000 
4.542200 
4.544300 
4.544400 
4.544700 
4.544900 
4.554200 
4.554400 
4.554600 
4.555100 
4.555500 
4.555900 
4.558300 
4.558300 
4.559300 
4.560500 
4.566300 
4.566900 
4.568200 
4.570600 
4.572800 
4.573800 
4.578100 
4.580600 
4.582100 
4.582600 
4.584000 
4.585200 
4.585200 
4.586700 
4.586800 
4.587400 
4.593700 
4.597000 
4.598000 
4.598700 
4.601700 
4.602300 
4.606200 
4.608300 
4.612200 
4.614800 
4.615700 
4.615700 
4.616800 
4.620900 
4.622500 
4.622900 
4.624300 
4.625900 
4.627600 
4.627800 
4.629900 
4.630200 
4.632600 
4.632700 
4.633600 
4.635600 
4.638900 
4.639600 
4.641900 
4.646600 
4.651100 
4.651800 
4.652300 
4.653000 
4.655500 
4.657700 
4.659900 
4.660400 
4.660700 
4.663100 
4.664700 
4.664900 
4.667300 
4.668800 
4.669500 
4.670100 
4.670400 
4.670800 
4.675000 
4.676700 
4.679300 
4.679800 
4.681200 
4.685300 
4.686000 
4.693700 
4.696700 
4.698700 
4.699100 
4.700300 
4.701900 
4.702700 
4.704200 
4.704700 
4.707300 
4.710400 
4.711100 
4.712100 
4.713500 
4.713800 
4.714100 
4.714200 
4.714900 
4.715500 
4.715600 
4.733100 
4.734300 
4.735700 
4.735800 
4.736600 
4.737800 
4.740700 
4.740900 
4.741900 
4.742600 
4.747200 
4.747400 
4.749200 
4.753400 
4.753700 
4.753700 
4.755200 
4.756700 
4.759000 
4.762000 
4.762800 
4.763100 
4.764700 
4.766000 
4.768900 
4.772200 
4.774600 
4.775100 
4.775600 
4.778900 
4.783100 
4.784100 
4.784500 
4.793400 
4.798800 
4.799900 
4.800200 
4.800300 
4.800700 
4.802100 
4.802900 
4.804400 
4.807400 
4.810900 
4.812300 
4.812900 
4.813400 
4.814700 
4.816900 
4.817400 
4.817600 
4.818200 
4.821300 
4.824000 
4.825000 
4.825700 
4.826700 
4.827400 
4.828400 
4.829200 
4.829400 
4.829500 
4.830700 
4.832200 
4.832600 
4.832800 
4.839100 
4.839800 
4.840900 
4.841700 
4.842400 
4.843900 
4.845800 
4.846100 
4.846100 
4.848100 
4.848200 
4.852600 
4.854300 
4.854400 
4.855000 
4.855900 
4.856900 
4.857200 
4.857500 
4.857700 
4.864900 
4.867300 
4.867800 
4.869000 
4.870600 
4.872600 
4.876300 
4.877500 
4.877700 
4.881500 
4.887700 
4.888200 
4.892100 
4.893800 
4.894900 
4.896500 
4.897200 
4.897400 
4.897800 
4.897800 
4.898500 
4.899800 
4.902300 
4.906000 
4.910800 
4.911900 
4.914300 
4.918400 
4.923700 
4.927400 
4.928400 
4.929400 
4.929800 
4.930700 
4.930700 
4.931400 
4.932300 
4.932700 
4.939900 
4.940200 
4.940400 
4.941800 
4.943400 
4.944400 
4.945000 
4.947800 
4.948800 
4.949500 
4.950900 
4.952600 
4.953300 
4.953700 
4.955300 
4.955900 
4.956800 
4.957500 
4.962200 
4.962200 
4.962300 
4.962800 
4.965200 
4.965400 
4.967400 
4.969200 
4.970300 
4.970700 
4.970800 
4.978900 
4.980100 
4.980800 
4.984200 
4.985100 
4.986300 
4.987100 
4.987100 
4.988000 
4.988300 
4.988500 
4.988800 
4.990300 
4.992700 
4.995700 
4.996300 
4.997000 
4.998100 
