0.012600 
0.017400 
0.018500 
0.020000 
0.020500 
0.021000 
0.023300 
0.027000 
0.027800 
0.028900 
0.029400 
0.040900 
0.042500 
0.043600 
0.044500 
0.045200 
0.047900 
0.052800 
0.053100 
0.056400 
0.058900 
0.059600 
0.062200 
0.068200 
0.070700 
0.071200 
0.074100 
0.087400 
0.088800 
0.092500 
0.093300 
0.098400 
0.099100 
0.101000 
0.101000 
0.102000 
0.102400 
0.103900 
0.106500 
0.107200 
0.107700 
0.108800 
0.112400 
0.114000 
0.114800 
0.114900 
0.115000 
0.116800 
0.118900 
0.122700 
0.127700 
0.128400 
0.131900 
0.132900 
0.133100 
0.139700 
0.142200 
0.142400 
0.147100 
0.147300 
0.149500 
0.150900 
0.151300 
0.154300 
0.155600 
0.158700 
0.158900 
0.160400 
0.164500 
0.167700 
0.169600 
0.171600 
0.172200 
0.174600 
0.175300 
0.178200 
0.182000 
0.182300 
0.186600 
0.186900 
0.186900 
0.187000 
0.188500 
0.189600 
0.190200 
0.190500 
0.192600 
0.194900 
0.196900 
0.199200 
0.199800 
0.203600 
0.204600 
0.205600 
0.206200 
0.208300 
0.209500 
0.210100 
0.210200 
0.211100 
0.213000 
0.214500 
0.215200 
0.217600 
0.218100 
0.218600 
0.220200 
0.222300 
0.223400 
0.224000 
0.227300 
0.227500 
0.230000 
0.234100 
0.236700 
0.241300 
0.243300 
0.244800 
0.247300 
0.248300 
0.248400 
0.251200 
0.253800 
0.254700 
0.257300 
0.259100 
0.260700 
0.262300 
0.263700 
0.264200 
0.267600 
0.267900 
0.269400 
0.269800 
0.270300 
0.272500 
0.276000 
0.278300 
0.280300 
0.280500 
0.281800 
0.282000 
0.282100 
0.283500 
0.290000 
0.291300 
0.296100 
0.296200 
0.296600 
0.297300 
0.298200 
0.298300 
0.298400 
0.298700 
0.298900 
0.304000 
0.305300 
0.305400 
0.306400 
0.306500 
0.306800 
0.307900 
0.307900 
0.311000 
0.315700 
0.316200 
0.318500 
0.318600 
0.318800 
0.319200 
0.320500 
0.324500 
0.325700 
0.326000 
0.327400 
0.328300 
0.328600 
0.329100 
0.330400 
0.334500 
0.335400 
0.335600 
0.340700 
0.341700 
0.342900 
0.343200 
0.344300 
0.345300 
0.346200 
0.346300 
0.346400 
0.349800 
0.350100 
0.350700 
0.351200 
0.353500 
0.353800 
0.353900 
0.353900 
0.357800 
0.357900 
0.357900 
0.358800 
0.359200 
0.359600 
0.360600 
0.361600 
0.364100 
0.366400 
0.367600 
0.369200 
0.370300 
0.372100 
0.374000 
0.374100 
0.374500 
0.374700 
0.375600 
0.375900 
0.376300 
0.376300 
0.377700 
0.380000 
0.381300 
0.382600 
0.382900 
0.387600 
0.391400 
0.392300 
0.392600 
0.393800 
0.394500 
0.394900 
0.395200 
0.395300 
0.395700 
0.396800 
0.398100 
0.399500 
0.399900 
0.400100 
0.400900 
0.401400 
0.401900 
0.403100 
0.404200 
0.406700 
0.409500 
0.410700 
0.412300 
0.413600 
0.415500 
0.416500 
0.421400 
0.422800 
0.423100 
0.423800 
0.427800 
0.428800 
0.430800 
0.431300 
0.431500 
0.431700 
0.432500 
0.433200 
0.434200 
0.436700 
0.437600 
0.437700 
0.437900 
0.438000 
0.438700 
0.440400 
0.441300 
0.445100 
0.445500 
0.446100 
0.447200 
0.451700 
0.451700 
0.455000 
0.455200 
0.455600 
0.456100 
0.457100 
0.457300 
0.458500 
0.460200 
0.462600 
0.463100 
0.463500 
0.464500 
0.464900 
0.466000 
0.466200 
0.467400 
0.467500 
0.468600 
0.468800 
0.469100 
0.470300 
0.472000 
0.473300 
0.474400 
0.475500 
0.476400 
0.476700 
0.477400 
0.481600 
0.483400 
0.484600 
0.485200 
0.486800 
0.487000 
0.488300 
0.488400 
0.489600 
0.491700 
0.493700 
0.494300 
0.495300 
0.496000 
0.496000 
0.496300 
0.496900 
0.500600 
0.500900 
0.500900 
0.501400 
0.502500 
0.504900 
0.507100 
0.507300 
0.508000 
0.510700 
0.512700 
0.513800 
0.514300 
0.514300 
0.520300 
0.521000 
0.527000 
0.528300 
0.528400 
0.529800 
0.532800 
0.533100 
0.534100 
0.535900 
0.536300 
0.537500 
0.540200 
0.541500 
0.542200 
0.543200 
0.543400 
0.543500 
0.553100 
0.554000 
0.554100 
0.555400 
0.558200 
0.559200 
0.559600 
0.562400 
0.562500 
0.564000 
0.564400 
0.564800 
0.565700 
0.567800 
0.569500 
0.571400 
0.572300 
0.574500 
0.575000 
0.575500 
0.575900 
0.579500 
0.579600 
0.581800 
0.582200 
0.587700 
0.589700 
0.593500 
0.598100 
0.598800 
0.599000 
0.602200 
0.603100 
0.603200 
0.603500 
0.606300 
0.610300 
0.612300 
0.612700 
0.612900 
0.618600 
0.619100 
0.619200 
0.620400 
0.620700 
0.621000 
0.623500 
0.624700 
0.626600 
0.627500 
0.628700 
0.629400 
0.633000 
0.634200 
0.635900 
0.636500 
0.636500 
0.637200 
0.638500 
0.640100 
0.640100 
0.641800 
0.642300 
0.642400 
0.643200 
0.643400 
0.644100 
0.648100 
0.648400 
0.649700 
0.650400 
0.650900 
0.651800 
0.652200 
0.654200 
0.657800 
0.660800 
0.661400 
0.662000 
0.662200 
0.665000 
0.666900 
0.667200 
0.669800 
0.670800 
0.671300 
0.672700 
0.672800 
0.673800 
0.674300 
0.676200 
0.679500 
0.684300 
0.685100 
0.686800 
0.696200 
0.696500 
0.696600 
0.696800 
0.700400 
0.703200 
0.707200 
0.707600 
0.707900 
0.710000 
0.713200 
0.715600 
0.716100 
0.718700 
0.722100 
0.722500 
0.723900 
0.723900 
0.725300 
0.726200 
0.730400 
0.731300 
0.732600 
0.734800 
0.735100 
0.735100 
0.736100 
0.737600 
0.737900 
0.738500 
0.740500 
0.741200 
0.742400 
0.746300 
0.749300 
0.749400 
0.750700 
0.752500 
0.753400 
0.757400 
0.757500 
0.757600 
0.758500 
0.758700 
0.760400 
0.761100 
0.761100 
0.765300 
0.766200 
0.769000 
0.773400 
0.774200 
0.775300 
0.778100 
0.779100 
0.782200 
0.784800 
0.787200 
0.787600 
0.788000 
0.791200 
0.791500 
0.791900 
0.793300 
0.794800 
0.795200 
0.795200 
0.795300 
0.797000 
0.798100 
0.798500 
0.799300 
0.802900 
0.803300 
0.803400 
0.806200 
0.806500 
0.807900 
0.808500 
0.810400 
0.811300 
0.811600 
0.812300 
0.813800 
0.814900 
0.816100 
0.819700 
0.823300 
0.825900 
0.826800 
0.828300 
0.830300 
0.830800 
0.836000 
0.836500 
0.836700 
0.837700 
0.840200 
0.840200 
0.840200 
0.841300 
0.843200 
0.846100 
0.849200 
0.850100 
0.850600 
0.851600 
0.852200 
0.852700 
0.853200 
0.854600 
0.855500 
0.856800 
0.858200 
0.858200 
0.859000 
0.859900 
0.860700 
0.864500 
0.865500 
0.865900 
0.866700 
0.871800 
0.872200 
0.874500 
0.875400 
0.875700 
0.876300 
0.877400 
0.878500 
0.879400 
0.879500 
0.881600 
0.882000 
0.884400 
0.884700 
0.885200 
0.888300 
0.891800 
0.891900 
0.892900 
0.896700 
0.897600 
0.897700 
0.898300 
0.898400 
0.899700 
0.902300 
0.903100 
0.903800 
0.906300 
0.906700 
0.907600 
0.907800 
0.914600 
0.914700 
0.916400 
0.917700 
0.918400 
0.918800 
0.920000 
0.920600 
0.925500 
0.925600 
0.933200 
0.939200 
0.939900 
0.940200 
0.942100 
0.942800 
0.949200 
0.952800 
0.953800 
0.957300 
0.957500 
0.959000 
0.960300 
0.964200 
0.964600 
0.972500 
0.974200 
0.976300 
0.977700 
0.981500 
0.981900 
0.981900 
0.985100 
0.986100 
0.986400 
0.986600 
0.988600 
0.990700 
0.990800 
0.992200 
0.994500 
0.996300 
0.997600 
0.999800 
1.002000 
1.002900 
1.003100 
1.004000 
1.004300 
1.004500 
1.005400 
1.007300 
1.009400 
1.011400 
1.011800 
1.014400 
1.015700 
1.016300 
1.017400 
1.017600 
1.023600 
1.026500 
1.027200 
1.029400 
1.031400 
1.034100 
1.034900 
1.035200 
1.035700 
1.037300 
1.038000 
1.039800 
1.044300 
1.045100 
1.046800 
1.050000 
1.051000 
1.052500 
1.053600 
1.054200 
1.061000 
1.061600 
1.063800 
1.067100 
1.068300 
1.072400 
1.072500 
1.073000 
1.075300 
1.076000 
1.077200 
1.084500 
1.084800 
1.085300 
1.087400 
1.089300 
1.089600 
1.092800 
1.093900 
1.094100 
1.096800 
1.098400 
1.098500 
1.098900 
1.106000 
1.107100 
1.107400 
1.110100 
1.112300 
1.112600 
1.112700 
1.119800 
1.119900 
1.123700 
1.124900 
1.126000 
1.127300 
1.127300 
1.127700 
1.128400 
1.131600 
1.132700 
1.134200 
1.136800 
1.137000 
1.137300 
1.139200 
1.139500 
1.142500 
1.142600 
1.144700 
1.145600 
1.150700 
1.151800 
1.152700 
1.153300 
1.153300 
1.154900 
1.159500 
1.166400 
1.167000 
1.168400 
1.168500 
1.168800 
1.169000 
1.170500 
1.174300 
1.174300 
1.180500 
1.182200 
1.184200 
1.185100 
1.186200 
1.187000 
1.189000 
1.189200 
1.191300 
1.193400 
1.193600 
1.195000 
1.195400 
1.195600 
1.198000 
1.199500 
1.202300 
1.203400 
1.206900 
1.209900 
1.210300 
1.210800 
1.211300 
1.211300 
1.213000 
1.218200 
1.220000 
1.220400 
1.220500 
1.224500 
1.224800 
1.225400 
1.230000 
1.231700 
1.232100 
1.238000 
1.243100 
1.243700 
1.244700 
1.246100 
1.247800 
1.247900 
1.248500 
1.251300 
1.253700 
1.254100 
1.254700 
1.256800 
1.261800 
1.262900 
1.263100 
1.265100 
1.265400 
1.265500 
1.265700 
1.268000 
1.268000 
1.269300 
1.270000 
1.271100 
1.274300 
1.274400 
1.275200 
1.276000 
1.276300 
1.276300 
1.276700 
1.278800 
1.284500 
1.284900 
1.285200 
1.287800 
1.288300 
1.288900 
1.290800 
1.291100 
1.291300 
1.291600 
1.293500 
1.295300 
1.295900 
1.296700 
1.298400 
1.299700 
1.300700 
1.301100 
1.302800 
1.302900 
1.306000 
1.308300 
1.309500 
1.311300 
1.311800 
1.312800 
1.313300 
1.314500 
1.316100 
1.316400 
1.320300 
1.324200 
1.324500 
1.324500 
1.325900 
1.326000 
1.329400 
1.330900 
1.331800 
1.333800 
1.334000 
1.336700 
1.338900 
1.342500 
1.344900 
1.346600 
1.347700 
1.349400 
1.349600 
1.349700 
1.349900 
1.351600 
1.351700 
1.352100 
1.352400 
1.354700 
1.354900 
1.355000 
1.355200 
1.356000 
1.356500 
1.361600 
1.363200 
1.363600 
1.364200 
1.365600 
1.365600 
1.368500 
1.368500 
1.368500 
1.368800 
1.372600 
1.376800 
1.378900 
1.379300 
1.382000 
1.383200 
1.383800 
1.385200 
1.390100 
1.392700 
1.392900 
1.397100 
1.397600 
1.400200 
1.400600 
1.402200 
1.406200 
1.408600 
1.409000 
1.409200 
1.410000 
1.410200 
1.410800 
1.411100 
1.411800 
1.412000 
1.418000 
1.418800 
1.420100 
1.421700 
1.421700 
1.421900 
1.422500 
1.422600 
1.424200 
1.425000 
1.427200 
1.429900 
1.430100 
1.430500 
1.440100 
1.442500 
1.444000 
1.444100 
1.446000 
1.446300 
1.447600 
1.448700 
1.448900 
1.449400 
1.450800 
1.451800 
1.452800 
1.453900 
1.456100 
1.456100 
1.456900 
1.461200 
1.462100 
1.462100 
1.465700 
1.466600 
1.468300 
1.468600 
1.469800 
1.472400 
1.473400 
1.473800 
1.475100 
1.476300 
1.477200 
1.478000 
1.480000 
1.481900 
1.482800 
1.483800 
1.484500 
1.484600 
1.486800 
1.487500 
1.488800 
1.489800 
1.490500 
1.491100 
1.494100 
1.494600 
1.498100 
1.498200 
1.499000 
1.501400 
1.506500 
1.506600 
1.507200 
1.508400 
1.509100 
1.509300 
1.509900 
1.510900 
1.514900 
1.515700 
1.516000 
1.517400 
1.519500 
1.521200 
1.521400 
1.523800 
1.525300 
1.527800 
1.528400 
1.529400 
1.529600 
1.529700 
1.534300 
1.534700 
1.535000 
1.535900 
1.540600 
1.541800 
1.545200 
1.547400 
1.547900 
1.550700 
1.551500 
1.551800 
1.553300 
1.554700 
1.555100 
1.556700 
1.559300 
1.560400 
1.561100 
1.561800 
1.562800 
1.563000 
1.563400 
1.567900 
1.569200 
1.571200 
1.572700 
1.574100 
1.575100 
1.575400 
1.579200 
1.579600 
1.579900 
1.581400 
1.581900 
1.584000 
1.584600 
1.584800 
1.585000 
1.585600 
1.588300 
1.589100 
1.591000 
1.591100 
1.592800 
1.593500 
1.593600 
1.595300 
1.595500 
1.599000 
1.604000 
1.604300 
1.604400 
1.609800 
1.611900 
1.612700 
1.615500 
1.616700 
1.616700 
1.618500 
1.619300 
1.620900 
1.621200 
1.622800 
1.626500 
1.629100 
1.631500 
1.632400 
1.634100 
1.635000 
1.637400 
1.637400 
1.637700 
1.637800 
1.638400 
1.639800 
1.642100 
1.644300 
1.644800 
1.645300 
1.647300 
1.648200 
1.648300 
1.648400 
1.648500 
1.651100 
1.654800 
1.655600 
1.655600 
1.657000 
1.657200 
1.659100 
1.659500 
1.660300 
1.664400 
1.664500 
1.664600 
1.667500 
1.668300 
1.668300 
1.671000 
1.672400 
1.673300 
1.674200 
1.674200 
1.674800 
1.676600 
1.677100 
1.681200 
1.683100 
1.683300 
1.683500 
1.684600 
1.684900 
1.685500 
1.685900 
1.686400 
1.686700 
1.687800 
1.688800 
1.689900 
1.692400 
1.693400 
1.694100 
1.694500 
1.697000 
1.697600 
1.700300 
1.702500 
1.702600 
1.702700 
1.703000 
1.703400 
1.704000 
1.704300 
1.712400 
1.713400 
1.713400 
1.713900 
1.715600 
1.715900 
1.716500 
1.716800 
1.717800 
1.718900 
1.721700 
1.721800 
1.722700 
1.725100 
1.725400 
1.726500 
1.728000 
1.728100 
1.728400 
1.729200 
1.731700 
1.732100 
1.734400 
1.734700 
1.737000 
1.737300 
1.737800 
1.738700 
1.745100 
1.747900 
1.748800 
1.749700 
1.753700 
1.753900 
1.754100 
1.756200 
1.757900 
1.758500 
1.758600 
1.759700 
1.759800 
1.760400 
1.760500 
1.762000 
1.764300 
1.764400 
1.766800 
1.768000 
1.770100 
1.773500 
1.774000 
1.774400 
1.776200 
1.777700 
1.778200 
1.779100 
1.780300 
1.780600 
1.781800 
1.783100 
1.786700 
1.789200 
1.789900 
1.791300 
1.791300 
1.793200 
1.794500 
1.795500 
1.795700 
1.795700 
1.795800 
1.798900 
1.798900 
1.804600 
1.805000 
1.805700 
1.806100 
1.807500 
1.807900 
1.813100 
1.813200 
1.813700 
1.815300 
1.816500 
1.817400 
1.820100 
1.825900 
1.827700 
1.830500 
1.830700 
1.831100 
1.833100 
1.834300 
1.835500 
1.835900 
1.837200 
1.837400 
1.840100 
1.841400 
1.842600 
1.844300 
1.844700 
1.844800 
1.845700 
1.845800 
1.848500 
1.849700 
1.852700 
1.853300 
1.853500 
1.856300 
1.858400 
1.860400 
1.860800 
1.861500 
1.862400 
1.862700 
1.867100 
1.868700 
1.872400 
1.874200 
1.879400 
1.880300 
1.887700 
1.889000 
1.889700 
1.890900 
1.891100 
1.891400 
1.891500 
1.892800 
1.893500 
1.894500 
1.896100 
1.897800 
1.900100 
1.901000 
1.901200 
1.902400 
1.903400 
1.904000 
1.907000 
1.908500 
1.909600 
1.913000 
1.915400 
1.915600 
1.915800 
1.917000 
1.917600 
1.918300 
1.920600 
1.920900 
1.921400 
1.922300 
1.924400 
1.925800 
1.925800 
1.927300 
1.927300 
1.928400 
1.931500 
1.933600 
1.933900 
1.934300 
1.937300 
1.937800 
1.939600 
1.939900 
1.940100 
1.941600 
1.943600 
1.943900 
1.946700 
1.946800 
1.951200 
1.952500 
1.952600 
1.954300 
1.954600 
1.955200 
1.955900 
1.956600 
1.957200 
1.960900 
1.961000 
1.964900 
1.965300 
1.965700 
1.968800 
1.969700 
1.971200 
1.972500 
1.973500 
1.974200 
1.976900 
1.982600 
1.983600 
1.984400 
1.985600 
1.985700 
1.986700 
1.987500 
1.987500 
1.987700 
1.989000 
1.993400 
1.993600 
1.993700 
1.995800 
1.997900 
1.998400 
2.000400 
2.002900 
2.003900 
2.003900 
2.004500 
2.006200 
2.008800 
2.010100 
2.011300 
2.012400 
2.024200 
2.025100 
2.025100 
2.025700 
2.026200 
2.027100 
2.027100 
2.027400 
2.027800 
2.032500 
2.033600 
2.034400 
2.035100 
2.035900 
2.036200 
2.036900 
2.040900 
2.043100 
2.043200 
2.045700 
2.052500 
2.053700 
2.054300 
2.057000 
2.059600 
2.060000 
2.063500 
2.064200 
2.065400 
2.065500 
2.068300 
2.069300 
2.074100 
2.074900 
2.076700 
2.077100 
2.077500 
2.078400 
2.078700 
2.079800 
2.080000 
2.081700 
2.082000 
2.082100 
2.082500 
2.082700 
2.085600 
2.086400 
2.086800 
2.089400 
2.090000 
2.090200 
2.090400 
2.092800 
2.094400 
2.094700 
2.095100 
2.095600 
2.096100 
2.096700 
2.097900 
2.098000 
2.099200 
2.101400 
2.101800 
2.103300 
2.104200 
2.104200 
2.108600 
2.113000 
2.114300 
2.114500 
2.116700 
2.118000 
2.118000 
2.118600 
2.122200 
2.123300 
2.125300 
2.125600 
2.126000 
2.126600 
2.126900 
2.131300 
2.131500 
2.132000 
2.134800 
2.135900 
2.136700 
2.137400 
2.138500 
2.138800 
2.139900 
2.140600 
2.141500 
2.142100 
2.143800 
2.145800 
2.146300 
2.149600 
2.151500 
2.153000 
2.155200 
2.158000 
2.160000 
2.161700 
2.162300 
2.163200 
2.168100 
2.168200 
2.169000 
2.169200 
2.170000 
2.172400 
2.173400 
2.174200 
2.174400 
2.175300 
2.181200 
2.186500 
2.190300 
2.192200 
2.195000 
2.195600 
2.196900 
2.197600 
2.198000 
2.198300 
2.203300 
2.203400 
2.204800 
2.205200 
2.206400 
2.210600 
2.211300 
2.211700 
2.212600 
2.212900 
2.216000 
2.224900 
2.227000 
2.228900 
2.229100 
2.229700 
2.233300 
2.237200 
2.238800 
2.239400 
2.240600 
2.242100 
2.242600 
2.245500 
2.249500 
2.250800 
2.252600 
2.253800 
2.256000 
2.257300 
2.258000 
2.259100 
2.259900 
2.266600 
2.267000 
2.267800 
2.268400 
2.269200 
2.271300 
2.274900 
2.275800 
2.276400 
2.281300 
2.282100 
2.282500 
2.282800 
2.282900 
2.284100 
2.285500 
2.287000 
2.287500 
2.289300 
2.290200 
2.293400 
2.294400 
2.296300 
2.298000 
2.300000 
2.301400 
2.305600 
2.305900 
2.306500 
2.307100 
2.308700 
2.309300 
2.310200 
2.312800 
2.315600 
2.316100 
2.316600 
2.318200 
2.321300 
2.326600 
2.326700 
2.330700 
2.333800 
2.337400 
2.337500 
2.338800 
2.339000 
2.341400 
2.345200 
2.345600 
2.346600 
2.346900 
2.346900 
2.347400 
2.348700 
2.349200 
2.351300 
2.352700 
2.355100 
2.355900 
2.359100 
2.362300 
2.363700 
2.364500 
2.365800 
2.366700 
2.369800 
2.370000 
2.370700 
2.371300 
2.371800 
2.373700 
2.374100 
2.376600 
2.377900 
2.380100 
2.381700 
2.382000 
2.382700 
2.383500 
2.385500 
2.389700 
2.390300 
2.391000 
2.391600 
2.392800 
2.394300 
2.394400 
2.396100 
2.399200 
2.401100 
2.402400 
2.406700 
2.406900 
2.410200 
2.413000 
2.413800 
2.414900 
2.415200 
2.420700 
2.422500 
2.423400 
2.423800 
2.423800 
2.426100 
2.426200 
2.427500 
2.427800 
2.429200 
2.429300 
2.429900 
2.430700 
2.432600 
2.433600 
2.433700 
2.435400 
2.436300 
2.436600 
2.437200 
2.438100 
2.439700 
2.441200 
2.443400 
2.443400 
2.443900 
2.444300 
2.445700 
2.447800 
2.449000 
2.450000 
2.450100 
2.450700 
2.457700 
2.458300 
2.459600 
2.460200 
2.462400 
2.464700 
2.465400 
2.468700 
2.468900 
2.470400 
2.471000 
2.471700 
2.472800 
2.476500 
2.478700 
2.479700 
2.485300 
2.486400 
2.486600 
2.487900 
2.492700 
2.493700 
2.495500 
2.496300 
2.497900 
2.500400 
2.500500 
2.502800 
2.505600 
2.505600 
2.505600 
2.507000 
2.507300 
2.507900 
2.507900 
2.508100 
2.512800 
2.513500 
2.514100 
2.514200 
2.514400 
2.514600 
2.514700 
2.515500 
2.516700 
2.517600 
2.518200 
2.522200 
2.523800 
2.524100 
2.526100 
2.526800 
2.526900 
2.528300 
2.529200 
2.532000 
2.532900 
2.537000 
2.537700 
2.538100 
2.540400 
2.541600 
2.542100 
2.542300 
2.544100 
2.548200 
2.549600 
2.549600 
2.550300 
2.552300 
2.552400 
2.552800 
2.554600 
2.555000 
2.562200 
2.564100 
2.564200 
2.566100 
2.567000 
2.567700 
2.567800 
2.570200 
2.570300 
2.575800 
2.578700 
2.580800 
2.581100 
2.582400 
2.584800 
2.586000 
2.587200 
2.587200 
2.587400 
2.591000 
2.592700 
2.596900 
2.599900 
2.602800 
2.602900 
2.603500 
2.606500 
2.606700 
2.607400 
2.607800 
2.608600 
2.612100 
2.612500 
2.618100 
2.618200 
2.618700 
2.621100 
2.621400 
2.622200 
2.622300 
2.625500 
2.625900 
2.626600 
2.629900 
2.630700 
2.633200 
2.634000 
2.634600 
2.635000 
2.636800 
2.636900 
2.638000 
2.638500 
2.640100 
2.640500 
2.644200 
2.645200 
2.649300 
2.650200 
2.653300 
2.655100 
2.659400 
2.662300 
2.662600 
2.663300 
2.663800 
2.666300 
2.668400 
2.670000 
2.671200 
2.674100 
2.674200 
2.674500 
2.676300 
2.677000 
2.677300 
2.677800 
2.680100 
2.681200 
2.681400 
2.681600 
2.683400 
2.687500 
2.691100 
2.691300 
2.692500 
2.694300 
2.695400 
2.695900 
2.696200 
2.698400 
2.699400 
2.700100 
2.708200 
2.712300 
2.713400 
2.713900 
2.717000 
2.719100 
2.719300 
2.720300 
2.721300 
2.721400 
2.726500 
2.726800 
2.727100 
2.728700 
2.731300 
2.734700 
2.737700 
2.739400 
2.740000 
2.741800 
2.742300 
2.743400 
2.743500 
2.744800 
2.748300 
2.749500 
2.753400 
2.757700 
2.758200 
2.759100 
2.760100 
2.761400 
2.764000 
2.767300 
2.768200 
2.769400 
2.772600 
2.774800 
2.779800 
2.780000 
2.781700 
2.782200 
2.783600 
2.784300 
2.785100 
2.788100 
2.788200 
2.789100 
2.789300 
2.790400 
2.790400 
2.791200 
2.795300 
2.795400 
2.795800 
2.796700 
2.796900 
2.798000 
2.799000 
2.800700 
2.804000 
2.806900 
2.807800 
2.807900 
2.809400 
2.811300 
2.811300 
2.813600 
2.820300 
2.820400 
2.821300 
2.823300 
2.824300 
2.824500 
2.826200 
2.826500 
2.828000 
2.828000 
2.830700 
2.832200 
2.832800 
2.834300 
2.834400 
2.834400 
2.836600 
2.837100 
2.837700 
2.842700 
2.846900 
2.847200 
2.849400 
2.850300 
2.850600 
2.851200 
2.851800 
2.853100 
2.853200 
2.856800 
2.860900 
2.862700 
2.864100 
2.864200 
2.865000 
2.865600 
2.866500 
2.869800 
2.870100 
2.870200 
2.870800 
2.871200 
2.872100 
2.873300 
2.873600 
2.874200 
2.876100 
2.879800 
2.881300 
2.887400 
2.887600 
2.889100 
2.892400 
2.892400 
2.894400 
2.896700 
2.898200 
2.898500 
2.898900 
2.899000 
2.901500 
2.902300 
2.903700 
2.905000 
2.905800 
2.905900 
2.906800 
2.907900 
2.908200 
2.908300 
2.908700 
2.909200 
2.911900 
2.912700 
2.913300 
2.914500 
2.916500 
2.917500 
2.917900 
2.920100 
2.921700 
2.922400 
2.924700 
2.925400 
2.926400 
2.926900 
2.927800 
2.928900 
2.929300 
2.930000 
2.931000 
2.937600 
2.939300 
2.948100 
2.949800 
2.951000 
2.951700 
2.952900 
2.953200 
2.954700 
2.955800 
2.956200 
2.957200 
2.957500 
2.958200 
2.961000 
2.962200 
2.962900 
2.962900 
2.963000 
2.964300 
2.964700 
2.964900 
2.966700 
2.969400 
2.970100 
2.970400 
2.971600 
2.973300 
2.974900 
2.975000 
2.976700 
2.977000 
2.977000 
2.977700 
2.979500 
2.980400 
2.982100 
2.982400 
2.982800 
2.983000 
2.987400 
2.987700 
2.989400 
2.990400 
2.991700 
2.992000 
2.994700 
2.995500 
2.998300 
3.003000 
3.003100 
3.005300 
3.006000 
3.006100 
3.007600 
3.008400 
3.015400 
3.016100 
3.019400 
3.019500 
3.019700 
3.020200 
3.023000 
3.025900 
3.028000 
3.028800 
3.033600 
3.034100 
3.035000 
3.035400 
3.037200 
3.037900 
3.038800 
3.039000 
3.039300 
3.039500 
3.042600 
3.042600 
3.043100 
3.050400 
3.050600 
3.050600 
3.056700 
3.058000 
3.060800 
3.060900 
3.065100 
3.068900 
3.071000 
3.071900 
3.074400 
3.075600 
3.081600 
3.082200 
3.082500 
3.082600 
3.085400 
3.085500 
3.085800 
3.087300 
3.088100 
3.090600 
3.090900 
3.091200 
3.091800 
3.097300 
3.099400 
3.102900 
3.104600 
3.105200 
3.107400 
3.108300 
3.108800 
3.108800 
3.109700 
3.114800 
3.118700 
3.118900 
3.122700 
3.124000 
3.125000 
3.126300 
3.128400 
3.128400 
3.130100 
3.131300 
3.131400 
3.131500 
3.132500 
3.133700 
3.133700 
3.134000 
3.136000 
3.137000 
3.138800 
3.138900 
3.139900 
3.140600 
3.142600 
3.144000 
3.144300 
3.145300 
3.145700 
3.150700 
3.150800 
3.152800 
3.153100 
3.153200 
3.154400 
3.155100 
3.156700 
3.161900 
3.163700 
3.164300 
3.164800 
3.167900 
3.168800 
3.171200 
3.171900 
3.173400 
3.174500 
3.175800 
3.177000 
3.177100 
3.177200 
3.178000 
3.180200 
3.180700 
3.182100 
3.183700 
3.184600 
3.190500 
3.196000 
3.196000 
3.199600 
3.201000 
3.203000 
3.205300 
3.206800 
3.207100 
3.208100 
3.208700 
3.209500 
3.210300 
3.213000 
3.216900 
3.220300 
3.221100 
3.221700 
3.224800 
3.224900 
3.226800 
3.227600 
3.228500 
3.229300 
3.231900 
3.233200 
3.234600 
3.236300 
3.238000 
3.241200 
3.242700 
3.244500 
3.244500 
3.244900 
3.245700 
3.247300 
3.249800 
3.252000 
3.252600 
3.252800 
3.254000 
3.254100 
3.254300 
3.258100 
3.260000 
3.260300 
3.260700 
3.261000 
3.267000 
3.269400 
3.270700 
3.275200 
3.276300 
3.277700 
3.278400 
3.278600 
3.279100 
3.280800 
3.281800 
3.281800 
3.282000 
3.284800 
3.286300 
3.286500 
3.287200 
3.290100 
3.290700 
3.292600 
3.295200 
3.296900 
3.297000 
3.297200 
3.297700 
3.299000 
3.299400 
3.299700 
3.302800 
3.304700 
3.305800 
3.306800 
3.307200 
3.307900 
3.308400 
3.310300 
3.313800 
3.315500 
3.315700 
3.317200 
3.319000 
3.319900 
3.321500 
3.323100 
3.323800 
3.323800 
3.324700 
3.326000 
3.326400 
3.327800 
3.332600 
3.332800 
3.333500 
3.337900 
3.339500 
3.339600 
3.339900 
3.340300 
3.341500 
3.343400 
3.345300 
3.347400 
3.348100 
3.349800 
3.351000 
3.352600 
3.352600 
3.353500 
3.353800 
3.354200 
3.354800 
3.357200 
3.357800 
3.360200 
3.363600 
3.363600 
3.366000 
3.367700 
3.368800 
3.370000 
3.374800 
3.375900 
3.376300 
3.378900 
3.379100 
3.379100 
3.381800 
3.382200 
3.382700 
3.382800 
3.383300 
3.383800 
3.384600 
3.384700 
3.386500 
3.388200 
3.388400 
3.388700 
3.391800 
3.393900 
3.395800 
3.397500 
3.397800 
3.399000 
3.400200 
3.401200 
3.402400 
3.403100 
3.403500 
3.404300 
3.404600 
3.404800 
3.405100 
3.406900 
3.411200 
3.414200 
3.415900 
3.419400 
3.421100 
3.422100 
3.423800 
3.425100 
3.429100 
3.429400 
3.429700 
3.430000 
3.430100 
3.430700 
3.430800 
3.434100 
3.434400 
3.437400 
3.437400 
3.440200 
3.440500 
3.441900 
3.442700 
3.443300 
3.444400 
3.444800 
3.446200 
3.447300 
3.450100 
3.454700 
3.455600 
3.455700 
3.460500 
3.464600 
3.465000 
3.466000 
3.466900 
3.469300 
3.472400 
3.472700 
3.478000 
3.480800 
3.484500 
3.484600 
3.490200 
3.491800 
3.494700 
3.495000 
3.497400 
3.498300 
3.499400 
3.501700 
3.502100 
3.503700 
3.503900 
3.505700 
3.506100 
3.509500 
3.510400 
3.511100 
3.513700 
3.516300 
3.516300 
3.520300 
3.522600 
3.524600 
3.526700 
3.527200 
3.528700 
3.531500 
3.537000 
3.537000 
3.538500 
3.540600 
3.543100 
3.543100 
3.544800 
3.545000 
3.545600 
3.545900 
3.546800 
3.548900 
3.549300 
3.551700 
3.554200 
3.555500 
3.556700 
3.558800 
3.558800 
3.560600 
3.561200 
3.562600 
3.565200 
3.566700 
3.570100 
3.570500 
3.572300 
3.573000 
3.573200 
3.574100 
3.575900 
3.575900 
3.578400 
3.579700 
3.583300 
3.583400 
3.583800 
3.586100 
3.590900 
3.591600 
3.593500 
3.593900 
3.594400 
3.595800 
3.596100 
3.599500 
3.599800 
3.600500 
3.600600 
3.602600 
3.602900 
3.605000 
3.606600 
3.607000 
3.610100 
3.610700 
3.611100 
3.611200 
3.611400 
3.611500 
3.617800 
3.618700 
3.619600 
3.621800 
3.625100 
3.630300 
3.631700 
3.632700 
3.633300 
3.634800 
3.635500 
3.640300 
3.641700 
3.642000 
3.642300 
3.642600 
3.643400 
3.648200 
3.650400 
3.651500 
3.655900 
3.656300 
3.656400 
3.657200 
3.657800 
3.658600 
3.660400 
3.661600 
3.662800 
3.663200 
3.663400 
3.663800 
3.665400 
3.666500 
3.667000 
3.668700 
3.675100 
3.676500 
3.679800 
3.681100 
3.681600 
3.683200 
3.684100 
3.684500 
3.686900 
3.687200 
3.689300 
3.693800 
3.694400 
3.694500 
3.696200 
3.698400 
3.698600 
3.700200 
3.702000 
3.703500 
3.704200 
3.705100 
3.708600 
3.709100 
3.713700 
3.714100 
3.717500 
3.719000 
3.719900 
3.721000 
3.722200 
3.722600 
3.722600 
3.724000 
3.724700 
3.725100 
3.725200 
3.726700 
3.727800 
3.732700 
3.733300 
3.734500 
3.736100 
3.737700 
3.738800 
3.741200 
3.742200 
3.742300 
3.742500 
3.742800 
3.742800 
3.743500 
3.745100 
3.746700 
3.747600 
3.748000 
3.748500 
3.748700 
3.749500 
3.751500 
3.752200 
3.752500 
3.756100 
3.759600 
3.760200 
3.762100 
3.765000 
3.765300 
3.766300 
3.766700 
3.766800 
3.774500 
3.778500 
3.778700 
3.779000 
3.779200 
3.779300 
3.784000 
3.784800 
3.785400 
3.786800 
3.788000 
3.791100 
3.792100 
3.792800 
3.797500 
3.798100 
3.802100 
3.804700 
3.804800 
3.808700 
3.808800 
3.810300 
3.811000 
3.811600 
3.812800 
3.813500 
3.815900 
3.818700 
3.821200 
3.822600 
3.823500 
3.824700 
3.827700 
3.828200 
3.829000 
3.829500 
3.832700 
3.833500 
3.835300 
3.835700 
3.837500 
3.837800 
3.844100 
3.845400 
3.847700 
3.848300 
3.849500 
3.849800 
3.851100 
3.851200 
3.852000 
3.854200 
3.856000 
3.856400 
3.858500 
3.860000 
3.860000 
3.862100 
3.862500 
3.865500 
3.867000 
3.872600 
3.873800 
3.876800 
3.881200 
3.881300 
3.883400 
3.884300 
3.884300 
3.886700 
3.890400 
3.890500 
3.890800 
3.892000 
3.892800 
3.894400 
3.895400 
3.900800 
3.901600 
3.902000 
3.903100 
3.903400 
3.908800 
3.911000 
3.911400 
3.912200 
3.913600 
3.916200 
3.921100 
3.921100 
3.921600 
3.921600 
3.923600 
3.924000 
3.925300 
3.926200 
3.934200 
3.934200 
3.934800 
3.934900 
3.936500 
3.939600 
3.942500 
3.946100 
3.949400 
3.950500 
3.951700 
3.953800 
3.954700 
3.959100 
3.960100 
3.960800 
3.961700 
3.969200 
3.969300 
3.970400 
3.971000 
3.971200 
3.972500 
3.972900 
3.973100 
3.974000 
3.977300 
3.979100 
3.981900 
3.986600 
3.987100 
3.987400 
3.989800 
3.990500 
3.990600 
3.990700 
3.992100 
3.994600 
3.996200 
3.996300 
3.996400 
3.996900 
3.998900 
4.001400 
4.003200 
4.003800 
4.009300 
4.010800 
4.014500 
4.015400 
4.017500 
4.017800 
4.018500 
4.021100 
4.021900 
4.021900 
4.022600 
4.023800 
4.027200 
4.027900 
4.029000 
4.031100 
4.033700 
4.035900 
4.036300 
4.037300 
4.037500 
4.038100 
4.038500 
4.043700 
4.045300 
4.045400 
4.045600 
4.047600 
4.048300 
4.048600 
4.058500 
4.060400 
4.060400 
4.060700 
4.063700 
4.065200 
4.066900 
4.067900 
4.068400 
4.068600 
4.076900 
4.077700 
4.080200 
4.081200 
4.082300 
4.083000 
4.083600 
4.083700 
4.085600 
4.086300 
4.089600 
4.089900 
4.090400 
4.091200 
4.091500 
4.093600 
4.094700 
4.096200 
4.096600 
4.096900 
4.097600 
4.097800 
4.099700 
4.100500 
4.100700 
4.101000 
4.101800 
4.102400 
4.104200 
4.104500 
4.105800 
4.107900 
4.109500 
4.110000 
4.113100 
4.114500 
4.115400 
4.116800 
4.118200 
4.119200 
4.120500 
4.121100 
4.122200 
4.123500 
4.125500 
4.127300 
4.127600 
4.130000 
4.130300 
4.131000 
4.131200 
4.135000 
4.137000 
4.137200 
4.139000 
4.139500 
4.139700 
4.139800 
4.139800 
4.140200 
4.140500 
4.140900 
4.142300 
4.142400 
4.143100 
4.144500 
4.145700 
4.146500 
4.146700 
4.147000 
4.148900 
4.150800 
4.151700 
4.156300 
4.158100 
4.160100 
4.160100 
4.163500 
4.164100 
4.164700 
4.168800 
4.173900 
4.177700 
4.178700 
4.178900 
4.179300 
4.180500 
4.180600 
4.181400 
4.182800 
4.184000 
4.184500 
4.184700 
4.185600 
4.186400 
4.186400 
4.191600 
4.195400 
4.196600 
4.197100 
4.198400 
4.198700 
4.199000 
4.201100 
4.201600 
4.210400 
4.211000 
4.213000 
4.214900 
4.217500 
4.218000 
4.219800 
4.219900 
4.220100 
4.220500 
4.222000 
4.223700 
4.225000 
4.226900 
4.227900 
4.230100 
4.230200 
4.230200 
4.234100 
4.234900 
4.238000 
4.239900 
4.240400 
4.241100 
4.241300 
4.241400 
4.241900 
4.242300 
4.242600 
4.243200 
4.243300 
4.243700 
4.243800 
4.245200 
4.247000 
4.247100 
4.250400 
4.251700 
4.252600 
4.252800 
4.253500 
4.254300 
4.255300 
4.257100 
4.258400 
4.258400 
4.259200 
4.259400 
4.261300 
4.263500 
4.264900 
4.266100 
4.267800 
4.270900 
4.272400 
4.272600 
4.277300 
4.278400 
4.280300 
4.280400 
4.281300 
4.283800 
4.289500 
4.289700 
4.289800 
4.291600 
4.293000 
4.293900 
4.297600 
4.302400 
4.303000 
4.304900 
4.305300 
4.305700 
4.309300 
4.310600 
4.310700 
4.310800 
4.311100 
4.311100 
4.311800 
4.311800 
4.313700 
4.314200 
4.317600 
4.320600 
4.321200 
4.321700 
4.322800 
4.323300 
4.324300 
4.325700 
4.326200 
4.326200 
4.327200 
4.328200 
4.329600 
4.331600 
4.333200 
4.335600 
4.340200 
4.342000 
4.345000 
4.346500 
4.350100 
4.351500 
4.354000 
4.354800 
4.355700 
4.356300 
4.356400 
4.358100 
4.358700 
4.358900 
4.363000 
4.363100 
4.364300 
4.364600 
4.365500 
4.367300 
4.368100 
4.368400 
4.371200 
4.376100 
4.379100 
4.380700 
4.382800 
4.383600 
4.384100 
4.384100 
4.385000 
4.386200 
4.388300 
4.389200 
4.390900 
4.397700 
4.398400 
4.402000 
4.402100 
4.402700 
4.403400 
4.403800 
4.405600 
4.408100 
4.408200 
4.409400 
4.411200 
4.411700 
4.413000 
4.414200 
4.416100 
4.416200 
4.420200 
4.420600 
4.423000 
4.423800 
4.425500 
4.425600 
4.430100 
4.430200 
4.435400 
4.435400 
4.435500 
4.436700 
4.439200 
4.440900 
4.442200 
4.442700 
4.443900 
4.446500 
4.446500 
4.448500 
4.449600 
4.450000 
4.451200 
4.458700 
4.459500 
4.463500 
4.463900 
4.464300 
4.466100 
4.469100 
4.469200 
4.473800 
4.479200 
4.482900 
4.483400 
4.483500 
4.484900 
4.485400 
4.488000 
4.488000 
4.490800 
4.491400 
4.496300 
4.496300 
4.497500 
4.499400 
4.504400 
4.506200 
4.506500 
4.507300 
4.507700 
4.511100 
4.516600 
4.518300 
4.518500 
4.525600 
4.531300 
4.532600 
4.533800 
4.534400 
4.534600 
4.536000 
4.536200 
4.536300 
4.536900 
4.538000 
4.539100 
4.540300 
4.540300 
4.540800 
4.541200 
4.547400 
4.548600 
4.552000 
4.552900 
4.553400 
4.553700 
4.555300 
4.555800 
4.557800 
4.558500 
4.561800 
4.562300 
4.562400 
4.563100 
4.564200 
4.565200 
4.566900 
4.569800 
4.569900 
4.573100 
4.575400 
4.575800 
4.575900 
4.576900 
4.578100 
4.578100 
4.579400 
4.580300 
4.580600 
4.583100 
4.585000 
4.586800 
4.587300 
4.595900 
4.597700 
4.600300 
4.600800 
4.605300 
4.605900 
4.609200 
4.610100 
4.610400 
4.610700 
4.611100 
4.611400 
4.611600 
4.612400 
4.613100 
4.617500 
4.620100 
4.620200 
4.622000 
4.622700 
4.626200 
4.627800 
4.628100 
4.628200 
4.630300 
4.631400 
4.634100 
4.634300 
4.636700 
4.641000 
4.641200 
4.644600 
4.645700 
4.646600 
4.649800 
4.650400 
4.650500 
4.663100 
4.663400 
4.663500 
4.664700 
4.665500 
4.665500 
4.665900 
4.668800 
4.669300 
4.672000 
4.673100 
4.674300 
4.675200 
4.680000 
4.685400 
4.686700 
4.690500 
4.694900 
4.696500 
4.698000 
4.699000 
4.699400 
4.700400 
4.701900 
4.702900 
4.702900 
4.703500 
4.704700 
4.709800 
4.712300 
4.713000 
4.713000 
4.715200 
4.716900 
4.718500 
4.719000 
4.719300 
4.724600 
4.725200 
4.727500 
4.728200 
4.729200 
4.730100 
4.730700 
4.731000 
4.732900 
4.735200 
4.735600 
4.735800 
4.736900 
4.737100 
4.738000 
4.739300 
4.739900 
4.739900 
4.739900 
4.747300 
4.749000 
4.749300 
4.751200 
4.752900 
4.753000 
4.754900 
4.760100 
4.760700 
4.761600 
4.761800 
4.764000 
4.765100 
4.767000 
4.767600 
4.768800 
4.773400 
4.773700 
4.775300 
4.776100 
4.776800 
4.777100 
4.779000 
4.779300 
4.780200 
4.783400 
4.784000 
4.785100 
4.786600 
4.787400 
4.790200 
4.790300 
4.791300 
4.792000 
4.794000 
4.797700 
4.799000 
4.799200 
4.800900 
4.802300 
4.806300 
4.807900 
4.809300 
4.809600 
4.812600 
4.813200 
4.813600 
4.813900 
4.816000 
4.816300 
4.817700 
4.817800 
4.818300 
4.818800 
4.818900 
4.822500 
4.824000 
4.826100 
4.827600 
4.827600 
4.829400 
4.830000 
4.832000 
4.832200 
4.832400 
4.833000 
4.834200 
4.835300 
4.836000 
4.837600 
4.839000 
4.839100 
4.840300 
4.844900 
4.844900 
4.845200 
4.845500 
4.848000 
4.849200 
4.851000 
4.851700 
4.851800 
4.852200 
4.854600 
4.855100 
4.858200 
4.858800 
4.860300 
4.862000 
4.864000 
4.864700 
4.866400 
4.867100 
4.868300 
4.869400 
4.869900 
4.869900 
4.870300 
4.870500 
4.871200 
4.871900 
4.873000 
4.873600 
4.873700 
4.877500 
4.879000 
4.881000 
4.882200 
4.882300 
4.885400 
4.885800 
4.886700 
4.887200 
4.888400 
4.888600 
4.889400 
4.891900 
4.894800 
4.895000 
4.895000 
4.895300 
4.896000 
4.897500 
4.898700 
4.904200 
4.904500 
4.905600 
4.909400 
4.911400 
4.912500 
4.912600 
4.912700 
4.913600 
4.913600 
4.916000 
4.917700 
4.919100 
4.920200 
4.921000 
4.926400 
4.928300 
4.928800 
4.929300 
4.932800 
4.934700 
4.934700 
4.935100 
4.938700 
4.939900 
4.940700 
4.942900 
4.944000 
4.945200 
4.945800 
4.946500 
4.947100 
4.948500 
4.951800 
4.953800 
4.954100 
4.954300 
4.956100 
4.957900 
4.958400 
4.958700 
4.960100 
4.960200 
4.961600 
4.962100 
4.965300 
4.973800 
4.974600 
4.975300 
4.975500 
4.976800 
4.978000 
4.978300 
4.980700 
4.980700 
4.985400 
4.986500 
4.986900 
4.987900 
4.988100 
4.989400 
4.989500 
4.990200 
4.990700 
4.991300 
4.992100 
4.992700 
4.994400 
4.996900 
4.998900 
4.999400 
