0.016100 
0.018200 
0.021000 
0.023500 
0.025500 
0.029700 
0.034700 
0.036700 
0.037200 
0.037800 
0.039200 
0.039700 
0.040200 
0.041800 
0.041900 
0.045300 
0.045600 
0.046800 
0.046900 
0.047400 
0.050900 
0.054200 
0.061600 
0.065300 
0.066400 
0.066500 
0.067600 
0.069500 
0.071500 
0.073500 
0.075500 
0.083800 
0.084200 
0.085000 
0.086200 
0.087000 
0.087000 
0.087200 
0.088300 
0.089100 
0.090300 
0.091000 
0.095700 
0.101500 
0.102300 
0.102400 
0.106000 
0.107700 
0.108200 
0.109600 
0.113800 
0.117600 
0.117900 
0.118300 
0.118600 
0.119300 
0.121400 
0.124800 
0.125000 
0.127000 
0.127600 
0.128700 
0.129200 
0.131400 
0.134900 
0.137100 
0.141100 
0.142800 
0.146400 
0.147500 
0.148700 
0.150100 
0.150400 
0.151200 
0.159000 
0.160100 
0.160700 
0.163400 
0.163500 
0.164200 
0.164200 
0.164500 
0.164800 
0.165200 
0.165300 
0.166900 
0.168500 
0.170700 
0.176300 
0.177700 
0.178100 
0.179600 
0.180600 
0.181700 
0.190600 
0.191600 
0.193500 
0.193900 
0.194100 
0.194100 
0.194300 
0.195300 
0.196700 
0.199000 
0.199500 
0.200600 
0.200600 
0.201400 
0.203300 
0.204200 
0.205000 
0.205300 
0.208700 
0.210200 
0.211900 
0.213100 
0.219600 
0.220500 
0.220900 
0.223900 
0.225000 
0.226300 
0.226500 
0.227300 
0.227700 
0.227900 
0.229000 
0.229100 
0.229900 
0.230300 
0.231300 
0.231800 
0.232700 
0.233400 
0.233800 
0.235900 
0.237200 
0.241000 
0.243300 
0.244800 
0.244800 
0.245700 
0.246700 
0.247300 
0.247300 
0.248300 
0.249500 
0.250500 
0.254000 
0.255100 
0.256000 
0.256100 
0.256600 
0.259900 
0.264600 
0.265800 
0.269700 
0.271100 
0.271600 
0.271800 
0.273100 
0.273200 
0.278800 
0.279200 
0.280700 
0.283100 
0.283400 
0.285800 
0.290200 
0.290800 
0.294100 
0.294800 
0.295300 
0.297100 
0.297300 
0.297400 
0.298500 
0.301900 
0.304000 
0.304700 
0.305000 
0.305300 
0.308600 
0.310000 
0.311900 
0.313700 
0.313800 
0.320800 
0.321000 
0.322200 
0.323000 
0.323300 
0.324300 
0.324500 
0.324700 
0.325600 
0.330700 
0.333600 
0.333800 
0.334700 
0.335400 
0.335700 
0.336200 
0.338200 
0.340200 
0.340900 
0.344100 
0.345100 
0.346100 
0.346200 
0.346700 
0.347900 
0.348600 
0.348900 
0.350000 
0.351500 
0.357800 
0.359900 
0.360800 
0.362000 
0.364900 
0.364900 
0.366100 
0.366500 
0.367900 
0.368500 
0.368600 
0.368800 
0.373700 
0.374700 
0.375800 
0.377400 
0.379500 
0.383800 
0.384300 
0.385000 
0.385400 
0.387500 
0.387800 
0.387900 
0.390400 
0.391100 
0.393200 
0.393200 
0.394100 
0.395900 
0.396200 
0.396300 
0.397100 
0.398100 
0.401600 
0.404100 
0.404500 
0.407200 
0.409200 
0.409200 
0.409600 
0.409800 
0.411100 
0.412200 
0.413900 
0.414500 
0.417200 
0.418000 
0.418500 
0.419000 
0.419700 
0.421200 
0.422100 
0.424200 
0.426800 
0.428000 
0.434500 
0.437300 
0.438800 
0.439200 
0.439200 
0.440300 
0.440900 
0.444000 
0.446100 
0.446500 
0.447700 
0.450000 
0.452800 
0.453000 
0.454800 
0.456700 
0.457100 
0.458000 
0.459600 
0.461800 
0.462800 
0.464500 
0.466800 
0.466900 
0.468900 
0.470700 
0.472900 
0.473000 
0.473600 
0.474200 
0.477100 
0.478600 
0.479300 
0.486000 
0.487200 
0.487300 
0.488400 
0.488800 
0.491100 
0.491400 
0.492500 
0.497100 
0.497200 
0.497500 
0.497600 
0.498800 
0.499000 
0.500900 
0.501000 
0.502700 
0.504100 
0.504400 
0.505000 
0.506600 
0.506600 
0.507000 
0.507000 
0.508000 
0.508100 
0.508800 
0.516600 
0.518400 
0.518600 
0.518600 
0.519400 
0.520300 
0.522100 
0.523800 
0.524200 
0.525600 
0.529800 
0.530200 
0.530200 
0.533600 
0.534300 
0.536700 
0.537200 
0.540200 
0.542000 
0.542600 
0.544200 
0.545500 
0.545900 
0.545900 
0.546500 
0.549100 
0.549300 
0.551500 
0.554400 
0.557000 
0.557700 
0.561700 
0.563400 
0.563900 
0.565200 
0.565300 
0.566800 
0.567700 
0.567700 
0.569400 
0.571400 
0.571500 
0.572100 
0.575200 
0.575600 
0.577000 
0.579500 
0.581800 
0.582100 
0.583500 
0.584500 
0.584900 
0.585300 
0.586500 
0.586800 
0.593400 
0.595100 
0.596600 
0.597400 
0.599800 
0.600200 
0.601000 
0.601300 
0.602500 
0.602600 
0.604100 
0.604200 
0.604500 
0.605200 
0.606700 
0.607600 
0.608800 
0.610100 
0.611000 
0.611700 
0.612600 
0.613300 
0.613900 
0.615200 
0.617000 
0.621400 
0.622900 
0.627900 
0.629600 
0.631100 
0.631500 
0.631700 
0.633200 
0.635300 
0.636500 
0.640900 
0.642200 
0.644700 
0.645400 
0.647400 
0.647600 
0.649400 
0.650000 
0.651800 
0.651800 
0.652000 
0.656900 
0.657100 
0.659500 
0.660000 
0.661300 
0.664600 
0.665000 
0.667200 
0.668800 
0.670500 
0.674600 
0.675600 
0.676100 
0.680100 
0.681100 
0.682300 
0.682300 
0.682900 
0.683900 
0.685400 
0.688100 
0.688500 
0.689600 
0.692800 
0.698400 
0.700100 
0.700600 
0.700700 
0.702600 
0.706300 
0.708100 
0.708700 
0.708900 
0.710300 
0.712200 
0.712400 
0.716700 
0.719200 
0.721600 
0.721700 
0.722700 
0.726500 
0.728100 
0.732400 
0.734900 
0.735500 
0.736000 
0.736700 
0.738200 
0.738600 
0.738700 
0.740700 
0.741800 
0.742000 
0.742100 
0.743300 
0.746600 
0.746600 
0.746900 
0.749200 
0.749800 
0.752400 
0.753700 
0.754300 
0.755300 
0.755600 
0.756800 
0.759300 
0.760500 
0.761200 
0.762900 
0.765200 
0.765900 
0.766600 
0.767700 
0.770100 
0.771300 
0.773400 
0.773500 
0.774300 
0.775400 
0.775700 
0.775900 
0.776300 
0.776900 
0.780000 
0.781200 
0.784600 
0.785500 
0.785900 
0.787800 
0.788100 
0.788500 
0.788600 
0.788800 
0.790700 
0.790800 
0.792100 
0.792900 
0.796600 
0.799400 
0.802300 
0.802900 
0.803100 
0.804300 
0.804900 
0.805100 
0.806600 
0.808600 
0.812600 
0.812800 
0.813900 
0.816100 
0.817100 
0.817300 
0.817500 
0.819700 
0.819900 
0.819900 
0.821200 
0.821400 
0.823300 
0.824600 
0.825200 
0.826800 
0.827000 
0.828700 
0.828800 
0.829200 
0.830100 
0.835100 
0.838000 
0.839900 
0.840300 
0.840600 
0.841300 
0.842500 
0.844500 
0.847600 
0.848200 
0.848400 
0.849700 
0.850200 
0.851300 
0.851500 
0.853000 
0.854000 
0.854200 
0.855200 
0.855400 
0.856100 
0.858200 
0.860600 
0.861400 
0.861500 
0.869000 
0.870100 
0.871200 
0.873800 
0.874900 
0.875500 
0.875600 
0.876000 
0.882100 
0.887800 
0.888000 
0.888200 
0.890000 
0.890000 
0.890700 
0.891600 
0.891900 
0.892400 
0.892800 
0.893000 
0.893600 
0.900200 
0.901800 
0.903200 
0.907200 
0.909300 
0.909700 
0.910200 
0.910300 
0.913100 
0.913500 
0.913700 
0.914600 
0.916700 
0.916900 
0.917200 
0.920500 
0.923000 
0.923200 
0.924500 
0.926400 
0.931400 
0.932200 
0.932300 
0.932800 
0.933300 
0.936200 
0.938100 
0.939600 
0.939800 
0.941900 
0.944500 
0.945300 
0.945300 
0.947300 
0.948300 
0.948900 
0.950900 
0.952000 
0.955900 
0.959600 
0.959900 
0.961700 
0.963200 
0.964200 
0.964400 
0.967300 
0.968200 
0.968400 
0.968600 
0.969800 
0.970800 
0.971300 
0.972300 
0.972800 
0.973300 
0.974600 
0.979400 
0.979700 
0.982500 
0.982600 
0.983500 
0.983600 
0.985500 
0.985600 
0.987400 
0.989600 
0.989800 
0.991600 
0.992700 
0.994500 
0.994900 
0.995900 
0.995900 
0.996300 
0.998400 
1.000200 
1.004800 
1.007000 
1.007900 
1.010500 
1.011000 
1.011300 
1.012500 
1.013000 
1.013700 
1.015500 
1.021100 
1.021300 
1.023200 
1.026700 
1.029600 
1.030200 
1.031900 
1.032200 
1.034700 
1.035000 
1.037600 
1.038200 
1.038600 
1.039700 
1.040200 
1.041700 
1.042100 
1.043000 
1.048200 
1.051400 
1.051500 
1.051600 
1.052900 
1.057900 
1.058600 
1.058700 
1.059100 
1.060300 
1.061600 
1.061900 
1.063800 
1.065000 
1.067000 
1.067300 
1.068700 
1.071700 
1.071800 
1.072000 
1.072600 
1.073000 
1.073600 
1.078800 
1.081500 
1.081600 
1.081800 
1.082400 
1.084400 
1.087900 
1.087900 
1.088400 
1.089600 
1.090200 
1.092200 
1.093300 
1.094900 
1.097000 
1.097100 
1.097900 
1.099100 
1.099200 
1.099700 
1.100200 
1.101100 
1.101100 
1.105200 
1.105700 
1.106900 
1.108200 
1.108700 
1.109900 
1.110200 
1.110500 
1.110900 
1.114100 
1.114500 
1.120100 
1.120500 
1.120800 
1.125900 
1.129300 
1.129900 
1.131700 
1.135300 
1.135800 
1.136000 
1.136500 
1.137800 
1.138700 
1.140500 
1.146400 
1.147400 
1.152200 
1.152500 
1.152500 
1.153200 
1.153400 
1.155900 
1.156100 
1.156600 
1.158700 
1.162100 
1.163700 
1.165000 
1.165700 
1.165800 
1.165800 
1.166100 
1.167800 
1.168900 
1.171400 
1.172900 
1.174200 
1.177800 
1.181700 
1.184300 
1.186500 
1.186500 
1.186700 
1.190200 
1.192300 
1.194700 
1.195100 
1.195900 
1.199000 
1.199500 
1.199900 
1.202500 
1.203800 
1.204000 
1.204700 
1.207200 
1.207600 
1.215200 
1.215400 
1.215500 
1.215800 
1.216100 
1.217800 
1.218000 
1.220300 
1.223300 
1.223500 
1.224300 
1.225800 
1.226900 
1.228000 
1.228400 
1.229100 
1.229500 
1.230000 
1.230100 
1.230400 
1.231100 
1.231600 
1.232000 
1.233100 
1.234100 
1.234400 
1.234700 
1.236000 
1.240200 
1.240400 
1.240500 
1.240700 
1.241300 
1.242600 
1.243400 
1.248300 
1.248800 
1.250300 
1.252200 
1.252200 
1.255200 
1.255400 
1.256800 
1.257300 
1.259000 
1.259100 
1.260700 
1.262700 
1.263000 
1.264000 
1.266700 
1.267400 
1.268800 
1.271700 
1.272800 
1.272900 
1.273700 
1.273900 
1.277000 
1.278000 
1.279700 
1.281000 
1.281400 
1.282400 
1.287200 
1.287300 
1.287500 
1.288500 
1.288800 
1.292200 
1.294500 
1.295600 
1.296100 
1.296400 
1.297900 
1.303500 
1.303800 
1.304000 
1.309100 
1.311500 
1.314300 
1.314400 
1.314600 
1.314600 
1.315000 
1.318700 
1.319500 
1.322600 
1.323100 
1.323200 
1.324200 
1.328000 
1.332000 
1.332900 
1.334300 
1.337800 
1.338300 
1.339300 
1.340300 
1.342300 
1.343900 
1.346900 
1.353700 
1.354900 
1.356100 
1.356600 
1.356800 
1.359600 
1.360800 
1.361100 
1.361500 
1.362800 
1.364200 
1.366000 
1.369300 
1.372500 
1.373000 
1.373100 
1.373100 
1.373800 
1.376500 
1.377900 
1.381400 
1.384300 
1.386700 
1.393900 
1.395700 
1.395800 
1.396600 
1.398100 
1.398600 
1.400300 
1.400800 
1.401800 
1.402500 
1.403000 
1.403500 
1.405400 
1.405800 
1.410000 
1.412100 
1.412500 
1.416700 
1.417300 
1.417400 
1.424000 
1.425900 
1.426700 
1.427700 
1.427700 
1.428600 
1.429200 
1.430600 
1.433900 
1.437300 
1.439700 
1.440700 
1.441800 
1.442300 
1.442900 
1.444200 
1.445000 
1.447900 
1.448000 
1.448200 
1.448200 
1.450000 
1.450200 
1.452900 
1.453000 
1.455100 
1.456300 
1.457800 
1.460600 
1.461300 
1.461900 
1.465500 
1.465900 
1.468600 
1.470600 
1.471500 
1.472300 
1.474300 
1.475300 
1.475500 
1.475600 
1.478000 
1.481900 
1.484300 
1.486000 
1.489800 
1.492000 
1.492200 
1.492300 
1.492300 
1.497000 
1.499600 
1.499900 
1.501000 
1.501900 
1.502300 
1.503400 
1.503400 
1.506100 
1.507600 
1.510800 
1.511200 
1.512300 
1.513600 
1.514600 
1.516500 
1.516500 
1.517700 
1.519200 
1.520900 
1.522100 
1.523100 
1.525400 
1.526300 
1.526300 
1.526800 
1.529500 
1.531400 
1.534400 
1.537400 
1.538600 
1.540100 
1.540800 
1.540900 
1.545200 
1.546500 
1.548700 
1.551800 
1.551800 
1.551900 
1.556800 
1.558900 
1.559600 
1.560300 
1.561300 
1.561600 
1.562500 
1.564000 
1.564500 
1.568400 
1.569500 
1.574200 
1.574800 
1.577100 
1.577100 
1.577900 
1.578100 
1.582000 
1.582300 
1.585000 
1.585300 
1.586500 
1.587100 
1.588200 
1.592700 
1.596500 
1.601200 
1.605800 
1.605900 
1.607400 
1.608800 
1.611500 
1.613300 
1.617900 
1.618700 
1.623500 
1.623700 
1.628100 
1.628300 
1.630700 
1.631200 
1.632300 
1.635800 
1.641200 
1.641700 
1.642300 
1.642500 
1.643200 
1.644200 
1.645500 
1.646800 
1.646900 
1.650300 
1.651000 
1.652600 
1.654100 
1.657600 
1.657700 
1.658000 
1.658400 
1.659400 
1.661900 
1.662200 
1.665900 
1.666900 
1.670300 
1.670600 
1.671000 
1.671100 
1.671500 
1.673200 
1.676800 
1.676800 
1.676900 
1.678500 
1.679900 
1.685500 
1.686400 
1.686900 
1.687200 
1.689500 
1.690600 
1.691400 
1.693000 
1.693000 
1.694900 
1.695800 
1.696200 
1.696200 
1.697500 
1.698100 
1.699100 
1.699600 
1.699800 
1.701100 
1.701200 
1.701900 
1.703100 
1.706300 
1.707400 
1.712500 
1.714200 
1.715900 
1.718800 
1.719400 
1.719900 
1.719900 
1.720900 
1.725000 
1.726400 
1.728300 
1.729000 
1.730500 
1.731900 
1.734500 
1.735500 
1.736500 
1.738900 
1.739100 
1.744200 
1.744500 
1.746400 
1.746600 
1.748000 
1.749300 
1.751800 
1.752600 
1.754000 
1.757100 
1.759300 
1.759700 
1.760200 
1.760600 
1.760600 
1.762900 
1.763900 
1.764000 
1.765400 
1.767000 
1.767300 
1.772000 
1.772000 
1.772900 
1.773300 
1.777200 
1.777600 
1.778600 
1.781200 
1.783600 
1.785500 
1.785800 
1.792100 
1.795200 
1.800600 
1.801200 
1.801700 
1.801800 
1.802900 
1.806800 
1.809300 
1.809400 
1.809800 
1.811600 
1.811600 
1.811800 
1.812100 
1.815800 
1.817900 
1.818000 
1.818700 
1.819200 
1.820700 
1.821500 
1.823800 
1.825600 
1.828300 
1.829000 
1.829300 
1.830100 
1.836300 
1.837000 
1.838600 
1.839000 
1.839200 
1.839400 
1.839500 
1.839800 
1.840900 
1.841100 
1.842400 
1.846000 
1.849000 
1.849800 
1.852400 
1.855100 
1.855400 
1.856800 
1.857300 
1.857800 
1.860700 
1.862200 
1.867600 
1.869200 
1.871200 
1.873100 
1.873400 
1.875900 
1.876200 
1.877000 
1.877300 
1.877400 
1.878400 
1.882500 
1.883100 
1.883100 
1.884300 
1.885600 
1.890900 
1.891900 
1.893200 
1.895300 
1.895800 
1.897300 
1.898200 
1.898500 
1.900000 
1.902700 
1.904000 
1.904100 
1.904900 
1.905800 
1.905900 
1.906100 
1.906200 
1.909000 
1.910300 
1.910400 
1.912200 
1.912500 
1.914100 
1.914300 
1.915200 
1.916100 
1.919900 
1.924000 
1.924200 
1.924300 
1.924500 
1.926100 
1.928300 
1.928500 
1.928600 
1.928700 
1.929500 
1.930100 
1.932700 
1.932800 
1.934300 
1.938900 
1.940000 
1.944600 
1.946600 
1.946600 
1.947100 
1.947900 
1.949500 
1.950200 
1.951600 
1.951900 
1.952800 
1.953100 
1.954400 
1.956800 
1.961500 
1.962200 
1.965800 
1.966100 
1.967400 
1.971900 
1.972200 
1.974700 
1.977600 
1.978200 
1.979100 
1.979700 
1.981700 
1.983800 
1.984500 
1.984800 
1.985300 
1.985500 
1.987100 
1.988900 
1.991900 
1.992000 
1.992100 
1.992700 
1.993100 
1.993500 
1.998600 
2.000700 
2.004300 
2.004500 
2.005800 
2.007900 
2.008000 
2.009400 
2.010500 
2.010600 
2.010900 
2.011500 
2.012800 
2.013700 
2.015500 
2.016400 
2.016800 
2.017100 
2.017200 
2.022500 
2.024100 
2.026500 
2.027100 
2.027700 
2.028400 
2.029400 
2.030200 
2.031100 
2.032300 
2.033800 
2.034200 
2.035800 
2.035900 
2.041700 
2.043900 
2.046400 
2.047700 
2.047800 
2.048000 
2.048500 
2.048900 
2.049700 
2.050300 
2.052300 
2.052500 
2.053700 
2.055200 
2.055300 
2.056000 
2.057000 
2.057800 
2.058400 
2.060200 
2.064500 
2.065700 
2.067200 
2.068300 
2.068500 
2.073800 
2.073900 
2.074600 
2.075300 
2.076700 
2.076900 
2.082900 
2.084500 
2.089500 
2.089800 
2.092100 
2.093700 
2.094700 
2.095400 
2.095600 
2.095700 
2.096300 
2.096300 
2.099400 
2.101200 
2.101300 
2.101800 
2.109300 
2.112600 
2.113500 
2.114400 
2.115700 
2.116500 
2.121600 
2.121600 
2.122900 
2.123900 
2.125100 
2.127400 
2.127600 
2.128700 
2.129600 
2.130700 
2.131000 
2.132400 
2.135000 
2.135100 
2.137900 
2.138400 
2.142500 
2.142700 
2.144800 
2.145200 
2.146600 
2.148100 
2.151100 
2.151400 
2.152300 
2.153100 
2.153300 
2.156800 
2.157200 
2.158700 
2.159500 
2.159700 
2.161800 
2.168000 
2.168600 
2.169700 
2.171100 
2.172400 
2.172700 
2.173200 
2.174200 
2.174400 
2.175900 
2.177200 
2.177900 
2.178100 
2.178900 
2.179500 
2.180700 
2.183300 
2.183300 
2.185200 
2.186100 
2.190000 
2.190900 
2.194800 
2.198300 
2.201000 
2.202500 
2.203100 
2.203600 
2.205200 
2.206700 
2.210300 
2.210600 
2.212400 
2.212700 
2.213400 
2.213900 
2.214100 
2.214700 
2.215500 
2.215500 
2.215600 
2.216100 
2.221500 
2.222300 
2.222500 
2.223300 
2.223500 
2.225200 
2.226500 
2.227600 
2.228700 
2.232100 
2.237900 
2.243200 
2.243800 
2.247400 
2.249400 
2.250200 
2.250300 
2.250700 
2.252400 
2.253100 
2.254700 
2.254800 
2.255900 
2.256100 
2.258100 
2.258100 
2.259600 
2.262200 
2.264700 
2.266400 
2.269500 
2.271300 
2.272600 
2.273100 
2.275300 
2.276900 
2.277000 
2.278400 
2.284200 
2.287800 
2.288200 
2.289300 
2.289300 
2.289800 
2.298000 
2.298100 
2.299100 
2.300900 
2.301600 
2.302200 
2.303700 
2.306000 
2.306400 
2.306800 
2.307200 
2.309600 
2.313300 
2.313800 
2.314900 
2.319800 
2.320700 
2.322100 
2.322100 
2.324100 
2.324800 
2.324900 
2.325800 
2.326500 
2.330100 
2.332200 
2.335400 
2.335600 
2.337300 
2.337600 
2.340400 
2.342300 
2.344000 
2.346800 
2.349400 
2.355100 
2.356700 
2.357700 
2.359400 
2.361600 
2.362500 
2.366400 
2.367000 
2.371000 
2.371200 
2.371300 
2.372300 
2.373900 
2.374300 
2.374700 
2.381000 
2.389400 
2.394100 
2.394700 
2.395700 
2.398500 
2.401600 
2.401900 
2.402400 
2.402900 
2.403300 
2.404700 
2.405300 
2.405800 
2.407200 
2.407600 
2.410700 
2.412600 
2.415300 
2.417200 
2.419700 
2.420700 
2.423400 
2.424400 
2.425700 
2.426100 
2.429100 
2.432500 
2.433600 
2.434700 
2.435200 
2.437200 
2.438200 
2.438200 
2.440500 
2.442100 
2.443400 
2.444700 
2.449200 
2.449300 
2.449400 
2.449700 
2.450700 
2.452500 
2.454700 
2.458000 
2.460100 
2.464200 
2.465000 
2.467800 
2.469200 
2.471200 
2.472300 
2.473300 
2.475100 
2.475200 
2.477000 
2.477900 
2.479200 
2.479600 
2.479800 
2.480700 
2.480800 
2.483500 
2.485600 
2.485900 
2.486700 
2.486800 
2.487900 
2.488200 
2.489000 
2.492500 
2.496000 
2.497600 
2.497600 
2.500200 
2.501000 
2.501200 
2.501600 
2.501900 
2.502400 
2.508000 
2.509200 
2.511700 
2.512000 
2.512700 
2.513400 
2.513800 
2.516200 
2.517900 
2.518900 
2.520200 
2.520300 
2.522000 
2.523300 
2.523400 
2.523700 
2.524000 
2.525200 
2.527400 
2.528500 
2.528900 
2.534200 
2.535600 
2.536500 
2.537900 
2.538600 
2.538700 
2.538900 
2.543100 
2.546400 
2.549100 
2.549200 
2.549700 
2.550500 
2.551700 
2.552000 
2.552300 
2.552400 
2.558300 
2.558700 
2.558700 
2.560500 
2.560500 
2.561300 
2.563200 
2.563200 
2.568200 
2.569200 
2.570800 
2.571700 
2.572900 
2.576600 
2.577500 
2.577800 
2.577800 
2.578300 
2.579800 
2.580700 
2.581700 
2.582100 
2.584300 
2.587700 
2.591100 
2.592400 
2.593300 
2.594000 
2.595600 
2.595800 
2.596200 
2.597100 
2.606600 
2.607000 
2.608000 
2.610200 
2.613000 
2.614900 
2.616600 
2.618900 
2.619700 
2.622600 
2.623900 
2.624500 
2.625100 
2.627100 
2.630300 
2.631600 
2.631700 
2.636400 
2.637400 
2.640500 
2.641000 
2.641200 
2.642900 
2.646500 
2.646600 
2.646600 
2.647000 
2.650100 
2.651400 
2.651400 
2.652300 
2.653700 
2.654600 
2.656200 
2.656600 
2.661000 
2.665100 
2.665800 
2.666200 
2.668500 
2.669000 
2.671700 
2.672500 
2.673500 
2.675200 
2.677700 
2.678300 
2.683000 
2.684200 
2.689600 
2.690200 
2.690800 
2.691200 
2.693700 
2.698100 
2.699500 
2.701700 
2.701900 
2.702100 
2.704800 
2.705200 
2.705800 
2.706900 
2.709600 
2.709700 
2.712900 
2.713100 
2.715300 
2.715600 
2.716600 
2.717100 
2.725700 
2.726300 
2.726600 
2.728600 
2.729100 
2.731000 
2.731200 
2.733700 
2.733800 
2.734100 
2.736800 
2.737000 
2.738300 
2.739100 
2.741700 
2.742400 
2.742500 
2.744700 
2.746800 
2.747000 
2.747700 
2.748000 
2.748100 
2.748700 
2.750900 
2.750900 
2.751300 
2.752100 
2.752400 
2.753700 
2.756300 
2.757600 
2.760300 
2.761700 
2.761900 
2.766500 
2.766900 
2.770700 
2.776400 
2.777400 
2.777500 
2.780800 
2.781700 
2.782000 
2.782200 
2.784600 
2.788500 
2.788600 
2.789500 
2.793800 
2.794000 
2.798900 
2.799100 
2.799200 
2.801700 
2.801800 
2.804700 
2.804800 
2.807200 
2.807300 
2.807700 
2.810200 
2.814300 
2.815400 
2.816700 
2.822400 
2.822800 
2.825500 
2.826800 
2.828000 
2.828300 
2.829200 
2.831700 
2.832500 
2.832700 
2.833100 
2.833500 
2.834200 
2.834900 
2.835600 
2.838700 
2.841200 
2.842600 
2.843400 
2.845500 
2.848900 
2.850100 
2.850100 
2.850200 
2.850900 
2.851900 
2.852100 
2.859900 
2.860100 
2.862600 
2.862600 
2.864400 
2.866000 
2.866700 
2.867000 
2.869200 
2.869800 
2.871400 
2.871900 
2.873600 
2.875000 
2.878300 
2.879300 
2.883500 
2.885000 
2.885500 
2.886000 
2.887500 
2.889800 
2.891000 
2.891600 
2.891700 
2.893900 
2.894700 
2.894800 
2.897700 
2.898300 
2.902200 
2.902200 
2.902300 
2.903700 
2.905100 
2.906900 
2.907100 
2.907400 
2.908900 
2.909800 
2.912100 
2.912500 
2.916600 
2.917800 
2.918600 
2.920200 
2.922800 
2.923500 
2.925100 
2.925200 
2.926500 
2.926900 
2.927500 
2.929000 
2.931100 
2.931200 
2.932000 
2.932200 
2.932600 
2.935000 
2.935500 
2.938000 
2.941900 
2.944600 
2.946500 
2.947300 
2.949000 
2.949400 
2.950100 
2.952400 
2.952700 
2.953600 
2.953700 
2.956000 
2.956700 
2.962200 
2.965300 
2.965400 
2.967000 
2.968000 
2.968600 
2.972400 
2.975000 
2.976100 
2.976400 
2.976800 
2.976900 
2.979500 
2.980700 
2.980700 
2.981700 
2.982300 
2.982600 
2.989700 
2.993700 
2.995300 
2.996200 
2.997400 
2.999700 
3.001300 
3.001400 
3.002300 
3.002400 
3.002500 
3.002700 
3.004200 
3.005500 
3.006500 
3.007700 
3.008200 
3.008400 
3.009600 
3.010100 
3.011600 
3.011700 
3.013100 
3.013200 
3.013300 
3.014000 
3.014500 
3.015400 
3.017800 
3.018000 
3.019700 
3.020500 
3.021800 
3.028800 
3.032700 
3.033700 
3.034500 
3.034900 
3.036700 
3.037000 
3.037700 
3.038400 
3.038500 
3.038900 
3.040000 
3.041300 
3.042000 
3.042300 
3.043200 
3.043400 
3.044300 
3.044600 
3.047400 
3.047700 
3.048000 
3.053400 
3.053400 
3.054800 
3.056200 
3.059400 
3.060100 
3.061600 
3.063800 
3.067300 
3.067800 
3.069100 
3.069900 
3.070500 
3.073300 
3.073300 
3.078200 
3.079400 
3.080500 
3.081000 
3.081900 
3.082000 
3.082700 
3.084300 
3.085200 
3.087700 
3.089000 
3.089700 
3.092400 
3.092800 
3.092900 
3.094000 
3.094100 
3.094500 
3.094700 
3.095000 
3.095400 
3.095500 
3.096600 
3.096800 
3.097400 
3.099600 
3.101700 
3.104100 
3.108400 
3.109200 
3.112100 
3.112100 
3.116600 
3.125200 
3.125500 
3.126500 
3.127400 
3.128800 
3.130300 
3.132200 
3.132500 
3.133600 
3.134000 
3.137500 
3.138300 
3.138500 
3.139700 
3.141300 
3.141700 
3.143700 
3.145600 
3.148200 
3.148300 
3.149700 
3.151300 
3.151600 
3.152300 
3.155600 
3.156500 
3.157300 
3.157600 
3.159100 
3.160400 
3.162600 
3.163800 
3.166800 
3.168900 
3.170400 
3.171200 
3.171900 
3.174500 
3.175100 
3.176300 
3.178000 
3.180600 
3.180800 
3.181900 
3.184000 
3.185600 
3.186600 
3.187700 
3.187800 
3.188000 
3.188900 
3.190600 
3.191400 
3.191500 
3.192100 
3.192500 
3.196900 
3.197800 
3.198400 
3.198900 
3.199200 
3.201300 
3.201900 
3.202900 
3.203700 
3.204900 
3.205700 
3.207100 
3.210900 
3.212000 
3.212100 
3.212400 
3.213100 
3.215200 
3.217000 
3.218300 
3.221900 
3.222600 
3.228000 
3.229600 
3.231100 
3.233200 
3.233800 
3.235700 
3.236500 
3.238000 
3.238100 
3.239400 
3.242500 
3.245500 
3.250300 
3.251300 
3.255400 
3.257500 
3.259000 
3.259200 
3.259200 
3.261700 
3.261800 
3.262300 
3.262300 
3.264200 
3.264800 
3.266500 
3.267800 
3.270700 
3.274600 
3.275100 
3.279400 
3.280200 
3.282500 
3.283100 
3.287900 
3.290200 
3.293300 
3.293300 
3.294300 
3.296000 
3.297300 
3.301200 
3.302100 
3.302400 
3.304600 
3.309600 
3.310100 
3.310900 
3.311700 
3.312500 
3.315200 
3.316100 
3.317600 
3.318200 
3.319100 
3.320200 
3.321800 
3.323400 
3.325500 
3.325600 
3.325800 
3.326500 
3.326800 
3.327100 
3.327900 
3.327900 
3.329100 
3.332600 
3.333500 
3.333800 
3.334500 
3.334500 
3.334600 
3.339400 
3.340900 
3.341700 
3.342200 
3.342400 
3.345600 
3.345900 
3.346700 
3.346900 
3.350400 
3.350800 
3.351800 
3.354500 
3.354700 
3.355000 
3.355100 
3.357500 
3.358400 
3.358800 
3.358900 
3.361700 
3.362500 
3.364400 
3.365600 
3.365900 
3.367400 
3.367600 
3.371500 
3.375200 
3.376400 
3.376700 
3.378100 
3.379200 
3.379800 
3.380100 
3.380200 
3.382300 
3.382900 
3.383700 
3.384000 
3.387700 
3.389600 
3.390700 
3.392200 
3.392800 
3.393100 
3.393500 
3.394900 
3.395900 
3.396600 
3.397000 
3.397300 
3.399100 
3.403300 
3.403900 
3.404600 
3.407000 
3.408100 
3.409400 
3.412700 
3.414900 
3.415700 
3.416800 
3.418600 
3.421500 
3.422100 
3.426900 
3.429700 
3.431300 
3.431400 
3.432700 
3.433600 
3.434000 
3.434400 
3.434900 
3.434900 
3.435300 
3.436800 
3.437900 
3.438700 
3.439400 
3.440200 
3.441500 
3.441800 
3.442900 
3.446400 
3.446900 
3.448100 
3.451400 
3.452200 
3.453200 
3.455500 
3.455600 
3.455600 
3.456900 
3.462700 
3.464300 
3.466700 
3.472200 
3.473200 
3.473400 
3.476100 
3.477200 
3.477300 
3.477900 
3.479300 
3.479700 
3.479900 
3.482300 
3.482600 
3.482600 
3.484000 
3.485100 
3.485300 
3.491300 
3.496500 
3.497400 
3.499100 
3.499300 
3.503300 
3.504900 
3.504900 
3.506700 
3.508300 
3.510500 
3.513500 
3.513800 
3.514200 
3.515800 
3.515900 
3.516500 
3.516600 
3.516900 
3.521400 
3.525000 
3.525200 
3.527700 
3.528900 
3.529800 
3.530700 
3.530700 
3.531700 
3.532200 
3.533000 
3.535800 
3.537100 
3.538700 
3.539500 
3.541100 
3.541500 
3.543500 
3.543500 
3.544100 
3.545000 
3.547600 
3.548700 
3.550100 
3.552100 
3.553400 
3.553800 
3.554900 
3.555100 
3.556200 
3.557300 
3.557600 
3.558600 
3.559600 
3.559700 
3.560200 
3.562100 
3.562500 
3.563600 
3.563800 
3.565300 
3.566100 
3.568300 
3.569300 
3.569700 
3.569800 
3.569900 
3.571300 
3.574900 
3.579300 
3.579500 
3.579700 
3.580600 
3.581300 
3.581600 
3.582700 
3.584100 
3.585500 
3.587500 
3.588500 
3.591000 
3.591100 
3.591900 
3.593000 
3.597700 
3.599500 
3.599800 
3.600500 
3.602500 
3.603000 
3.603200 
3.605400 
3.607400 
3.608100 
3.610300 
3.610400 
3.610900 
3.611300 
3.612800 
3.612900 
3.613500 
3.614000 
3.614300 
3.614500 
3.615800 
3.616800 
3.617500 
3.617600 
3.618300 
3.623000 
3.624800 
3.627400 
3.628800 
3.629400 
3.630000 
3.631700 
3.633800 
3.634200 
3.636100 
3.636800 
3.637900 
3.640800 
3.645700 
3.645800 
3.645800 
3.648600 
3.650000 
3.652300 
3.652600 
3.654100 
3.657900 
3.659500 
3.659700 
3.660800 
3.664700 
3.664900 
3.666100 
3.669800 
3.671900 
3.673800 
3.674900 
3.679100 
3.679600 
3.683900 
3.684400 
3.684500 
3.687900 
3.688600 
3.689200 
3.690400 
3.693000 
3.694300 
3.698900 
3.699300 
3.701200 
3.701600 
3.705100 
3.708200 
3.708500 
3.711900 
3.713000 
3.713900 
3.714800 
3.715300 
3.716700 
3.717800 
3.717800 
3.719200 
3.721400 
3.722400 
3.723600 
3.723600 
3.725500 
3.729500 
3.733500 
3.735300 
3.737600 
3.738400 
3.742000 
3.742800 
3.744000 
3.745000 
3.745500 
3.747000 
3.748800 
3.750400 
3.750900 
3.751200 
3.752200 
3.752700 
3.754200 
3.756500 
3.756500 
3.758300 
3.760800 
3.761000 
3.762000 
3.764700 
3.765200 
3.767400 
3.768700 
3.769900 
3.770700 
3.773700 
3.774300 
3.775800 
3.776100 
3.776200 
3.776300 
3.777800 
3.779800 
3.782400 
3.784000 
3.784100 
3.784400 
3.784500 
3.786200 
3.786500 
3.788700 
3.789500 
3.789900 
3.791100 
3.791900 
3.793500 
3.794200 
3.794500 
3.795000 
3.795700 
3.796200 
3.797300 
3.799700 
3.803200 
3.803300 
3.804000 
3.806300 
3.806700 
3.808600 
3.808900 
3.809900 
3.810500 
3.812000 
3.814900 
3.815400 
3.816800 
3.818500 
3.818600 
3.820000 
3.820200 
3.820700 
3.821200 
3.822300 
3.828600 
3.833600 
3.835000 
3.835400 
3.836000 
3.836600 
3.837400 
3.838900 
3.840300 
3.840500 
3.842300 
3.842400 
3.843600 
3.844400 
3.847300 
3.849600 
3.849800 
3.850300 
3.852000 
3.852500 
3.852500 
3.856100 
3.860300 
3.864500 
3.864700 
3.867500 
3.868100 
3.869700 
3.871200 
3.871800 
3.873400 
3.873500 
3.877700 
3.877900 
3.879100 
3.879500 
3.880900 
3.881900 
3.883500 
3.884200 
3.886400 
3.886900 
3.887700 
3.888500 
3.895600 
3.895600 
3.896700 
3.897000 
3.898000 
3.898200 
3.900200 
3.901300 
3.904600 
3.905100 
3.906400 
3.907600 
3.908200 
3.914400 
3.915300 
3.918400 
3.919500 
3.920300 
3.920700 
3.921400 
3.922300 
3.925800 
3.926300 
3.926400 
3.926600 
3.926700 
3.927100 
3.929600 
3.929700 
3.930300 
3.930600 
3.930700 
3.932500 
3.933600 
3.933900 
3.935100 
3.935100 
3.939900 
3.942700 
3.948200 
3.949200 
3.949900 
3.950400 
3.950500 
3.950900 
3.951200 
3.952200 
3.956300 
3.958200 
3.958900 
3.959900 
3.963400 
3.965000 
3.965200 
3.965400 
3.966100 
3.966200 
3.968800 
3.970400 
3.971900 
3.973000 
3.973200 
3.974600 
3.975000 
3.975400 
3.978800 
3.979400 
3.979400 
3.981700 
3.982300 
3.984400 
3.989300 
3.989900 
3.990100 
3.990200 
3.991500 
3.991900 
3.993300 
3.994400 
3.997000 
3.997700 
3.998300 
4.001200 
4.001300 
4.003200 
4.004500 
4.006800 
4.008600 
4.009300 
4.011000 
4.011100 
4.012700 
4.014300 
4.014800 
4.015700 
4.018100 
4.024300 
4.024600 
4.024600 
4.025100 
4.026900 
4.028700 
4.030300 
4.032100 
4.032800 
4.036300 
4.039700 
4.041200 
4.042900 
4.045000 
4.045200 
4.046400 
4.046900 
4.049100 
4.049300 
4.049600 
4.051100 
4.052200 
4.052900 
4.054300 
4.054400 
4.058500 
4.063200 
4.066400 
4.066700 
4.067600 
4.068200 
4.071500 
4.072200 
4.074100 
4.074300 
4.075600 
4.076700 
4.078200 
4.082300 
4.084300 
4.088400 
4.090100 
4.091000 
4.093300 
4.094000 
4.101300 
4.101300 
4.101500 
4.102900 
4.103100 
4.103300 
4.107500 
4.108900 
4.109600 
4.110700 
4.110800 
4.113000 
4.113800 
4.115500 
4.116700 
4.116800 
4.118200 
4.123900 
4.124700 
4.124800 
4.125800 
4.126200 
4.127100 
4.127800 
4.128100 
4.129200 
4.130800 
4.132200 
4.132900 
4.133100 
4.134700 
4.140800 
4.142000 
4.142000 
4.143600 
4.144900 
4.144900 
4.146300 
4.147200 
4.148700 
4.149500 
4.150800 
4.155400 
4.157100 
4.157600 
4.158800 
4.158800 
4.159900 
4.160600 
4.162500 
4.164500 
4.168300 
4.168300 
4.169000 
4.169900 
4.172700 
4.175800 
4.185700 
4.186000 
4.189100 
4.197300 
4.198500 
4.200700 
4.203200 
4.205200 
4.205600 
4.205700 
4.205800 
4.209400 
4.210600 
4.212700 
4.212700 
4.213300 
4.213800 
4.215500 
4.216300 
4.216400 
4.216400 
4.217900 
4.219000 
4.220300 
4.229100 
4.230500 
4.231100 
4.232200 
4.232500 
4.232500 
4.233600 
4.233900 
4.235100 
4.236000 
4.236100 
4.237400 
4.239600 
4.240700 
4.244200 
4.246700 
4.246900 
4.246900 
4.247100 
4.248200 
4.249700 
4.250900 
4.251100 
4.252200 
4.252800 
4.256400 
4.263500 
4.263600 
4.267900 
4.271500 
4.271700 
4.273000 
4.274800 
4.276600 
4.277200 
4.278600 
4.279000 
4.279600 
4.280300 
4.286300 
4.287300 
4.287500 
4.287800 
4.289000 
4.289700 
4.290900 
4.293200 
4.293800 
4.293800 
4.293900 
4.295900 
4.297000 
4.297900 
4.300200 
4.304600 
4.305300 
4.306900 
4.306900 
4.309600 
4.309900 
4.310900 
4.312000 
4.312200 
4.313100 
4.313100 
4.314900 
4.315600 
4.315900 
4.318700 
4.320000 
4.321700 
4.322700 
4.323200 
4.324000 
4.325600 
4.326600 
4.326900 
4.327900 
4.331500 
4.334000 
4.338600 
4.340500 
4.340700 
4.341200 
4.341900 
4.341900 
4.342000 
4.344000 
4.345800 
4.346700 
4.346900 
4.347400 
4.349000 
4.349500 
4.349500 
4.349600 
4.351300 
4.351600 
4.354600 
4.354700 
4.355000 
4.356800 
4.358200 
4.358500 
4.358600 
4.359300 
4.360300 
4.360800 
4.361000 
4.362100 
4.363800 
4.366500 
4.368300 
4.372700 
4.374400 
4.374400 
4.374500 
4.375100 
4.375800 
4.376900 
4.378500 
4.380100 
4.380800 
4.381300 
4.383800 
4.384500 
4.387200 
4.387300 
4.387300 
4.387300 
4.388000 
4.390100 
4.390700 
4.392100 
4.392200 
4.392800 
4.395800 
4.396300 
4.397300 
4.399600 
4.402400 
4.404700 
4.405000 
4.406500 
4.407800 
4.408100 
4.408300 
4.409500 
4.409600 
4.410600 
4.410700 
4.411300 
4.412000 
4.412600 
4.412800 
4.413300 
4.413700 
4.421600 
4.421900 
4.422200 
4.422500 
4.425000 
4.426700 
4.429000 
4.432800 
4.434400 
4.436100 
4.436600 
4.438500 
4.440100 
4.441100 
4.442100 
4.444500 
4.445700 
4.451700 
4.452200 
4.452800 
4.454100 
4.454200 
4.454300 
4.455100 
4.456000 
4.456500 
4.460400 
4.461100 
4.463000 
4.464000 
4.464200 
4.464600 
4.470600 
4.472300 
4.473000 
4.475700 
4.477600 
4.477800 
4.477900 
4.481500 
4.482300 
4.482800 
4.482900 
4.483500 
4.484700 
4.486700 
4.486900 
4.489600 
4.492000 
4.492300 
4.492900 
4.493000 
4.499400 
4.499700 
4.502000 
4.503000 
4.504200 
4.504400 
4.504500 
4.505400 
4.507100 
4.508500 
4.509800 
4.510200 
4.510600 
4.511000 
4.512300 
4.517200 
4.521500 
4.521900 
4.523400 
4.525000 
4.527100 
4.528300 
4.528600 
4.530200 
4.531000 
4.531100 
4.532400 
4.533600 
4.534200 
4.535500 
4.535900 
4.537600 
4.539000 
4.541100 
4.543400 
4.546800 
4.548000 
4.549100 
4.549500 
4.550300 
4.551000 
4.552800 
4.557600 
4.558300 
4.560500 
4.560500 
4.562400 
4.565600 
4.565700 
4.568400 
4.568500 
4.571500 
4.573500 
4.573500 
4.574800 
4.576700 
4.578900 
4.580300 
4.581000 
4.582800 
4.583200 
4.583300 
4.584400 
4.584800 
4.585100 
4.588500 
4.590800 
4.592100 
4.592800 
4.593100 
4.593800 
4.593800 
4.594600 
4.599700 
4.602500 
4.603300 
4.603900 
4.604500 
4.604600 
4.607200 
4.609800 
4.610500 
4.611200 
4.611200 
4.615200 
4.616400 
4.618100 
4.618600 
4.619400 
4.621700 
4.622000 
4.622900 
4.623000 
4.623100 
4.624600 
4.625000 
4.626100 
4.627600 
4.627800 
4.628900 
4.630500 
4.631400 
4.632200 
4.633400 
4.633700 
4.635300 
4.636200 
4.637600 
4.646200 
4.647200 
4.647400 
4.648400 
4.648900 
4.649400 
4.650300 
4.650500 
4.650600 
4.652800 
4.653000 
4.653800 
4.653900 
4.654900 
4.656200 
4.656200 
4.657900 
4.658200 
4.661500 
4.666100 
4.668200 
4.668500 
4.671400 
4.672100 
4.672600 
4.672800 
4.674600 
4.677000 
4.680000 
4.681600 
4.681700 
4.683200 
4.683800 
4.683900 
4.684800 
4.686000 
4.688300 
4.689500 
4.691300 
4.692700 
4.695100 
4.695700 
4.697000 
4.697100 
4.699600 
4.700300 
4.703600 
4.704800 
4.706400 
4.707800 
4.707900 
4.708500 
4.712700 
4.713000 
4.717000 
4.717700 
4.724900 
4.726700 
4.726700 
4.729200 
4.729300 
4.729600 
4.730700 
4.734100 
4.734600 
4.735500 
4.737700 
4.739100 
4.740400 
4.744500 
4.745600 
4.745700 
4.745800 
4.747500 
4.750200 
4.750900 
4.753700 
4.755200 
4.756500 
4.757500 
4.758300 
4.759100 
4.760600 
4.761800 
4.762700 
4.764200 
4.764700 
4.768000 
4.769700 
4.770200 
4.773900 
4.781900 
4.784000 
4.785300 
4.787500 
4.789000 
4.790800 
4.790900 
4.791500 
4.791600 
4.794100 
4.794800 
4.798200 
4.799900 
4.800300 
4.801400 
4.803100 
4.803300 
4.809000 
4.812900 
4.813400 
4.814200 
4.817300 
4.817500 
4.819400 
4.821400 
4.822500 
4.823000 
4.823300 
4.824400 
4.824800 
4.826200 
4.826300 
4.827400 
4.828600 
4.831000 
4.833000 
4.834100 
4.836100 
4.836400 
4.838300 
4.838700 
4.840700 
4.842300 
4.843300 
4.844300 
4.844500 
4.845700 
4.847100 
4.847100 
4.847100 
4.848900 
4.850600 
4.852000 
4.855200 
4.855800 
4.858900 
4.864000 
4.869900 
4.871400 
4.873200 
4.873900 
4.874400 
4.874700 
4.876900 
4.877800 
4.879300 
4.880200 
4.884900 
4.885000 
4.885800 
4.886400 
4.886400 
4.886400 
4.887200 
4.889600 
4.889900 
4.890600 
4.891700 
4.898500 
4.899000 
4.899500 
4.900200 
4.900900 
4.901300 
4.901600 
4.901900 
4.905900 
4.907200 
4.910000 
4.910000 
4.910600 
4.911900 
4.914100 
4.916800 
4.918400 
4.918800 
4.919000 
4.921700 
4.922300 
4.926500 
4.928800 
4.928900 
4.929600 
4.929900 
4.930100 
4.930800 
4.931000 
4.932200 
4.934000 
4.935200 
4.938900 
4.939100 
4.942300 
4.942600 
4.944100 
4.945000 
4.947100 
4.947800 
4.949600 
4.951200 
4.951700 
4.953500 
4.953600 
4.953700 
4.955000 
4.957000 
4.958900 
4.959800 
4.968400 
4.971100 
4.972200 
4.974500 
4.975800 
4.975900 
4.976200 
4.977100 
4.977500 
4.979100 
4.979600 
4.981300 
4.982500 
4.984700 
4.985200 
4.985600 
4.986100 
4.986400 
4.987400 
4.987800 
4.988800 
4.988800 
4.989100 
4.990800 
4.995200 
4.998100 
4.998200 
4.998200 
4.998600 
