18
23
22
19
23
19
15
13
18
29
25
19
22
21
21
14
15
24
15
20
22
21
20
15
30
20
21
23
24
19
14
16
12
27
27
16
17
17
18
14
23
21
18
19
17
15
18
20
20
22
21
13
16
20
26
18
13
20
11
24
16
22
23
15
16
18
29
21
17
28
15
25
17
21
15
19
23
16
15
24
17
20
24
18
19
15
17
18
20
11
25
14
16
18
23
20
19
19
26
16
20
20
11
19
16
19
23
17
19
20
26
21
16
16
20
23
15
21
18
21
20
26
23
21
15
14
24
23
13
20
13
20
18
19
17
22
25
19
13
15
20
17
26
22
18
22
19
22
23
14
24
19
24
22
20
16
22
20
27
16
27
16
23
21
26
18
18
18
21
24
21
23
18
13
21
20
24
13
