907 
240 
572 
432 
367 
896 
58 
671 
930 
783 
111 
693 
291 
603 
825 
316 
994 
769 
283 
2 
827 
558 
362 
450 
335 
956 
751 
677 
730 
784 
353 
348 
279 
101 
397 
996 
585 
130 
519 
860 
170 
471 
1018 
936 
20 
978 
891 
804 
934 
218 
739 
869 
269 
663 
418 
400 
411 
586 
900 
83 
308 
817 
972 
451 
49 
18 
564 
527 
697 
197 
650 
323 
26 
997 
726 
326 
420 
152 
419 
172 
392 
1056 
691 
1043 
27 
58 
86 
687 
320 
210 
104 
551 
639 
917 
768 
425 
478 
412 
863 
530 
930 
911 
618 
100 
245 
622 
1047 
772 
909 
567 
566 
576 
837 
488 
305 
375 
572 
1049 
645 
971 
636 
22 
557 
353 
739 
540 
862 
573 
468 
590 
66 
261 
92 
705 
436 
246 
156 
945 
219 
146 
884 
571 
374 
595 
757 
682 
490 
666 
495 
239 
985 
77 
456 
549 
667 
749 
266 
929 
418 
730 
569 
25 
825 
425 
627 
237 
926 
819 
711 
128 
676 
794 
513 
579 
41 
988 
1057 
914 
1047 
326 
368 
114 
649 
358 
377 
725 
1005 
895 
416 
440 
654 
434 
192 
302 
828 
802 
79 
260 
264 
818 
204 
1032 
256 
561 
255 
312 
574 
251 
994 
655 
316 
618 
82 
943 
402 
54 
938 
715 
611 
84 
987 
109 
830 
867 
71 
306 
288 
790 
509 
803 
962 
102 
28 
1007 
520 
842 
918 
127 
694 
480 
206 
678 
638 
108 
621 
740 
517 
558 
765 
939 
989 
810 
149 
293 
576 
202 
513 
143 
522 
781 
908 
353 
262 
832 
145 
277 
997 
287 
314 
529 
767 
237 
17 
1039 
950 
419 
308 
95 
544 
349 
700 
13 
116 
819 
940 
447 
207 
107 
945 
456 
1030 
384 
988 
742 
751 
135 
446 
706 
406 
390 
783 
882 
980 
328 
695 
248 
63 
173 
890 
461 
728 
89 
724 
570 
60 
279 
475 
324 
474 
828 
550 
104 
1005 
998 
841 
533 
439 
625 
463 
342 
210 
552 
105 
565 
516 
971 
374 
386 
918 
18 
312 
1018 
470 
722 
935 
829 
88 
818 
137 
575 
529 
535 
375 
382 
125 
664 
323 
877 
705 
601 
781 
793 
590 
577 
816 
1039 
115 
357 
148 
413 
993 
844 
987 
983 
893 
438 
819 
513 
680 
253 
643 
945 
778 
916 
348 
1009 
318 
155 
1055 
234 
240 
193 
773 
265 
734 
785 
743 
585 
789 
78 
489 
774 
835 
1004 
889 
807 
254 
331 
67 
880 
132 
951 
859 
302 
114 
1054 
946 
110 
632 
578 
1037 
1057 
394 
654 
440 
145 
1038 
250 
973 
402 
296 
491 
611 
210 
753 
112 
925 
272 
72 
484 
207 
535 
233 
106 
31 
317 
273 
1020 
1050 
886 
140 
239 
514 
815 
169 
668 
755 
1023 
398 
1048 
780 
71 
242 
32 
891 
117 
135 
258 
177 
493 
565 
683 
763 
295 
157 
5 
28 
458 
154 
497 
691 
138 
205 
721 
459 
84 
993 
749 
109 
1013 
517 
437 
843 
740 
747 
271 
68 
896 
423 
209 
646 
664 
241 
797 
253 
627 
946 
1041 
685 
1017 
491 
739 
479 
510 
794 
407 
289 
240 
121 
123 
806 
810 
473 
877 
828 
340 
119 
79 
551 
481 
1051 
998 
470 
604 
1029 
1035 
844 
468 
57 
404 
61 
1022 
736 
86 
948 
962 
595 
94 
431 
298 
345 
305 
659 
210 
16 
358 
723 
137 
415 
395 
570 
904 
651 
981 
138 
182 
960 
397 
418 
868 
211 
631 
750 
917 
954 
621 
275 
56 
338 
55 
246 
727 
834 
448 
32 
486 
829 
546 
407 
76 
108 
231 
20 
36 
266 
726 
635 
500 
323 
204 
776 
283 
22 
382 
1011 
403 
217 
638 
427 
258 
537 
493 
95 
402 
408 
613 
641 
23 
1042 
466 
883 
888 
882 
587 
929 
492 
842 
235 
963 
880 
498 
578 
185 
34 
488 
1031 
274 
976 
264 
973 
986 
714 
571 
1024 
920 
395 
552 
670 
912 
507 
669 
347 
96 
326 
167 
276 
685 
51 
606 
197 
574 
682 
4 
781 
928 
761 
803 
449 
1045 
345 
139 
172 
438 
82 
526 
971 
765 
278 
289 
1028 
778 
873 
209 
213 
562 
71 
471 
611 
523 
629 
369 
62 
495 
815 
366 
125 
140 
332 
442 
886 
320 
81 
533 
540 
380 
905 
1036 
226 
329 
954 
854 
1019 
564 
8 
1012 
33 
74 
315 
352 
943 
18 
669 
605 
372 
1054 
217 
317 
825 
1055 
239 
703 
842 
162 
376 
338 
981 
613 
323 
253 
430 
891 
40 
1060 
32 
723 
831 
956 
134 
454 
155 
44 
768 
109 
178 
903 
687 
192 
405 
328 
435 
1014 
994 
241 
646 
395 
771 
269 
850 
7 
599 
712 
335 
616 
476 
971 
906 
265 
741 
193 
305 
539 
938 
379 
133 
755 
603 
212 
49 
181 
787 
998 
531 
1015 
1039 
428 
472 
1045 
312 
222 
337 
617 
634 
201 
282 
281 
160 
1035 
354 
215 
982 
1049 
877 
238 
427 
793 
880 
288 
800 
909 
851 
97 
220 
658 
447 
387 
980 
997 
792 
808 
648 
469 
164 
19 
915 
414 
311 
939 
211 
655 
756 
896 
516 
740 
216 
168 
224 
772 
490 
575 
864 
142 
443 
515 
126 
456 
139 
420 
670 
507 
638 
816 
31 
697 
35 
80 
642 
364 
569 
872 
1046 
536 
795 
11 
984 
668 
870 
881 
481 
967 
184 
293 
674 
706 
764 
679 
746 
64 
626 
720 
690 
42 
324 
332 
408 
592 
940 
886 
111 
94 
292 
714 
213 
996 
505 
612 
573 
814 
863 
537 
732 
773 
1006 
905 
912 
973 
180 
259 
736 
862 
344 
444 
425 
79 
568 
788 
397 
1004 
705 
604 
356 
371 
196 
152 
83 
167 
910 
245 
791 
363 
369 
964 
778 
230 
37 
532 
719 
733 
751 
936 
859 
1034 
195 
262 
30 
187 
410 
172 
417 
373 
120 
403 
445 
759 
595 
150 
854 
1050 
32 
566 
932 
565 
948 
209 
347 
1030 
718 
331 
326 
708 
485 
116 
3 
726 
831 
162 
779 
709 
559 
645 
678 
534 
949 
665 
686 
252 
198 
518 
313 
1000 
1002 
560 
329 
855 
804 
842 
853 
758 
761 
861 
935 
998 
990 
901 
13 
365 
148 
334 
876 
919 
374 
191 
268 
636 
624 
543 
878 
200 
1041 
93 
462 
762 
841 
56 
1022 
174 
378 
29 
893 
837 
106 
659 
868 
572 
521 
101 
450 
2 
244 
900 
810 
844 
205 
692 
749 
118 
208 
220 
319 
1020 
946 
1061 
960 
632 
330 
501 
343 
522 
803 
993 
817 
1029 
622 
969 
800 
625 
991 
459 
529 
888 
104 
114 
321 
745 
4 
247 
289 
598 
564 
570 
580 
240 
722 
226 
397 
437 
457 
623 
706 
966 
596 
241 
45 
464 
1043 
640 
630 
183 
385 
239 
287 
471 
600 
766 
849 
489 
158 
771 
834 
217 
880 
1034 
1049 
23 
1009 
1012 
954 
391 
621 
147 
263 
928 
269 
938 
491 
176 
754 
515 
215 
717 
142 
797 
506 
483 
744 
802 
927 
301 
567 
1056 
310 
699 
420 
1024 
650 
503 
113 
74 
76 
186 
77 
454 
276 
581 
42 
563 
701 
34 
658 
957 
447 
607 
698 
1019 
72 
1006 
129 
825 
523 
308 
481 
818 
470 
546 
348 
850 
1023 
638 
95 
182 
322 
482 
885 
693 
55 
15 
91 
666 
720 
687 
674 
983 
1014 
170 
116 
432 
1005 
452 
290 
294 
985 
167 
1052 
270 
870 
409 
94 
490 
933 
660 
342 
495 
627 
187 
976 
1058 
210 
897 
1053 
85 
381 
83 
942 
24 
27 
595 
87 
558 
264 
383 
430 
165 
914 
192 
352 
463 
533 
639 
685 
469 
12 
1051 
37 
670 
912 
299 
211 
292 
652 
535 
889 
651 
196 
278 
812 
948 
936 
351 
358 
930 
257 
629 
316 
951 
903 
990 
675 
585 
793 
716 
296 
73 
232 
54 
396 
784 
1016 
433 
755 
67 
828 
184 
130 
68 
58 
684 
843 
785 
26 
149 
122 
1033 
929 
553 
440 
223 
398 
35 
353 
540 
380 
649 
246 
908 
626 
743 
5 
320 
443 
719 
854 
765 
418 
892 
1039 
112 
712 
480 
375 
746 
992 
545 
277 
1046 
317 
279 
980 
401 
32 
512 
346 
439 
436 
334 
1018 
286 
300 
742 
360 
705 
631 
201 
350 
363 
288 
159 
565 
805 
972 
331 
272 
628 
633 
534 
702 
98 
311 
60 
369 
185 
728 
173 
193 
913 
243 
437 
343 
704 
415 
1021 
788 
357 
520 
467 
773 
554 
354 
700 
258 
531 
444 
657 
280 
975 
486 
869 
71 
682 
345 
405 
578 
110 
541 
596 
131 
158 
465 
30 
927 
934 
222 
656 
1020 
323 
820 
902 
710 
580 
949 
725 
233 
661 
202 
679 
589 
179 
609 
721 
847 
890 
727 
515 
489 
583 
135 
550 
594 
382 
368 
863 
208 
1045 
698 
391 
171 
549 
156 
147 
513 
49 
101 
588 
564 
840 
425 
6 
696 
815 
941 
434 
1017 
89 
212 
524 
1035 
866 
38 
566 
182 
762 
99 
876 
200 
356 
711 
713 
265 
768 
967 
370 
637 
242 
753 
772 
1059 
857 
853 
500 
717 
1048 
318 
648 
988 
174 
780 
926 
128 
687 
65 
115 
754 
424 
794 
140 
483 
774 
778 
293 
344 
786 
178 
435 
275 
40 
839 
1024 
228 
586 
213 
720 
969 
997 
542 
831 
462 
338 
607 
190 
608 
993 
1047 
724 
568 
1004 
404 
844 
591 
709 
117 
845 
245 
998 
347 
745 
307 
532 
517 
660 
177 
389 
527 
695 
1055 
635 
898 
634 
441 
39 
747 
392 
85 
729 
96 
56 
325 
1003 
750 
88 
221 
1028 
227 
209 
848 
46 
188 
767 
313 
971 
982 
160 
887 
3 
1027 
203 
411 
348 
694 
691 
893 
833 
238 
72 
276 
510 
163 
252 
42 
315 
376 
1008 
186 
598 
339 
303 
909 
151 
592 
821 
11 
797 
161 
868 
27 
77 
270 
553 
491 
918 
523 
100 
986 
957 
148 
116 
143 
7 
64 
943 
741 
804 
962 
899 
426 
701 
936 
760 
885 
502 
267 
272 
1030 
529 
422 
781 
34 
195 
240 
277 
669 
1034 
486 
1022 
365 
62 
498 
522 
1011 
136 
956 
1036 
816 
120 
938 
719 
834 
473 
282 
505 
837 
595 
851 
36 
467 
748 
47 
548 
396 
942 
355 
584 
722 
746 
638 
996 
917 
922 
946 
723 
493 
827 
574 
882 
253 
702 
803 
109 
949 
461 
587 
916 
966 
715 
613 
689 
127 
251 
818 
92 
766 
176 
699 
154 
182 
102 
20 
790 
480 
619 
61 
769 
454 
269 
78 
29 
1050 
733 
79 
45 
808 
234 
555 
244 
955 
897 
362 
290 
119 
778 
59 
335 
617 
732 
393 
477 
825 
789 
287 
460 
951 
684 
501 
575 
784 
236 
740 
541 
431 
870 
615 
888 
1021 
466 
304 
526 
703 
751 
674 
829 
577 
973 
294 
579 
883 
937 
612 
52 
764 
596 
777 
156 
929 
202 
371 
199 
516 
952 
836 
24 
305 
350 
382 
705 
556 
175 
429 
877 
601 
1007 
302 
228 
537 
451 
445 
871 
744 
855 
671 
978 
455 
756 
1017 
113 
606 
1032 
146 
15 
668 
884 
310 
153 
536 
412 
379 
4 
599 
811 
210 
879 
237 
71 
495 
765 
1058 
992 
90 
280 
953 
807 
1026 
806 
718 
300 
23 
997 
628 
111 
216 
373 
528 
856 
474 
572 
377 
383 
586 
731 
810 
137 
68 
737 
359 
322 
780 
927 
197 
342 
977 
546 
386 
545 
281 
149 
639 
576 
866 
69 
76 
384 
255 
222 
933 
651 
772 
126 
597 
378 
328 
912 
98 
151 
540 
125 
805 
736 
80 
233 
160 
358 
41 
1037 
661 
787 
860 
850 
1035 
84 
219 
989 
243 
637 
26 
598 
568 
976 
192 
580 
344 
264 
238 
447 
552 
417 
399 
507 
401 
503 
770 
470 
658 
32 
109 
748 
132 
347 
416 
64 
981 
181 
476 
900 
835 
444 
948 
1044 
81 
40 
941 
297 
828 
397 
1038 
91 
491 
10 
191 
443 
257 
418 
554 
172 
715 
211 
332 
62 
46 
591 
217 
593 
944 
604 
920 
954 
271 
993 
413 
43 
881 
167 
170 
686 
256 
313 
548 
935 
914 
452 
221 
134 
465 
117 
301 
107 
622 
539 
916 
515 
245 
577 
1048 
522 
797 
814 
327 
635 
822 
348 
723 
1020 
250 
625 
441 
833 
872 
142 
483 
326 
750 
839 
907 
793 
732 
309 
307 
188 
435 
667 
1041 
187 
318 
108 
385 
460 
864 
226 
1010 
93 
150 
185 
420 
796 
289 
171 
621 
65 
687 
578 
974 
542 
158 
18 
273 
508 
295 
1039 
61 
620 
13 
760 
547 
627 
75 
381 
983 
492 
31 
163 
364 
1056 
838 
376 
1027 
893 
673 
237 
7 
670 
1034 
352 
387 
942 
677 
820 
292 
617 
943 
917 
934 
1051 
405 
575 
566 
711 
690 
724 
114 
710 
697 
878 
701 
464 
721 
155 
966 
486 
549 
719 
696 
998 
937 
78 
355 
517 
284 
653 
180 
12 
887 
869 
744 
536 
1023 
678 
127 
1022 
624 
74 
268 
709 
124 
123 
222 
426 
120 
179 
263 
665 
266 
199 
781 
133 
891 
865 
386 
195 
36 
84 
526 
366 
788 
111 
73 
102 
265 
544 
733 
982 
152 
631 
660 
1013 
848 
892 
623 
35 
832 
135 
845 
633 
240 
370 
159 
278 
473 
462 
787 
119 
450 
550 
691 
609 
654 
846 
603 
408 
487 
485 
276 
809 
693 
475 
1036 
479 
646 
922 
1006 
634 
140 
795 
825 
143 
103 
737 
946 
116 
945 
534 
614 
132 
863 
343 
144 
6 
461 
87 
30 
469 
500 
831 
271 
804 
67 
885 
953 
45 
779 
105 
753 
51 
979 
655 
895 
281 
1031 
928 
524 
525 
902 
987 
716 
502 
95 
377 
316 
582 
272 
741 
635 
53 
145 
137 
433 
808 
121 
811 
176 
399 
470 
432 
340 
287 
764 
827 
310 
587 
264 
82 
251 
291 
699 
706 
472 
56 
842 
48 
530 
39 
223 
367 
33 
743 
380 
835 
576 
283 
21 
474 
258 
800 
768 
944 
904 
758 
280 
990 
194 
205 
974 
72 
306 
341 
110 
712 
970 
1014 
22 
563 
890 
243 
792 
589 
968 
256 
694 
1059 
932 
671 
196 
1004 
652 
104 
378 
416 
229 
735 
730 
122 
115 
164 
989 
216 
647 
1049 
394 
438 
1012 
412 
854 
160 
766 
833 
282 
684 
74 
710 
894 
931 
954 
197 
5 
40 
93 
63 
332 
585 
971 
319 
1057 
727 
246 
744 
255 
676 
553 
41 
505 
840 
826 
100 
584 
830 
491 
2 
1029 
451 
807 
437 
1030 
752 
207 
395 
908 
767 
347 
875 
780 
91 
252 
759 
558 
175 
549 
1 
318 
299 
464 
257 
810 
880 
359 
468 
1018 
89 
446 
546 
178 
765 
1043 
225 
952 
29 
459 
417 
69 
188 
522 
847 
678 
209 
477 
742 
850 
1047 
691 
722 
531 
555 
436 
571 
3 
537 
889 
363 
763 
960 
68 
13 
662 
348 
125 
914 
441 
1044 
1020 
4 
386 
554 
50 
483 
241 
770 
38 
604 
621 
518 
941 
199 
527 
918 
263 
339 
1048 
293 
624 
541 
356 
948 
636 
99 
431 
967 
182 
162 
277 
383 
490 
820 
997 
533 
784 
330 
463 
365 
602 
556 
109 
565 
568 
731 
215 
150 
1055 
466 
943 
130 
1028 
315 
368 
478 
599 
312 
269 
49 
582 
72 
489 
493 
231 
1036 
248 
867 
821 
590 
641 
506 
325 
849 
696 
271 
8 
143 
236 
896 
911 
1008 
165 
578 
965 
670 
922 
96 
714 
972 
135 
460 
448 
465 
618 
985 
112 
425 
400 
962 
964 
1033 
919 
643 
838 
910 
855 
44 
27 
234 
392 
570 
978 
1007 
122 
222 
149 
358 
243 
983 
447 
663 
152 
60 
715 
926 
444 
1035 
1039 
773 
1049 
81 
224 
396 
414 
393 
580 
980 
308 
725 
776 
266 
757 
9 
782 
1025 
233 
177 
532 
774 
452 
615 
352 
1041 
908 
992 
488 
640 
289 
71 
1002 
36 
247 
253 
667 
954 
141 
729 
129 
12 
449 
606 
890 
424 
562 
665 
697 
846 
740 
86 
803 
428 
503 
785 
438 
1029 
726 
872 
113 
254 
996 
1010 
534 
721 
734 
893 
936 
34 
689 
1016 
388 
520 
355 
669 
748 
951 
157 
405 
259 
187 
861 
402 
467 
443 
600 
815 
631 
513 
39 
350 
766 
973 
744 
98 
59 
246 
955 
495 
346 
126 
1056 
111 
213 
749 
975 
942 
509 
79 
662 
510 
612 
331 
74 
235 
494 
353 
88 
928 
63 
17 
685 
270 
142 
454 
664 
252 
52 
1001 
552 
630 
245 
450 
902 
265 
526 
750 
451 
249 
204 
404 
328 
153 
834 
700 
291 
307 
722 
762 
442 
426 
207 
292 
668 
885 
876 
18 
148 
898 
949 
707 
31 
496 
708 
198 
333 
170 
970 
218 
1024 
484 
45 
430 
48 
944 
371 
463 
541 
53 
549 
168 
182 
107 
891 
692 
327 
96 
406 
1023 
228 
701 
64 
551 
423 
54 
627 
117 
272 
394 
315 
131 
313 
28 
892 
882 
655 
314 
403 
201 
994 
35 
209 
927 
475 
793 
95 
349 
731 
267 
390 
943 
639 
38 
648 
457 
695 
507 
969 
92 
77 
429 
309 
881 
959 
62 
610 
139 
1037 
418 
595 
683 
336 
871 
342 
561 
810 
477 
743 
574 
1030 
987 
903 
564 
391 
918 
32 
666 
106 
19 
256 
1038 
1015 
515 
680 
790 
375 
81 
195 
746 
431 
658 
263 
188 
501 
1040 
99 
456 
739 
160 
573 
108 
887 
137 
348 
775 
410 
559 
830 
904 
652 
925 
660 
771 
87 
679 
832 
10 
109 
165 
576 
960 
1049 
1006 
717 
946 
432 
176 
841 
411 
729 
736 
694 
587 
68 
682 
287 
0 
471 
33 
465 
184 
200 
498 
584 
894 
988 
621 
1036 
380 
742 
974 
844 
933 
376 
22 
154 
156 
230 
985 
804 
538 
776 
760 
906 
686 
1025 
831 
100 
724 
464 
1005 
796 
205 
361 
354 
479 
249 
782 
512 
568 
754 
929 
89 
169 
580 
473 
257 
330 
412 
223 
693 
499 
802 
158 
514 
719 
7 
294 
366 
46 
628 
236 
250 
413 
797 
977 
226 
1048 
435 
281 
676 
305 
764 
461 
986 
636 
614 
1059 
396 
785 
481 
377 
665 
819 
162 
812 
759 
767 
569 
965 
866 
941 
36 
269 
770 
497 
601 
915 
469 
934 
849 
332 
58 
88 
270 
890 
835 
24 
67 
445 
958 
8 
567 
298 
329 
530 
873 
539 
687 
599 
795 
387 
212 
211 
295 
671 
234 
848 
175 
647 
667 
271 
23 
651 
930 
345 
976 
379 
967 
485 
928 
697 
828 
847 
373 
192 
70 
900 
609 
951 
114 
127 
810 
325 
352 
763 
448 
369 
872 
314 
728 
73 
800 
613 
164 
84 
323 
215 
333 
555 
416 
167 
247 
533 
112 
453 
1061 
178 
842 
13 
189 
575 
553 
80 
781 
351 
260 
814 
1046 
779 
565 
735 
460 
677 
159 
191 
1004 
101 
649 
909 
690 
4 
1035 
774 
264 
850 
803 
882 
704 
426 
672 
905 
331 
605 
755 
997 
55 
341 
398 
799 
389 
474 
362 
548 
9 
284 
286 
53 
591 
501 
243 
751 
999 
44 
78 
888 
656 
147 
1023 
1058 
750 
113 
935 
282 
720 
689 
237 
554 
272 
585 
267 
765 
987 
135 
698 
620 
41 
730 
648 
91 
197 
239 
111 
133 
891 
42 
837 
464 
277 
1055 
123 
892 
463 
118 
1007 
203 
794 
937 
725 
991 
496 
563 
734 
149 
434 
120 
274 
631 
367 
168 
66 
815 
990 
1001 
511 
503 
85 
81 
593 
789 
668 
923 
297 
654 
1045 
1021 
338 
926 
517 
868 
320 
316 
1008 
12 
1032 
536 
340 
255 
651 
508 
265 
516 
813 
851 
1002 
385 
965 
292 
947 
173 
950 
1 
932 
427 
51 
884 
632 
1041 
1026 
532 
747 
959 
18 
307 
100 
30 
279 
365 
557 
1037 
115 
326 
699 
151 
194 
740 
1038 
94 
836 
477 
291 
1013 
877 
299 
412 
429 
127 
399 
21 
749 
50 
221 
380 
858 
77 
788 
107 
1051 
998 
976 
24 
465 
433 
866 
595 
0 
28 
869 
395 
941 
915 
943 
826 
817 
952 
75 
621 
510 
607 
527 
7 
400 
312 
206 
754 
1003 
23 
129 
560 
936 
487 
823 
845 
102 
180 
994 
901 
373 
819 
796 
300 
233 
512 
492 
933 
1059 
185 
853 
226 
250 
108 
1017 
989 
166 
526 
568 
114 
436 
843 
545 
564 
578 
913 
849 
198 
384 
420 
908 
658 
838 
580 
68 
683 
864 
644 
382 
744 
1054 
669 
281 
268 
1009 
37 
461 
643 
1011 
514 
437 
393 
753 
128 
308 
154 
824 
769 
1046 
184 
940 
70 
801 
35 
470 
748 
499 
187 
110 
745 
736 
262 
986 
625 
27 
871 
588 
874 
1027 
165 
177 
637 
862 
192 
134 
594 
155 
49 
372 
11 
313 
619 
488 
966 
405 
125 
722 
860 
878 
778 
130 
733 
228 
368 
681 
900 
542 
576 
1048 
515 
475 
289 
708 
763 
954 
456 
657 
371 
693 
662 
628 
147 
850 
925 
498 
63 
781 
417 
597 
533 
731 
546 
904 
171 
805 
381 
676 
91 
466 
245 
687 
715 
556 
855 
949 
349 
493 
230 
810 
450 
153 
711 
260 
710 
220 
876 
33 
1000 
746 
521 
570 
505 
664 
884 
912 
930 
762 
59 
89 
760 
22 
956 
209 
667 
608 
4 
14 
787 
158 
997 
491 
1047 
1016 
213 
330 
115 
458 
369 
569 
979 
679 
504 
655 
705 
674 
62 
225 
354 
174 
76 
217 
241 
831 
795 
111 
352 
573 
614 
808 
191 
1019 
759 
54 
448 
634 
730 
627 
883 
777 
332 
520 
623 
397 
811 
227 
243 
348 
502 
137 
149 
604 
958 
53 
285 
820 
721 
135 
276 
441 
844 
1055 
694 
961 
145 
239 
408 
25 
919 
641 
315 
288 
839 
52 
431 
406 
482 
561 
10 
435 
857 
617 
916 
1060 
632 
1021 
136 
974 
43 
81 
651 
293 
468 
1037 
66 
965 
1043 
548 
586 
695 
970 
20 
384 
201 
419 
968 
957 
1041 
712 
102 
270 
249 
358 
803 
424 
1045 
677 
190 
497 
457 
902 
304 
166 
698 
572 
123 
719 
981 
1059 
911 
742 
751 
383 
92 
1058 
906 
222 
873 
620 
335 
784 
752 
856 
648 
807 
950 
238 
650 
686 
454 
236 
1042 
976 
344 
428 
853 
464 
422 
501 
45 
327 
256 
894 
1027 
320 
264 
886 
363 
854 
319 
792 
455 
558 
724 
868 
323 
296 
840 
1056 
545 
579 
322 
333 
350 
737 
665 
80 
231 
833 
933 
583 
700 
69 
720 
1036 
909 
659 
1040 
375 
980 
93 
152 
550 
568 
616 
1009 
815 
754 
159 
1061 
450 
495 
621 
126 
67 
18 
638 
668 
235 
1048 
353 
697 
661 
42 
85 
963 
978 
9 
37 
418 
155 
284 
887 
1005 
416 
1025 
575 
57 
777 
253 
753 
340 
484 
544 
331 
995 
528 
229 
262 
1003 
59 
58 
475 
908 
338 
977 
259 
380 
393 
309 
1017 
800 
19 
635 
885 
865 
6 
1053 
219 
477 
543 
254 
771 
361 
739 
726 
151 
704 
601 
82 
517 
143 
713 
1011 
175 
113 
299 
587 
399 
701 
507 
744 
266 
492 
106 
255 
112 
214 
128 
290 
914 
560 
1023 
670 
541 
877 
938 
1008 
289 
339 
895 
656 
97 
184 
829 
874 
1014 
967 
907 
56 
966 
965 
379 
516 
768 
519 
162 
348 
946 
819 
996 
563 
513 
538 
613 
273 
917 
842 
13 
240 
949 
163 
460 
488 
630 
336 
459 
390 
315 
903 
1000 
504 
690 
992 
723 
91 
818 
945 
281 
993 
586 
269 
864 
180 
953 
345 
791 
60 
709 
652 
971 
167 
959 
87 
474 
812 
646 
576 
105 
814 
947 
822 
514 
122 
522 
45 
572 
468 
588 
633 
51 
602 
81 
955 
550 
711 
447 
364 
31 
1026 
820 
48 
352 
351 
279 
68 
816 
1044 
923 
221 
910 
764 
534 
392 
898 
631 
902 
347 
888 
1029 
884 
74 
844 
10 
268 
1039 
133 
614 
114 
272 
152 
831 
491 
481 
265 
851 
745 
90 
834 
599 
736 
224 
137 
260 
937 
1013 
1040 
191 
738 
673 
868 
848 
569 
261 
141 
278 
179 
1038 
512 
161 
154 
651 
536 
303 
54 
920 
107 
386 
869 
100 
53 
821 
132 
778 
1021 
894 
562 
369 
688 
838 
515 
916 
649 
199 
940 
668 
86 
969 
1001 
422 
12 
250 
182 
926 
800 
23 
1009 
558 
718 
150 
642 
101 
524 
782 
919 
108 
725 
772 
398 
436 
1052 
1032 
509 
36 
417 
206 
1055 
1057 
858 
444 
742 
625 
486 
344 
129 
677 
333 
291 
308 
590 
38 
41 
847 
490 
803 
305 
93 
854 
552 
623 
698 
365 
58 
271 
922 
657 
399 
667 
982 
21 
942 
294 
729 
662 
466 
301 
339 
408 
55 
567 
790 
998 
457 
647 
973 
350 
775 
215 
140 
856 
16 
30 
648 
1051 
496 
410 
641 
799 
1037 
42 
361 
381 
35 
276 
777 
478 
947 
1015 
464 
697 
763 
419 
699 
866 
482 
174 
610 
1003 
244 
846 
5 
1006 
899 
29 
451 
416 
14 
79 
675 
458 
669 
783 
117 
707 
207 
579 
411 
342 
245 
429 
797 
95 
375 
455 
753 
1002 
75 
197 
911 
424 
267 
329 
575 
700 
731 
475 
213 
620 
643 
1007 
767 
532 
22 
340 
88 
111 
285 
972 
568 
715 
283 
660 
96 
1061 
721 
34 
292 
639 
1048 
925 
123 
804 
307 
379 
550 
139 
382 
431 
210 
1046 
298 
533 
477 
401 
433 
78 
1026 
931 
978 
750 
327 
583 
580 
629 
300 
748 
155 
373 
415 
802 
754 
606 
312 
368 
387 
619 
407 
900 
798 
508 
434 
961 
597 
65 
751 
873 
719 
878 
989 
893 
32 
376 
326 
787 
553 
1054 
450 
581 
367 
932 
958 
480 
769 
869 
476 
269 
584 
104 
328 
522 
186 
549 
591 
666 
680 
287 
1000 
495 
628 
25 
547 
1056 
249 
144 
512 
239 
985 
1043 
582 
1018 
709 
609 
1031 
440 
513 
979 
747 
201 
1050 
644 
165 
143 
2 
295 
836 
28 
1042 
237 
811 
277 
739 
208 
969 
357 
936 
588 
705 
544 
395 
867 
1001 
794 
103 
884 
191 
171 
510 
311 
154 
1024 
559 
964 
649 
391 
398 
822 
654 
203 
808 
824 
471 
374 
71 
652 
696 
6 
377 
968 
179 
770 
63 
195 
281 
1058 
906 
560 
121 
257 
1016 
796 
137 
904 
119 
390 
101 
70 
1053 
274 
613 
543 
247 
1060 
268 
397 
470 
378 
1049 
1022 
170 
275 
1012 
66 
514 
540 
842 
665 
572 
574 
774 
996 
843 
833 
227 
151 
299 
485 
157 
439 
116 
723 
150 
826 
966 
687 
72 
9 
161 
472 
128 
192 
168 
288 
231 
304 
840 
880 
598 
153 
260 
865 
817 
443 
426 
24 
1059 
518 
871 
1034 
330 
130 
596 
176 
851 
668 
89 
927 
1005 
280 
35 
708 
310 
801 
229 
519 
332 
461 
546 
688 
972 
525 
496 
780 
309 
890 
473 
1028 
73 
289 
7 
841 
106 
454 
441 
44 
80 
405 
284 
122 
355 
782 
67 
246 
262 
417 
879 
338 
493 
895 
293 
785 
868 
169 
345 
41 
908 
766 
500 
834 
954 
566 
685 
916 
401 
725 
462 
621 
375 
234 
987 
556 
291 
11 
294 
408 
587 
848 
694 
464 
751 
520 
792 
76 
162 
127 
692 
935 
676 
539 
442 
399 
1054 
26 
45 
767 
850 
892 
858 
993 
626 
642 
251 
573 
577 
988 
590 
15 
455 
145 
373 
887 
790 
825 
78 
1007 
250 
669 
592 
804 
734 
866 
645 
631 
832 
944 
126 
943 
449 
912 
870 
186 
490 
175 
125 
81 
1027 
86 
772 
601 
547 
228 
271 
320 
389 
894 
731 
221 
164 
721 
656 
523 
36 
17 
187 
329 
20 
580 
466 
576 
491 
218 
608 
343 
91 
874 
467 
521 
16 
188 
702 
750 
1039 
107 
971 
348 
66 
898 
565 
1044 
728 
190 
930 
975 
622 
370 
215 
781 
853 
921 
924 
960 
141 
334 
167 
575 
223 
474 
1000 
557 
209 
248 
135 
143 
263 
738 
578 
1060 
1048 
307 
881 
58 
318 
650 
615 
63 
336 
132 
684 
172 
470 
761 
660 
204 
646 
717 
542 
722 
838 
123 
231 
1019 
705 
386 
427 
837 
9 
682 
795 
964 
319 
591 
21 
402 
202 
901 
701 
700 
1033 
890 
633 
563 
52 
1003 
961 
38 
101 
489 
181 
683 
763 
183 
600 
326 
65 
752 
997 
1017 
783 
937 
203 
1004 
698 
461 
606 
647 
602 
771 
919 
416 
1037 
269 
144 
638 
85 
51 
1002 
219 
285 
418 
431 
220 
741 
411 
658 
753 
664 
1046 
745 
1012 
535 
363 
142 
509 
522 
140 
513 
1014 
393 
749 
179 
339 
599 
775 
424 
508 
158 
137 
147 
280 
869 
801 
54 
282 
511 
383 
1020 
430 
272 
981 
569 
475 
266 
994 
447 
883 
877 
996 
754 
174 
659 
862 
809 
1030 
679 
113 
875 
324 
24 
49 
928 
634 
729 
536 
603 
444 
206 
1057 
518 
111 
116 
657 
651 
695 
967 
284 
979 
911 
288 
619 
693 
260 
367 
437 
105 
274 
688 
743 
315 
818 
517 
1034 
2 
486 
541 
211 
463 
3 
102 
635 
90 
723 
236 
442 
640 
747 
543 
337 
426 
587 
436 
787 
184 
377 
652 
1006 
351 
488 
989 
396 
494 
1043 
289 
908 
861 
571 
977 
331 
703 
13 
216 
1028 
43 
791 
637 
8 
840 
704 
186 
56 
899 
120 
276 
464 
641 
329 
79 
935 
544 
114 
301 
304 
1031 
472 
170 
32 
247 
244 
205 
811 
61 
993 
1016 
830 
355 
956 
450 
490 
1021 
995 
906 
882 
762 
148 
176 
1050 
390 
868 
14 
193 
827 
72 
1042 
912 
503 
429 
674 
793 
537 
121 
369 
820 
465 
347 
0 
119 
296 
246 
586 
748 
290 
847 
379 
86 
185 
255 
95 
480 
951 
1055 
19 
165 
1015 
16 
941 
314 
107 
860 
756 
582 
654 
671 
406 
507 
77 
598 
330 
774 
474 
1 
21 
115 
99 
321 
795 
372 
757 
611 
251 
375 
286 
445 
124 
630 
717 
975 
891 
1033 
25 
556 
240 
945 
714 
5 
806 
802 
759 
856 
12 
305 
100 
163 
279 
407 
702 
954 
967 
462 
243 
633 
561 
392 
689 
22 
510 
558 
30 
715 
101 
109 
939 
155 
968 
188 
469 
870 
1032 
398 
608 
750 
1027 
467 
430 
36 
656 
732 
684 
278 
23 
649 
817 
1056 
68 
51 
334 
963 
694 
113 
307 
1001 
234 
461 
548 
961 
1008 
629 
764 
458 
559 
869 
70 
962 
126 
91 
256 
349 
824 
468 
1005 
841 
76 
1023 
617 
420 
161 
705 
15 
589 
78 
250 
459 
441 
610 
60 
20 
1002 
438 
306 
712 
424 
655 
389 
734 
410 
773 
987 
680 
1034 
1039 
146 
551 
577 
781 
454 
81 
905 
143 
345 
405 
703 
453 
1009 
1044 
529 
418 
358 
10 
151 
720 
1020 
864 
803 
687 
614 
605 
813 
97 
411 
496 
661 
376 
665 
794 
357 
6 
579 
911 
47 
618 
872 
807 
557 
904 
197 
1051 
229 
636 
988 
569 
92 
378 
384 
625 
564 
662 
976 
644 
455 
713 
404 
187 
432 
29 
785 
519 
539 
228 
342 
758 
225 
316 
1004 
328 
444 
173 
766 
741 
513 
952 
590 
129 
701 
685 
63 
385 
339 
18 
262 
96 
273 
1025 
90 
297 
930 
744 
209 
549 
924 
166 
1041 
690 
326 
103 
1047 
839 
915 
650 
24 
865 
308 
381 
980 
932 
594 
799 
859 
798 
567 
1040 
62 
283 
541 
974 
765 
631 
721 
136 
729 
442 
310 
463 
263 
888 
686 
109 
657 
593 
899 
320 
11 
675 
397 
828 
287 
622 
846 
971 
913 
751 
241 
550 
325 
214 
1018 
767 
115 
494 
762 
296 
353 
637 
979 
28 
354 
1053 
324 
914 
788 
983 
733 
1007 
960 
82 
38 
929 
2 
825 
347 
464 
374 
293 
168 
401 
1013 
327 
295 
313 
439 
691 
779 
926 
58 
697 
141 
412 
664 
302 
850 
345 
289 
224 
1029 
641 
512 
606 
963 
45 
962 
57 
213 
399 
617 
1036 
379 
333 
583 
1057 
871 
874 
706 
446 
740 
337 
844 
123 
485 
949 
1017 
145 
266 
395 
937 
653 
1043 
782 
907 
48 
575 
638 
493 
942 
165 
749 
623 
750 
858 
208 
321 
736 
85 
244 
666 
627 
117 
54 
309 
303 
806 
1015 
156 
566 
837 
421 
330 
186 
423 
160 
600 
722 
102 
920 
870 
211 
543 
536 
422 
1 
804 
912 
992 
878 
269 
739 
254 
249 
460 
921 
251 
262 
635 
614 
681 
118 
771 
1014 
1028 
107 
835 
144 
206 
705 
44 
180 
710 
1039 
866 
875 
243 
843 
1049 
991 
114 
955 
398 
74 
565 
40 
801 
277 
723 
772 
941 
106 
336 
226 
976 
130 
833 
777 
21 
822 
900 
411 
507 
612 
519 
561 
169 
441 
429 
513 
375 
654 
624 
1056 
634 
1032 
70 
84 
355 
3 
985 
824 
386 
480 
1016 
203 
430 
125 
471 
980 
753 
13 
571 
245 
176 
535 
763 
1037 
529 
260 
361 
562 
738 
152 
696 
745 
362 
959 
904 
611 
930 
724 
7 
516 
610 
699 
286 
892 
580 
650 
540 
1045 
882 
392 
554 
438 
607 
167 
501 
230 
461 
41 
1052 
659 
250 
388 
404 
99 
629 
918 
1050 
271 
812 
364 
889 
748 
137 
473 
563 
862 
161 
175 
472 
958 
394 
578 
143 
490 
752 
940 
510 
235 
108 
484 
905 
500 
662 
126 
280 
50 
257 
619 
712 
657 
138 
39 
147 
668 
97 
232 
278 
406 
495 
212 
1034 
517 
948 
737 
488 
432 
433 
30 
261 
437 
839 
376 
613 
252 
345 
858 
459 
1022 
1009 
770 
263 
813 
80 
518 
1051 
220 
282 
755 
756 
632 
129 
267 
970 
897 
499 
409 
104 
773 
298 
302 
306 
372 
615 
214 
829 
869 
332 
606 
921 
689 
62 
498 
173 
942 
373 
573 
1038 
367 
83 
343 
994 
400 
377 
254 
309 
915 
350 
435 
544 
88 
1003 
802 
1033 
154 
922 
851 
265 
704 
163 
961 
840 
837 
973 
238 
1008 
5 
193 
542 
524 
523 
416 
397 
393 
228 
671 
664 
799 
803 
78 
990 
317 
962 
649 
340 
197 
1048 
46 
110 
476 
728 
229 
465 
479 
344 
127 
757 
468 
675 
778 
576 
753 
1057 
242 
670 
353 
539 
29 
34 
997 
647 
19 
178 
781 
926 
620 
236 
860 
496 
627 
878 
625 
307 
708 
934 
135 
758 
624 
553 
847 
218 
594 
179 
348 
536 
297 
895 
688 
124 
313 
577 
291 
21 
131 
413 
846 
960 
698 
596 
951 
357 
891 
975 
354 
281 
957 
1005 
491 
1041 
900 
509 
995 
454 
980 
335 
77 
1058 
295 
216 
849 
637 
894 
676 
258 
774 
299 
725 
893 
10 
331 
14 
665 
715 
417 
256 
710 
471 
91 
369 
1043 
370 
73 
196 
462 
503 
388 
1 
460 
575 
408 
979 
84 
628 
614 
896 
245 
537 
338 
474 
947 
658 
117 
287 
300 
443 
569 
744 
965 
976 
296 
584 
823 
1060 
1006 
683 
674 
55 
190 
325 
660 
716 
81 
591 
905 
547 
550 
527 
223 
648 
506 
422 
95 
418 
937 
857 
1047 
368 
452 
475 
395 
406 
779 
455 
1040 
320 
777 
964 
8 
436 
754 
841 
152 
209 
807 
109 
635 
888 
640 
240 
520 
712 
571 
264 
522 
244 
255 
42 
914 
558 
162 
391 
392 
867 
791 
138 
1055 
294 
881 
1015 
23 
714 
968 
691 
314 
825 
954 
270 
538 
833 
935 
272 
958 
956 
387 
699 
790 
1023 
89 
389 
917 
992 
1045 
481 
901 
817 
227 
260 
838 
398 
877 
111 
987 
56 
324 
832 
806 
363 
207 
739 
28 
346 
53 
521 
351 
104 
643 
415 
502 
622 
1031 
616 
283 
394 
717 
936 
33 
185 
634 
667 
518 
32 
159 
972 
627 
892 
57 
740 
513 
284 
948 
939 
624 
543 
776 
469 
516 
444 
226 
1054 
377 
1061 
424 
205 
1036 
449 
697 
429 
731 
1008 
153 
59 
125 
385 
656 
323 
679 
720 
176 
499 
308 
532 
926 
1030 
12 
730 
748 
470 
501 
221 
898 
830 
222 
182 
581 
11 
414 
16 
29 
375 
0 
638 
560 
808 
874 
271 
688 
944 
568 
524 
576 
962 
83 
1050 
248 
5 
525 
97 
122 
250 
275 
237 
349 
361 
816 
364 
4 
767 
278 
572 
734 
189 
313 
855 
868 
267 
359 
19 
771 
163 
529 
130 
489 
1000 
611 
148 
847 
736 
696 
234 
789 
682 
1038 
286 
327 
989 
423 
494 
677 
856 
128 
904 
373 
86 
922 
578 
605 
809 
655 
230 
484 
608 
991 
826 
751 
231 
140 
17 
50 
673 
1059 
760 
993 
946 
695 
711 
907 
220 
617 
100 
924 
584 
1026 
446 
420 
726 
1007 
515 
290 
402 
642 
270 
764 
940 
869 
279 
391 
1056 
164 
229 
200 
258 
219 
663 
912 
843 
952 
311 
45 
905 
854 
352 
601 
321 
1025 
607 
169 
259 
27 
668 
579 
49 
447 
181 
376 
794 
820 
536 
36 
636 
766 
425 
304 
84 
466 
170 
257 
204 
490 
599 
445 
449 
623 
330 
1049 
94 
754 
640 
367 
829 
652 
132 
710 
400 
709 
719 
145 
85 
162 
858 
540 
614 
694 
859 
900 
796 
8 
953 
199 
207 
289 
977 
814 
328 
731 
681 
23 
825 
15 
1052 
227 
381 
498 
818 
523 
753 
862 
860 
468 
603 
191 
609 
30 
134 
396 
418 
822 
778 
1055 
613 
770 
749 
1046 
995 
478 
865 
488 
602 
421 
76 
96 
1021 
154 
1035 
338 
366 
840 
262 
643 
133 
889 
942 
521 
690 
332 
861 
544 
69 
990 
88 
685 
398 
125 
901 
550 
205 
783 
930 
329 
3 
224 
253 
87 
232 
984 
978 
1019 
552 
737 
477 
842 
165 
184 
174 
765 
509 
225 
413 
461 
48 
994 
533 
41 
66 
156 
696 
73 
256 
140 
937 
732 
735 
556 
928 
618 
202 
395 
55 
530 
171 
845 
177 
54 
1029 
775 
386 
943 
791 
450 
500 
172 
422 
722 
564 
81 
803 
280 
799 
147 
210 
281 
371 
1047 
535 
671 
167 
612 
610 
433 
1011 
1043 
236 
703 
715 
91 
798 
670 
1009 
192 
203 
252 
357 
14 
443 
360 
949 
631 
850 
807 
967 
981 
356 
1001 
175 
632 
750 
218 
223 
658 
729 
103 
513 
563 
288 
1032 
968 
873 
960 
987 
983 
320 
838 
64 
705 
910 
1041 
337 
554 
300 
273 
501 
615 
0 
305 
74 
853 
661 
72 
137 
961 
494 
918 
874 
714 
832 
837 
725 
469 
639 
656 
152 
534 
59 
571 
264 
650 
657 
113 
121 
238 
324 
666 
756 
214 
769 
893 
159 
915 
10 
583 
1051 
1013 
907 
852 
555 
914 
204 
119 
317 
1049 
1060 
197 
557 
117 
279 
408 
26 
188 
585 
594 
869 
945 
663 
692 
966 
306 
991 
545 
57 
586 
719 
519 
383 
334 
29 
365 
89 
1015 
777 
452 
1039 
195 
855 
187 
384 
142 
572 
638 
5 
892 
1034 
348 
727 
864 
806 
505 
548 
790 
80 
93 
330 
415 
965 
699 
946 
868 
411 
250 
693 
407 
143 
483 
79 
741 
797 
284 
686 
574 
139 
90 
706 
222 
947 
976 
382 
541 
456 
239 
410 
269 
940 
793 
895 
785 
347 
417 
161 
453 
473 
439 
289 
455 
827 
388 
101 
399 
605 
857 
364 
520 
1031 
1026 
237 
92 
626 
898 
309 
464 
30 
313 
784 
881 
632 
963 
679 
248 
648 
761 
253 
286 
431 
316 
392 
1017 
908 
12 
730 
973 
144 
9 
336 
559 
591 
717 
933 
251 
634 
811 
307 
972 
176 
262 
373 
106 
836 
196 
503 
808 
1008 
484 
229 
684 
529 
164 
1014 
296 
55 
764 
127 
200 
460 
712 
151 
522 
616 
646 
506 
664 
1059 
244 
310 
980 
600 
742 
234 
621 
274 
1037 
459 
680 
153 
558 
919 
267 
800 
254 
1044 
989 
370 
77 
395 
383 
312 
440 
625 
996 
1052 
628 
890 
34 
502 
720 
326 
745 
618 
860 
1019 
840 
426 
378 
471 
884 
377 
751 
233 
397 
475 
465 
774 
166 
766 
930 
775 
971 
238 
283 
293 
731 
570 
124 
413 
824 
356 
353 
170 
1030 
560 
710 
839 
61 
888 
887 
1038 
507 
1023 
981 
683 
779 
387 
447 
357 
576 
7 
708 
128 
441 
47 
458 
928 
611 
355 
812 
931 
922 
297 
416 
671 
17 
480 
613 
88 
282 
376 
810 
859 
601 
535 
43 
1049 
292 
934 
904 
141 
346 
425 
953 
636 
50 
75 
358 
685 
4 
295 
675 
5 
221 
875 
115 
504 
67 
678 
681 
689 
556 
1010 
924 
76 
583 
814 
152 
721 
249 
112 
542 
389 
758 
419 
258 
51 
424 
82 
379 
555 
125 
58 
861 
903 
837 
565 
343 
994 
187 
687 
100 
219 
1001 
434 
294 
362 
422 
280 
738 
477 
335 
1012 
56 
42 
215 
777 
573 
959 
394 
684 
23 
627 
220 
452 
838 
102 
1046 
32 
871 
321 
519 
732 
804 
340 
97 
1015 
65 
910 
140 
400 
539 
172 
223 
195 
315 
393 
750 
472 
983 
105 
609 
333 
27 
1032 
607 
938 
1016 
13 
843 
467 
658 
616 
433 
739 
791 
147 
288 
461 
962 
577 
531 
698 
999 
865 
63 
547 
301 
905 
711 
530 
391 
754 
460 
143 
239 
210 
299 
740 
30 
302 
569 
712 
913 
206 
1025 
914 
550 
784 
796 
785 
725 
633 
1051 
119 
351 
842 
225 
998 
406 
414 
352 
827 
856 
748 
970 
199 
579 
177 
167 
371 
832 
24 
715 
820 
493 
1009 
407 
350 
965 
486 
364 
437 
690 
581 
107 
168 
654 
920 
1048 
90 
436 
630 
937 
1018 
442 
262 
492 
622 
590 
465 
284 
305 
549 
1004 
553 
663 
896 
264 
610 
494 
293 
474 
881 
996 
8 
412 
789 
992 
133 
35 
91 
916 
73 
104 
325 
697 
851 
329 
509 
893 
80 
298 
978 
124 
117 
980 
307 
548 
202 
431 
567 
592 
741 
83 
128 
620 
709 
1027 
597 
190 
918 
898 
457 
366 
126 
381 
281 
229 
341 
961 
174 
588 
753 
398 
430 
372 
728 
701 
270 
417 
742 
401 
418 
991 
145 
815 
399 
310 
454 
685 
703 
258 
81 
421 
344 
772 
484 
487 
510 
54 
84 
108 
673 
554 
936 
864 
237 
646 
574 
1059 
835 
543 
203 
33 
677 
213 
935 
514 
482 
817 
603 
403 
191 
911 
438 
813 
1058 
337 
602 
259 
312 
1026 
564 
780 
744 
551 
822 
411 
7 
966 
976 
702 
1047 
71 
506 
988 
423 
321 
628 
43 
525 
18 
804 
1043 
265 
157 
129 
263 
713 
982 
617 
987 
899 
545 
917 
1023 
837 
422 
649 
70 
244 
475 
238 
410 
521 
786 
981 
318 
926 
408 
450 
566 
529 
841 
390 
1003 
122 
233 
232 
188 
606 
507 
60 
335 
370 
840 
300 
315 
758 
1022 
40 
311 
779 
863 
1005 
441 
409 
1036 
224 
149 
707 
304 
661 
1013 
717 
21 
242 
319 
72 
274 
760 
100 
688 
92 
485 
873 
194 
700 
737 
793 
333 
533 
1012 
538 
552 
57 
427 
253 
644 
973 
282 
989 
299 
847 
62 
435 
55 
455 
217 
669 
608 
537 
327 
986 
1056 
874 
4 
951 
93 
523 
771 
975 
397 
720 
164 
755 
185 
892 
611 
999 
452 
798 
985 
99 
977 
208 
807 
444 
546 
449 
745 
42 
791 
639 
678 
412 
130 
855 
3 
433 
216 
16 
25 
49 
181 
472 
706 
167 
633 
776 
839 
979 
570 
560 
436 
473 
555 
369 
153 
241 
588 
704 
500 
155 
252 
994 
474 
105 
247 
497 
429 
1027 
360 
359 
294 
396 
416 
666 
1051 
1050 
815 
136 
364 
127 
456 
774 
942 
151 
257 
305 
848 
391 
358 
605 
580 
293 
824 
1044 
1057 
248 
557 
195 
832 
599 
120 
615 
672 
425 
498 
961 
36 
445 
622 
785 
671 
658 
386 
480 
641 
544 
933 
80 
691 
954 
246 
944 
854 
317 
699 
131 
777 
1053 
516 
156 
366 
628 
949 
15 
1025 
881 
175 
520 
12 
759 
64 
716 
548 
351 
903 
914 
342 
769 
714 
461 
508 
235 
421 
567 
827 
471 
692 
417 
1018 
336 
324 
245 
340 
218 
811 
211 
858 
405 
816 
512 
1031 
504 
659 
165 
550 
585 
922 
8 
228 
212 
879 
829 
203 
20 
647 
354 
263 
509 
486 
750 
352 
222 
74 
415 
693 
275 
540 
925 
76 
262 
673 
652 
282 
938 
689 
924 
255 
1001 
51 
230 
953 
276 
331 
17 
594 
539 
1034 
708 
891 
562 
313 
325 
642 
215 
582 
329 
347 
154 
314 
374 
763 
345 
308 
1058 
945 
1040 
674 
251 
499 
173 
974 
950 
334 
311 
587 
630 
969 
1047 
186 
326 
73 
781 
393 
541 
115 
168 
783 
31 
919 
694 
233 
534 
289 
437 
341 
0 
159 
675 
295 
971 
868 
284 
729 
430 
800 
547 
479 
477 
62 
536 
28 
818 
1060 
265 
399 
876 
556 
95 
383 
518 
413 
93 
989 
886 
778 
1052 
649 
63 
679 
773 
1000 
217 
179 
387 
268 
624 
864 
457 
10 
819 
1003 
728 
157 
1037 
382 
757 
107 
601 
370 
995 
493 
538 
767 
889 
618 
711 
893 
328 
1039 
53 
260 
911 
843 
163 
554 
934 
956 
748 
839 
606 
627 
986 
804 
931 
944 
988 
13 
523 
298 
557 
133 
191 
254 
960 
119 
867 
428 
860 
206 
355 
149 
712 
741 
602 
511 
770 
490 
680 
37 
225 
977 
177 
192 
612 
861 
145 
306 
4 
46 
806 
339 
49 
787 
564 
38 
243 
67 
408 
611 
91 
1044 
507 
58 
207 
648 
420 
98 
899 
836 
943 
615 
959 
66 
871 
890 
494 
916 
1057 
362 
825 
292 
229 
116 
846 
183 
509 
909 
16 
718 
782 
608 
1051 
187 
981 
752 
350 
228 
668 
1014 
772 
1002 
330 
1026 
32 
65 
533 
244 
809 
42 
389 
878 
286 
301 
47 
322 
86 
895 
381 
359 
506 
449 
279 
257 
789 
137 
458 
840 
278 
482 
80 
401 
671 
532 
353 
994 
142 
407 
662 
720 
1043 
758 
501 
932 
198 
1038 
200 
272 
435 
69 
596 
593 
827 
921 
395 
884 
1027 
704 
379 
470 
300 
220 
434 
979 
61 
574 
524 
22 
167 
747 
1012 
343 
790 
406 
985 
821 
159 
599 
222 
124 
521 
349 
635 
234 
335 
510 
472 
462 
495 
1022 
684 
891 
70 
579 
52 
607 
156 
942 
768 
264 
154 
591 
922 
826 
263 
166 
686 
411 
617 
528 
731 
800 
526 
902 
993 
143 
893 
706 
78 
717 
239 
898 
918 
660 
788 
432 
294 
361 
503 
515 
73 
117 
901 
844 
342 
832 
950 
468 
605 
795 
853 
373 
679 
962 
39 
40 
237 
492 
437 
447 
12 
560 
737 
450 
248 
396 
190 
808 
104 
646 
105 
1041 
315 
448 
947 
781 
631 
640 
803 
355 
949 
1031 
7 
661 
904 
622 
769 
384 
755 
700 
1001 
1017 
847 
973 
958 
459 
928 
966 
176 
209 
936 
678 
308 
730 
452 
601 
636 
304 
693 
929 
461 
393 
570 
121 
74 
829 
780 
664 
610 
835 
934 
855 
337 
1007 
859 
153 
984 
148 
518 
639 
1016 
460 
614 
777 
44 
531 
548 
536 
144 
233 
842 
618 
99 
551 
169 
118 
408 
728 
652 
623 
907 
978 
1005 
29 
562 
586 
992 
33 
339 
986 
109 
793 
974 
798 
659 
880 
656 
525 
327 
297 
837 
157 
517 
1054 
28 
273 
415 
546 
964 
445 
346 
738 
413 
423 
194 
933 
305 
612 
791 
48 
122 
600 
689 
83 
262 
778 
830 
276 
152 
389 
782 
876 
1061 
440 
573 
1056 
313 
938 
309 
908 
13 
896 
709 
212 
310 
897 
692 
850 
455 
638 
224 
77 
345 
511 
1042 
11 
762 
275 
838 
577 
113 
129 
491 
216 
1048 
245 
259 
708 
185 
407 
854 
754 
490 
627 
506 
416 
685 
171 
1011 
288 
991 
183 
307 
191 
18 
69 
872 
64 
773 
431 
1024 
211 
225 
106 
421 
943 
883 
6 
36 
5 
861 
3 
637 
167 
879 
53 
388 
352 
195 
1039 
820 
521 
756 
428 
363 
935 
249 
270 
836 
366 
999 
282 
787 
499 
602 
1055 
1028 
594 
394 
750 
234 
350 
856 
589 
682 
797 
111 
529 
642 
512 
1026 
263 
604 
1025 
264 
293 
449 
736 
272 
124 
134 
811 
62 
735 
770 
540 
720 
253 
412 
419 
81 
290 
274 
430 
752 
817 
581 
250 
641 
557 
258 
814 
30 
55 
306 
619 
739 
794 
147 
857 
628 
32 
187 
725 
994 
142 
1019 
674 
538 
711 
497 
383 
453 
1036 
833 
501 
396 
438 
494 
351 
395 
481 
456 
42 
23 
31 
102 
324 
188 
243 
713 
291 
717 
461 
988 
377 
1015 
774 
875 
551 
929 
967 
952 
537 
771 
364 
475 
772 
331 
116 
955 
284 
378 
139 
9 
941 
1051 
221 
242 
745 
874 
996 
476 
560 
993 
1038 
971 
793 
1023 
454 
286 
655 
865 
353 
614 
824 
930 
220 
527 
417 
207 
299 
957 
901 
1047 
318 
469 
890 
528 
233 
280 
519 
145 
488 
542 
1003 
98 
158 
229 
970 
926 
308 
403 
695 
333 
678 
675 
953 
532 
651 
20 
374 
743 
465 
8 
792 
490 
1014 
477 
626 
569 
267 
444 
873 
117 
108 
921 
209 
452 
279 
74 
76 
605 
334 
523 
611 
429 
472 
344 
323 
327 
744 
4 
738 
478 
685 
51 
1002 
339 
240 
254 
386 
459 
659 
573 
43 
10 
146 
367 
201 
342 
666 
384 
26 
496 
927 
561 
631 
1031 
162 
671 
278 
718 
174 
850 
410 
583 
179 
359 
703 
103 
615 
346 
193 
976 
217 
203 
696 
464 
769 
210 
73 
565 
118 
753 
522 
761 
869 
1022 
225 
804 
311 
997 
1021 
568 
954 
183 
91 
714 
154 
268 
543 
609 
949 
433 
545 
423 
500 
507 
1013 
155 
164 
397 
457 
634 
61 
283 
652 
686 
627 
676 
892 
902 
2 
206 
524 
973 
82 
88 
710 
322 
633 
348 
821 
405 
1016 
777 
328 
247 
227 
552 
922 
575 
579 
113 
963 
983 
111 
989 
449 
704 
917 
129 
807 
662 
180 
100 
621 
447 
1059 
868 
941 
66 
610 
910 
226 
644 
236 
373 
549 
497 
303 
365 
667 
391 
1049 
120 
345 
1058 
152 
288 
83 
654 
1025 
435 
294 
915 
958 
597 
895 
332 
809 
432 
1046 
988 
806 
181 
215 
571 
942 
795 
715 
415 
629 
625 
772 
959 
470 
728 
276 
636 
425 
137 
18 
407 
80 
580 
537 
658 
115 
1060 
645 
471 
393 
347 
713 
1054 
396 
235 
39 
787 
248 
972 
996 
414 
465 
558 
863 
694 
41 
665 
166 
90 
904 
56 
239 
372 
706 
826 
1034 
279 
592 
22 
401 
27 
442 
624 
520 
569 
64 
1029 
157 
943 
313 
719 
725 
763 
479 
563 
385 
207 
12 
440 
49 
172 
101 
730 
790 
677 
775 
934 
870 
145 
316 
223 
544 
590 
159 
855 
1057 
705 
960 
756 
858 
1000 
194 
561 
148 
424 
1044 
443 
158 
514 
135 
205 
301 
491 
797 
908 
650 
156 
209 
493 
622 
987 
573 
169 
214 
526 
197 
843 
670 
220 
355 
455 
978 
487 
358 
760 
979 
82 
482 
700 
508 
228 
328 
649 
808 
275 
216 
52 
366 
387 
314 
1022 
7 
272 
966 
349 
1013 
344 
994 
779 
485 
564 
635 
422 
295 
773 
822 
1033 
337 
883 
922 
984 
293 
211 
968 
453 
37 
903 
503 
278 
30 
793 
914 
983 
567 
14 
578 
1007 
682 
1030 
97 
821 
509 
852 
714 
429 
716 
55 
356 
423 
417 
309 
606 
346 
428 
864 
270 
735 
413 
837 
603 
941 
535 
754 
204 
195 
616 
824 
697 
559 
990 
307 
1018 
233 
690 
770 
411 
841 
1032 
94 
1028 
336 
180 
141 
834 
1045 
907 
519 
890 
574 
774 
380 
680 
238 
419 
653 
609 
210 
86 
277 
357 
888 
892 
66 
1055 
971 
1008 
21 
106 
110 
163 
150 
912 
722 
766 
634 
389 
434 
798 
439 
671 
849 
89 
783 
481 
1015 
600 
133 
536 
752 
646 
175 
383 
334 
258 
568 
102 
221 
231 
547 
122 
946 
565 
894 
382 
1051 
742 
939 
732 
17 
166 
859 
921 
292 
15 
329 
995 
360 
361 
147 
352 
645 
689 
1060 
961 
283 
657 
181 
5 
416 
229 
794 
669 
332 
138 
642 
151 
315 
753 
284 
1024 
461 
910 
460 
341 
719 
993 
969 
480 
144 
377 
664 
282 
623 
354 
162 
467 
451 
805 
444 
996 
498 
441 
710 
308 
692 
1047 
678 
45 
729 
224 
978 
100 
726 
29 
528 
159 
168 
426 
57 
1058 
2 
660 
367 
641 
50 
1004 
958 
34 
570 
540 
512 
592 
909 
610 
698 
898 
140 
38 
858 
808 
217 
107 
338 
327 
323 
69 
831 
137 
670 
818 
152 
923 
491 
402 
886 
404 
1039 
619 
143 
223 
658 
1043 
857 
280 
860 
608 
381 
633 
869 
850 
241 
71 
408 
142 
62 
590 
505 
287 
134 
400 
733 
108 
139 
117 
682 
442 
533 
421 
403 
318 
250 
920 
1023 
1042 
343 
64 
41 
74 
924 
294 
632 
42 
750 
721 
537 
167 
979 
1022 
997 
191 
651 
320 
687 
164 
521 
936 
624 
123 
206 
550 
155 
414 
212 
553 
717 
128 
399 
80 
493 
760 
560 
25 
595 
647 
33 
98 
666 
870 
640 
266 
225 
265 
190 
328 
373 
1061 
948 
1003 
243 
959 
691 
694 
873 
490 
177 
789 
504 
931 
297 
882 
906 
739 
72 
488 
956 
37 
1044 
183 
757 
364 
518 
485 
957 
529 
299 
541 
854 
376 
28 
813 
769 
661 
575 
649 
967 
12 
273 
501 
617 
741 
896 
1002 
44 
125 
144 
1029 
390 
745 
406 
511 
828 
1049 
1020 
812 
846 
662 
276 
234 
593 
468 
964 
935 
369 
446 
262 
298 
793 
901 
794 
856 
734 
425 
313 
393 
574 
569 
580 
113 
6 
387 
380 
1030 
249 
362 
427 
787 
737 
773 
976 
253 
650 
349 
626 
441 
921 
434 
396 
467 
824 
353 
465 
912 
932 
718 
306 
39 
643 
1038 
76 
110 
676 
630 
613 
864 
329 
548 
648 
205 
382 
188 
187 
240 
54 
603 
999 
67 
252 
215 
368 
371 
165 
1007 
52 
899 
14 
352 
902 
843 
89 
874 
440 
527 
829 
232 
345 
122 
807 
707 
1059 
20 
657 
321 
561 
1027 
536 
759 
988 
1060 
207 
806 
71 
158 
156 
157 
466 
604 
430 
736 
991 
585 
194 
319 
365 
611 
283 
971 
2 
816 
1056 
564 
464 
1053 
32 
1 
102 
863 
295 
201 
447 
41 
581 
972 
939 
355 
346 
27 
876 
803 
799 
940 
180 
437 
86 
851 
862 
315 
388 
673 
683 
651 
636 
918 
400 
407 
665 
706 
893 
233 
731 
941 
674 
282 
397 
10 
279 
725 
172 
499 
300 
614 
929 
1050 
133 
429 
820 
907 
151 
449 
211 
834 
55 
192 
405 
530 
903 
639 
944 
634 
790 
695 
426 
285 
952 
394 
210 
33 
1013 
591 
99 
470 
185 
106 
111 
723 
565 
815 
42 
817 
515 
554 
686 
160 
174 
742 
572 
523 
288 
629 
146 
898 
558 
610 
268 
589 
660 
220 
598 
118 
29 
669 
181 
291 
1048 
911 
1042 
733 
646 
490 
792 
149 
415 
778 
905 
1046 
1057 
372 
25 
1023 
724 
826 
1015 
573 
519 
418 
169 
198 
1049 
184 
1061 
845 
439 
476 
758 
645 
798 
947 
755 
959 
895 
749 
942 
435 
727 
255 
392 
901 
767 
250 
768 
531 
934 
562 
287 
904 
869 
386 
492 
1030 
747 
979 
419 
221 
751 
631 
258 
753 
850 
136 
276 
883 
985 
413 
493 
730 
936 
296 
685 
522 
752 
271 
293 
513 
292 
719 
868 
482 
1031 
420 
579 
855 
605 
138 
129 
239 
734 
678 
549 
277 
908 
178 
735 
333 
289 
819 
764 
978 
797 
507 
839 
520 
127 
246 
526 
710 
677 
655 
380 
21 
547 
101 
517 
222 
814 
690 
763 
23 
188 
989 
153 
18 
225 
580 
421 
593 
962 
615 
403 
96 
696 
154 
410 
853 
824 
166 
132 
772 
126 
367 
61 
479 
9 
553 
722 
259 
308 
14 
796 
1006 
385 
840 
359 
63 
10 
484 
837 
88 
53 
350 
601 
378 
1022 
7 
244 
841 
939 
795 
886 
649 
135 
794 
253 
376 
606 
827 
388 
676 
570 
328 
489 
825 
970 
143 
630 
1035 
610 
784 
811 
196 
312 
599 
383 
76 
95 
534 
266 
647 
281 
1039 
428 
588 
1056 
957 
363 
461 
87 
943 
384 
602 
494 
917 
508 
427 
370 
431 
90 
833 
352 
57 
682 
40 
49 
808 
777 
658 
67 
711 
920 
62 
705 
335 
199 
937 
576 
912 
377 
249 
620 
157 
1014 
981 
469 
366 
892 
345 
443 
821 
585 
304 
703 
1007 
70 
164 
155 
303 
408 
832 
1029 
256 
859 
938 
315 
838 
550 
1037 
636 
279 
923 
415 
440 
698 
675 
567 
1057 
445 
204 
398 
268 
982 
596 
729 
652 
846 
876 
219 
913 
666 
688 
36 
967 
387 
282 
992 
761 
528 
813 
693 
1032 
51 
600 
330 
104 
150 
1021 
237 
506 
572 
855 
360 
123 
541 
1004 
1038 
1058 
638 
896 
322 
783 
532 
648 
147 
573 
220 
725 
1034 
504 
29 
1006 
1053 
781 
637 
663 
607 
6 
1005 
430 
697 
434 
478 
788 
712 
454 
510 
702 
984 
176 
799 
35 
242 
382 
441 
969 
583 
546 
94 
177 
773 
890 
954 
23 
460 
798 
15 
438 
152 
634 
1000 
424 
92 
906 
839 
52 
381 
189 
667 
758 
273 
618 
32 
50 
533 
340 
264 
545 
747 
575 
558 
651 
211 
130 
949 
899 
854 
770 
861 
986 
324 
323 
512 
11 
1010 
796 
809 
472 
195 
379 
138 
616 
709 
589 
111 
736 
862 
673 
153 
717 
246 
822 
182 
490 
127 
555 
745 
975 
75 
353 
874 
465 
669 
864 
741 
370 
193 
173 
606 
65 
228 
640 
766 
1016 
119 
423 
597 
810 
863 
782 
46 
888 
263 
1027 
80 
643 
924 
900 
278 
518 
611 
915 
37 
1059 
963 
1003 
269 
840 
612 
95 
957 
1054 
983 
468 
417 
933 
471 
617 
394 
895 
857 
310 
349 
978 
985 
272 
275 
961 
582 
635 
625 
172 
146 
917 
113 
249 
649 
455 
437 
368 
284 
183 
940 
993 
670 
1004 
650 
871 
959 
124 
657 
946 
163 
107 
85 
137 
1045 
619 
753 
411 
549 
45 
187 
313 
521 
452 
960 
568 
792 
927 
659 
1018 
856 
931 
299 
692 
928 
790 
98 
49 
1030 
467 
371 
599 
366 
687 
420 
1029 
511 
884 
1017 
329 
487 
801 
16 
1035 
134 
526 
515 
830 
81 
426 
574 
142 
83 
1014 
230 
365 
968 
653 
678 
321 
117 
407 
508 
972 
665 
587 
200 
777 
363 
843 
882 
738 
1008 
525 
744 
488 
828 
375 
624 
1051 
331 
962 
445 
258 
404 
481 
881 
393 
772 
538 
683 
458 
1061 
105 
999 
385 
898 
422 
794 
607 
743 
789 
731 
184 
560 
577 
453 
847 
858 
3 
814 
918 
474 
498 
517 
704 
726 
305 
585 
919 
578 
839 
872 
505 
198 
413 
519 
951 
686 
995 
710 
965 
966 
823 
588 
483 
253 
203 
688 
1024 
377 
548 
722 
34 
186 
135 
403 
8 
493 
410 
202 
60 
636 
816 
876 
152 
259 
958 
852 
1031 
432 
297 
477 
837 
984 
644 
116 
308 
1 
204 
812 
952 
1015 
782 
319 
431 
601 
271 
222 
352 
464 
143 
894 
412 
64 
171 
427 
594 
109 
600 
194 
550 
1052 
838 
205 
408 
750 
440 
1011 
889 
89 
708 
229 
279 
591 
218 
460 
1026 
373 
421 
1027 
111 
354 
948 
527 
1056 
796 
662 
221 
77 
817 
930 
322 
832 
531 
937 
892 
430 
273 
509 
97 
323 
337 
897 
43 
506 
914 
146 
581 
348 
836 
693 
720 
302 
223 
645 
1044 
69 
934 
19 
244 
185 
719 
831 
971 
545 
312 
359 
327 
853 
126 
197 
469 
915 
943 
182 
462 
226 
562 
2 
1023 
976 
150 
757 
749 
1060 
657 
827 
496 
1039 
558 
1041 
888 
840 
630 
610 
825 
161 
118 
438 
629 
733 
855 
921 
939 
745 
108 
680 
113 
576 
291 
115 
793 
596 
735 
384 
902 
449 
512 
586 
401 
70 
502 
695 
21 
313 
717 
732 
955 
369 
899 
414 
61 
120 
372 
399 
542 
703 
575 
148 
901 
67 
520 
767 
207 
39 
923 
495 
677 
1000 
59 
425 
698 
878 
267 
393 
761 
746 
691 
561 
15 
465 
641 
1028 
349 
956 
265 
769 
341 
428 
765 
627 
18 
251 
287 
154 
78 
274 
213 
877 
58 
737 
1045 
227 
569 
642 
107 
85 
922 
364 
516 
650 
1009 
103 
964 
984 
579 
611 
904 
632 
219 
249 
391 
608 
394 
940 
1038 
37 
856 
99 
729 
872 
160 
654 
951 
11 
926 
195 
423 
389 
7 
189 
622 
320 
820 
247 
42 
861 
383 
583 
490 
407 
828 
1003 
546 
365 
910 
728 
191 
772 
124 
1016 
230 
1049 
436 
792 
136 
301 
178 
927 
269 
104 
31 
36 
296 
864 
713 
572 
613 
895 
457 
84 
408 
776 
1033 
590 
33 
442 
754 
753 
6 
1030 
397 
905 
639 
715 
344 
716 
933 
480 
606 
402 
563 
566 
815 
281 
804 
670 
653 
791 
245 
705 
451 
1053 
681 
565 
592 
634 
271 
446 
448 
504 
637 
337 
461 
156 
80 
501 
875 
555 
1002 
82 
522 
718 
459 
190 
443 
873 
241 
10 
973 
977 
415 
999 
614 
1001 
310 
1 
165 
28 
163 
554 
880 
24 
813 
294 
343 
628 
700 
807 
906 
957 
879 
353 
468 
119 
284 
315 
1037 
488 
111 
299 
612 
375 
250 
371 
392 
803 
338 
589 
839 
452 
908 
137 
489 
830 
5 
304 
86 
1057 
384 
16 
419 
785 
8 
345 
168 
916 
550 
29 
237 
866 
105 
724 
140 
688 
486 
1043 
129 
283 
286 
764 
96 
38 
584 
543 
214 
355 
385 
564 
210 
669 
533 
975 
391 
560 
449 
687 
494 
406 
467 
800 
88 
959 
426 
512 
630 
727 
1026 
125 
235 
773 
506 
758 
39 
1005 
187 
346 
893 
76 
503 
829 
958 
1031 
55 
778 
524 
810 
662 
260 
978 
551 
937 
73 
676 
193 
205 
497 
928 
466 
268 
491 
436 
325 
395 
333 
693 
672 
404 
751 
198 
17 
889 
995 
143 
62 
256 
416 
107 
127 
1021 
968 
974 
246 
67 
75 
182 
847 
625 
739 
35 
396 
796 
280 
109 
4 
557 
909 
475 
955 
971 
534 
786 
996 
149 
63 
204 
510 
788 
445 
248 
307 
868 
809 
155 
772 
263 
802 
890 
711 
681 
421 
771 
1025 
173 
431 
851 
69 
696 
336 
387 
72 
779 
689 
528 
891 
106 
621 
747 
946 
290 
412 
526 
600 
18 
379 
500 
646 
812 
160 
545 
575 
318 
184 
462 
481 
783 
383 
712 
48 
841 
329 
529 
940 
335 
740 
303 
302 
403 
3 
389 
330 
482 
859 
57 
20 
627 
573 
943 
1047 
377 
219 
108 
737 
706 
273 
272 
23 
642 
901 
714 
846 
153 
538 
1051 
596 
820 
369 
276 
799 
680 
312 
516 
634 
643 
942 
261 
502 
994 
255 
578 
1013 
660 
552 
980 
850 
1020 
1003 
824 
724 
1034 
121 
505 
785 
960 
729 
457 
640 
1061 
159 
180 
674 
945 
509 
562 
932 
730 
776 
535 
752 
866 
825 
832 
878 
763 
309 
30 
138 
871 
472 
258 
71 
817 
172 
568 
514 
761 
156 
425 
422 
370 
570 
333 
645 
46 
168 
297 
605 
855 
111 
292 
274 
266 
632 
288 
148 
380 
906 
328 
367 
95 
247 
853 
540 
291 
1026 
456 
142 
654 
734 
490 
745 
992 
531 
24 
658 
169 
673 
637 
1018 
601 
768 
206 
242 
124 
503 
351 
638 
208 
882 
921 
631 
388 
657 
161 
285 
794 
923 
692 
873 
928 
177 
99 
122 
88 
364 
134 
962 
216 
511 
408 
493 
987 
807 
110 
417 
591 
769 
1055 
663 
325 
885 
559 
151 
120 
240 
664 
324 
651 
695 
1015 
577 
606 
448 
796 
1006 
636 
647 
355 
139 
1044 
896 
235 
281 
450 
518 
67 
818 
905 
840 
979 
1028 
561 
626 
1054 
199 
86 
33 
778 
40 
972 
738 
393 
705 
897 
1014 
321 
45 
451 
797 
197 
21 
569 
487 
902 
682 
362 
900 
576 
970 
68 
123 
322 
699 
203 
997 
44 
496 
939 
287 
481 
43 
719 
969 
624 
477 
213 
982 
893 
243 
143 
279 
269 
698 
26 
686 
276 
872 
402 
944 
112 
659 
54 
813 
49 
908 
22 
289 
1017 
530 
521 
1050 
183 
91 
744 
1003 
621 
58 
349 
667 
263 
808 
236 
144 
398 
419 
835 
515 
929 
845 
930 
182 
361 
766 
1000 
332 
555 
876 
680 
25 
795 
363 
220 
874 
721 
125 
85 
37 
65 
628 
722 
201 
907 
1023 
414 
633 
347 
711 
1057 
717 
191 
369 
672 
317 
584 
315 
1048 
345 
527 
937 
618 
50 
590 
479 
814 
860 
127 
464 
704 
323 
681 
250 
342 
927 
277 
912 
697 
891 
700 
475 
1027 
226 
497 
755 
1059 
83 
611 
946 
424 
821 
210 
892 
284 
703 
366 
882 
19 
586 
365 
165 
311 
708 
868 
101 
202 
596 
991 
469 
660 
1019 
936 
354 
360 
491 
953 
150 
1018 
1025 
368 
89 
251 
579 
707 
670 
8 
519 
416 
1033 
560 
10 
298 
901 
819 
48 
782 
771 
0 
1056 
741 
822 
447 
285 
218 
532 
746 
850 
887 
207 
389 
108 
307 
844 
92 
631 
652 
338 
410 
563 
740 
712 
599 
387 
966 
94 
745 
736 
537 
580 
480 
694 
526 
87 
913 
300 
684 
155 
551 
774 
395 
1008 
184 
799 
205 
883 
687 
270 
800 
26 
693 
517 
190 
715 
601 
989 
657 
294 
260 
950 
324 
789 
895 
116 
189 
51 
310 
175 
616 
239 
907 
297 
119 
786 
256 
434 
544 
376 
665 
1040 
392 
372 
773 
171 
808 
867 
214 
221 
385 
452 
559 
1029 
768 
744 
801 
194 
233 
664 
1016 
43 
107 
843 
585 
148 
759 
1045 
1061 
503 
762 
433 
488 
12 
726 
875 
493 
1026 
301 
727 
160 
857 
278 
370 
375 
428 
249 
692 
142 
840 
59 
873 
505 
34 
470 
967 
588 
728 
806 
553 
180 
530 
430 
944 
1036 
851 
925 
1041 
353 
978 
468 
888 
932 
547 
609 
619 
780 
352 
973 
104 
281 
492 
827 
747 
