160 
170 
72 
47 
157 
109 
139 
162 
52 
21 
73 
87 
50 
91 
152 
13 
36 
18 
138 
140 
118 
82 
25 
74 
101 
138 
162 
11 
161 
40 
160 
168 
145 
143 
84 
132 
44 
35 
179 
170 
162 
40 
140 
60 
24 
166 
4 
109 
132 
36 
75 
79 
162 
92 
173 
167 
117 
86 
25 
67 
74 
66 
70 
114 
29 
93 
178 
33 
175 
94 
72 
153 
27 
171 
131 
142 
137 
48 
12 
77 
2 
59 
169 
13 
138 
61 
137 
94 
70 
76 
80 
87 
36 
114 
32 
86 
163 
26 
27 
5 
77 
160 
101 
76 
163 
62 
105 
52 
157 
42 
164 
57 
130 
44 
11 
38 
181 
18 
128 
89 
131 
180 
169 
27 
97 
55 
126 
172 
178 
32 
122 
4 
168 
78 
124 
73 
88 
56 
36 
169 
173 
12 
103 
155 
115 
45 
53 
131 
25 
38 
183 
148 
51 
121 
179 
122 
42 
86 
6 
30 
135 
31 
77 
143 
121 
70 
98 
181 
182 
86 
173 
156 
74 
41 
138 
37 
101 
82 
107 
84 
44 
155 
162 
78 
181 
45 
122 
149 
92 
155 
114 
127 
158 
145 
70 
51 
124 
89 
67 
29 
113 
175 
80 
95 
28 
187 
184 
87 
94 
9 
53 
171 
131 
42 
153 
66 
63 
117 
157 
155 
8 
140 
92 
40 
12 
100 
63 
34 
67 
154 
161 
35 
66 
36 
122 
144 
119 
166 
48 
176 
9 
159 
87 
55 
146 
119 
133 
136 
8 
101 
92 
180 
93 
149 
158 
25 
56 
1 
37 
121 
3 
151 
17 
38 
104 
162 
85 
132 
97 
120 
58 
160 
88 
36 
9 
66 
133 
153 
67 
40 
161 
76 
44 
176 
141 
48 
39 
180 
41 
187 
84 
38 
17 
60 
163 
108 
89 
162 
185 
129 
5 
136 
120 
45 
121 
77 
39 
61 
28 
7 
35 
133 
144 
118 
148 
149 
171 
65 
105 
2 
134 
122 
28 
68 
21 
95 
79 
29 
9 
85 
135 
130 
141 
111 
102 
29 
105 
166 
115 
48 
117 
92 
171 
57 
139 
187 
61 
19 
58 
120 
84 
59 
166 
175 
6 
39 
86 
80 
49 
144 
29 
2 
127 
67 
27 
3 
131 
171 
167 
117 
11 
78 
136 
169 
155 
110 
96 
123 
184 
158 
30 
0 
151 
118 
172 
168 
52 
98 
24 
25 
86 
171 
150 
113 
8 
48 
185 
141 
69 
102 
147 
137 
163 
78 
155 
30 
111 
20 
177 
185 
156 
134 
133 
26 
6 
24 
139 
166 
51 
130 
29 
116 
85 
123 
46 
21 
54 
20 
64 
101 
107 
173 
6 
114 
152 
158 
9 
170 
134 
96 
14 
84 
118 
28 
4 
76 
77 
34 
0 
107 
95 
48 
151 
106 
40 
73 
53 
124 
140 
133 
7 
10 
144 
175 
95 
138 
10 
148 
94 
144 
136 
60 
31 
161 
139 
13 
53 
42 
100 
57 
107 
186 
115 
56 
97 
121 
131 
95 
90 
9 
103 
167 
15 
169 
12 
9 
116 
107 
68 
170 
134 
144 
100 
98 
163 
156 
136 
91 
107 
88 
64 
137 
71 
155 
145 
38 
57 
47 
37 
97 
27 
40 
85 
84 
74 
161 
79 
176 
134 
116 
180 
90 
33 
179 
64 
27 
110 
26 
93 
25 
83 
182 
174 
176 
57 
2 
92 
137 
154 
120 
76 
71 
143 
47 
37 
75 
13 
166 
95 
34 
60 
111 
178 
40 
59 
127 
15 
155 
61 
0 
131 
49 
152 
30 
77 
115 
165 
123 
36 
27 
1 
9 
146 
94 
130 
55 
88 
58 
184 
144 
82 
116 
67 
38 
100 
173 
92 
96 
83 
135 
7 
53 
160 
62 
80 
11 
112 
10 
139 
17 
14 
64 
85 
161 
1 
37 
3 
30 
138 
50 
122 
75 
112 
185 
41 
71 
105 
142 
83 
162 
34 
104 
119 
16 
18 
54 
72 
94 
149 
19 
179 
44 
173 
9 
41 
155 
124 
118 
50 
138 
95 
40 
92 
151 
73 
145 
160 
139 
80 
33 
152 
179 
157 
37 
134 
77 
150 
25 
154 
135 
178 
48 
113 
1 
93 
163 
17 
79 
110 
161 
124 
67 
162 
115 
97 
123 
176 
50 
76 
34 
3 
160 
132 
182 
96 
28 
133 
71 
8 
25 
16 
99 
120 
131 
38 
113 
55 
108 
23 
167 
29 
78 
35 
65 
109 
147 
74 
140 
5 
66 
80 
90 
94 
21 
37 
54 
127 
31 
119 
8 
50 
0 
60 
105 
57 
142 
173 
145 
101 
91 
10 
172 
178 
166 
44 
50 
179 
17 
153 
25 
45 
141 
56 
105 
61 
98 
46 
137 
66 
90 
60 
97 
22 
35 
11 
132 
45 
140 
41 
104 
120 
160 
123 
71 
187 
42 
63 
154 
150 
152 
181 
158 
33 
31 
106 
15 
23 
96 
161 
16 
88 
114 
92 
14 
138 
113 
9 
153 
160 
58 
185 
141 
147 
139 
27 
45 
100 
71 
26 
187 
98 
166 
75 
182 
63 
146 
81 
162 
118 
90 
144 
172 
120 
39 
85 
44 
17 
91 
173 
165 
119 
66 
55 
155 
103 
181 
125 
184 
151 
156 
114 
24 
68 
50 
180 
64 
126 
128 
82 
135 
48 
163 
10 
167 
69 
90 
73 
133 
8 
9 
148 
116 
152 
38 
75 
29 
62 
108 
59 
12 
170 
6 
7 
151 
56 
137 
89 
161 
51 
48 
101 
4 
118 
65 
160 
115 
175 
180 
141 
162 
92 
50 
3 
28 
90 
110 
19 
137 
59 
37 
125 
176 
24 
1 
160 
75 
25 
151 
186 
121 
89 
171 
100 
175 
120 
67 
116 
56 
132 
150 
166 
43 
141 
73 
26 
98 
23 
60 
88 
47 
105 
16 
113 
2 
72 
32 
81 
33 
106 
3 
71 
176 
22 
90 
34 
164 
100 
183 
6 
117 
122 
1 
155 
150 
123 
27 
140 
114 
167 
94 
48 
84 
60 
3 
154 
56 
158 
149 
156 
107 
152 
137 
46 
62 
40 
68 
47 
144 
88 
27 
42 
93 
151 
157 
17 
119 
139 
51 
104 
9 
75 
36 
65 
67 
140 
169 
171 
116 
22 
130 
167 
1 
135 
156 
53 
54 
73 
37 
71 
11 
48 
49 
182 
7 
178 
168 
84 
65 
17 
161 
183 
90 
105 
79 
12 
171 
111 
49 
160 
63 
156 
113 
76 
15 
20 
162 
84 
117 
92 
39 
63 
11 
152 
122 
175 
172 
187 
57 
31 
19 
42 
78 
157 
97 
181 
96 
88 
118 
21 
3 
135 
112 
141 
66 
147 
55 
77 
38 
22 
6 
102 
91 
2 
106 
108 
134 
25 
105 
40 
162 
159 
126 
130 
178 
133 
7 
151 
92 
23 
144 
99 
128 
118 
97 
183 
71 
143 
152 
109 
121 
26 
19 
156 
87 
127 
180 
104 
154 
102 
82 
99 
116 
165 
176 
1 
126 
124 
179 
22 
57 
170 
14 
33 
92 
112 
67 
115 
38 
172 
94 
68 
9 
134 
149 
182 
12 
71 
175 
162 
5 
117 
120 
184 
1 
80 
75 
63 
48 
49 
94 
105 
143 
90 
131 
42 
22 
40 
149 
159 
97 
154 
135 
19 
67 
9 
60 
128 
88 
31 
16 
18 
148 
3 
157 
6 
11 
59 
12 
138 
94 
167 
176 
139 
50 
89 
79 
175 
75 
164 
60 
44 
133 
177 
130 
7 
156 
129 
24 
23 
91 
45 
96 
180 
15 
42 
5 
54 
170 
126 
10 
187 
62 
22 
67 
63 
150 
68 
183 
163 
169 
34 
69 
17 
134 
35 
102 
157 
46 
114 
127 
137 
77 
70 
104 
78 
51 
31 
57 
162 
35 
65 
33 
39 
119 
138 
83 
98 
50 
88 
133 
84 
42 
165 
107 
142 
166 
69 
82 
9 
28 
5 
22 
48 
44 
175 
2 
27 
58 
102 
15 
138 
176 
49 
116 
14 
129 
60 
7 
161 
142 
164 
168 
33 
71 
109 
13 
160 
80 
106 
119 
82 
168 
68 
118 
174 
9 
22 
78 
187 
131 
64 
139 
73 
28 
86 
30 
148 
141 
149 
20 
26 
25 
151 
54 
27 
41 
53 
85 
152 
51 
56 
38 
163 
125 
111 
57 
114 
167 
3 
88 
37 
126 
81 
52 
5 
178 
150 
76 
11 
119 
74 
138 
9 
96 
50 
154 
127 
108 
23 
97 
109 
20 
25 
103 
38 
163 
180 
26 
183 
151 
176 
67 
113 
85 
21 
110 
141 
95 
57 
115 
99 
133 
8 
62 
58 
44 
164 
184 
135 
123 
108 
5 
131 
37 
78 
92 
63 
0 
8 
55 
122 
180 
13 
175 
28 
164 
87 
101 
69 
19 
83 
57 
20 
79 
81 
71 
17 
105 
148 
95 
133 
141 
115 
84 
183 
167 
106 
70 
86 
18 
182 
94 
98 
78 
104 
174 
5 
131 
75 
22 
76 
15 
55 
28 
171 
85 
87 
50 
150 
57 
12 
134 
172 
80 
107 
154 
138 
160 
19 
38 
122 
115 
137 
131 
81 
176 
120 
27 
88 
93 
39 
64 
43 
48 
157 
74 
165 
110 
28 
53 
61 
66 
23 
19 
91 
112 
49 
29 
119 
139 
127 
140 
11 
73 
115 
65 
160 
1 
155 
52 
183 
121 
47 
54 
151 
60 
33 
30 
104 
147 
29 
87 
180 
31 
138 
21 
14 
44 
120 
175 
134 
156 
106 
60 
105 
34 
48 
108 
15 
53 
24 
35 
38 
132 
57 
139 
56 
185 
76 
111 
83 
28 
69 
92 
181 
91 
124 
178 
131 
86 
49 
164 
30 
105 
11 
166 
10 
165 
154 
177 
15 
142 
80 
151 
159 
125 
99 
24 
160 
13 
71 
61 
79 
26 
96 
37 
139 
158 
8 
129 
7 
169 
134 
17 
176 
1 
80 
57 
43 
45 
0 
65 
18 
73 
62 
162 
69 
158 
52 
142 
87 
114 
153 
106 
149 
55 
46 
156 
12 
86 
88 
2 
41 
136 
115 
108 
67 
107 
80 
6 
53 
90 
178 
95 
16 
132 
63 
68 
175 
152 
41 
28 
8 
131 
135 
99 
37 
86 
76 
172 
140 
142 
123 
182 
26 
89 
90 
93 
4 
115 
187 
147 
42 
32 
84 
79 
7 
110 
33 
120 
164 
39 
29 
78 
139 
46 
169 
143 
27 
49 
177 
152 
174 
16 
126 
28 
75 
64 
26 
8 
124 
7 
89 
146 
70 
127 
160 
68 
3 
0 
22 
182 
43 
52 
185 
54 
105 
138 
131 
183 
44 
154 
67 
12 
94 
37 
161 
14 
132 
56 
6 
20 
77 
71 
70 
158 
169 
36 
128 
66 
24 
168 
150 
1 
84 
134 
145 
59 
82 
124 
5 
181 
123 
130 
137 
120 
40 
183 
158 
159 
149 
128 
30 
155 
163 
182 
122 
48 
16 
160 
37 
92 
127 
54 
98 
56 
186 
65 
110 
142 
15 
69 
71 
174 
119 
73 
168 
29 
66 
126 
63 
153 
72 
74 
134 
43 
81 
75 
27 
25 
92 
116 
160 
166 
9 
8 
3 
22 
52 
51 
6 
99 
147 
178 
79 
136 
118 
58 
181 
187 
138 
7 
174 
67 
41 
88 
182 
126 
163 
111 
179 
42 
11 
152 
28 
93 
131 
176 
137 
135 
27 
95 
52 
150 
96 
3 
24 
99 
75 
39 
86 
121 
114 
166 
123 
0 
173 
115 
106 
25 
172 
142 
64 
53 
156 
118 
99 
140 
22 
58 
52 
147 
13 
28 
177 
142 
90 
170 
97 
70 
87 
174 
180 
68 
120 
1 
133 
126 
163 
78 
37 
111 
166 
67 
45 
74 
124 
179 
130 
103 
164 
87 
158 
1 
132 
43 
51 
182 
26 
88 
28 
65 
6 
56 
67 
127 
55 
89 
148 
31 
27 
110 
185 
41 
124 
171 
50 
137 
16 
160 
24 
174 
157 
138 
141 
143 
62 
93 
6 
8 
144 
140 
44 
135 
112 
153 
85 
13 
61 
137 
74 
103 
60 
179 
58 
108 
77 
156 
91 
76 
4 
22 
159 
79 
148 
28 
19 
150 
123 
63 
139 
26 
135 
183 
180 
5 
174 
147 
176 
47 
94 
96 
35 
97 
92 
114 
10 
68 
13 
17 
173 
74 
132 
164 
93 
116 
21 
184 
156 
141 
95 
151 
30 
7 
8 
66 
150 
96 
168 
1 
159 
115 
87 
178 
3 
127 
81 
18 
72 
154 
52 
167 
65 
22 
174 
183 
131 
95 
103 
76 
117 
145 
97 
5 
91 
104 
154 
162 
46 
56 
29 
169 
161 
113 
118 
19 
36 
15 
25 
136 
187 
67 
72 
107 
150 
86 
22 
69 
115 
171 
50 
54 
168 
176 
31 
71 
62 
87 
100 
131 
68 
120 
3 
13 
175 
145 
49 
48 
144 
77 
42 
24 
142 
90 
2 
114 
161 
5 
147 
78 
59 
80 
71 
58 
112 
75 
108 
119 
167 
116 
15 
162 
128 
47 
7 
40 
182 
35 
79 
169 
27 
29 
159 
160 
65 
117 
176 
168 
68 
49 
180 
25 
89 
140 
38 
143 
151 
56 
164 
27 
84 
42 
39 
31 
54 
130 
165 
13 
110 
63 
76 
123 
1 
101 
159 
155 
134 
185 
102 
150 
118 
18 
79 
142 
114 
73 
57 
119 
108 
48 
93 
147 
117 
140 
169 
105 
41 
88 
172 
71 
39 
121 
163 
96 
133 
30 
78 
7 
120 
165 
145 
156 
177 
50 
110 
179 
76 
2 
111 
168 
48 
33 
27 
54 
81 
95 
92 
174 
148 
59 
166 
11 
49 
62 
23 
5 
56 
138 
178 
68 
163 
134 
43 
164 
168 
108 
75 
155 
55 
46 
153 
104 
25 
56 
143 
129 
180 
128 
175 
50 
15 
174 
89 
127 
157 
84 
183 
150 
138 
149 
66 
115 
82 
41 
90 
14 
25 
161 
71 
60 
73 
69 
43 
4 
162 
144 
164 
143 
75 
155 
72 
102 
138 
145 
11 
118 
140 
181 
136 
139 
186 
23 
93 
175 
182 
101 
153 
80 
38 
150 
160 
155 
21 
97 
54 
58 
140 
108 
141 
177 
130 
41 
56 
76 
187 
180 
67 
107 
103 
106 
0 
87 
151 
80 
39 
57 
14 
49 
147 
182 
136 
128 
118 
73 
152 
160 
162 
158 
176 
109 
144 
146 
6 
18 
155 
31 
107 
164 
175 
69 
103 
15 
36 
139 
180 
186 
170 
179 
44 
89 
14 
161 
23 
12 
8 
82 
21 
137 
75 
0 
3 
83 
181 
134 
165 
183 
46 
64 
122 
123 
65 
44 
104 
98 
156 
62 
172 
164 
136 
160 
69 
4 
60 
90 
39 
103 
162 
18 
119 
139 
99 
26 
40 
9 
140 
32 
168 
165 
181 
65 
109 
170 
155 
7 
111 
8 
167 
115 
54 
81 
91 
82 
100 
34 
117 
47 
162 
37 
73 
85 
156 
142 
112 
64 
187 
53 
2 
137 
77 
107 
134 
20 
109 
163 
118 
178 
88 
50 
147 
104 
186 
87 
68 
119 
117 
34 
35 
126 
153 
102 
71 
78 
31 
75 
95 
85 
41 
160 
63 
174 
76 
55 
107 
164 
110 
92 
15 
52 
88 
103 
84 
106 
38 
47 
46 
0 
9 
181 
90 
19 
50 
132 
136 
180 
141 
59 
80 
143 
4 
116 
161 
137 
144 
29 
99 
127 
15 
61 
160 
134 
184 
114 
88 
165 
35 
152 
1 
149 
12 
22 
105 
54 
150 
126 
5 
80 
169 
91 
53 
173 
65 
153 
82 
185 
120 
176 
116 
106 
55 
170 
85 
130 
159 
174 
13 
162 
94 
11 
182 
116 
150 
12 
64 
166 
112 
122 
156 
169 
128 
43 
85 
129 
181 
183 
79 
152 
127 
54 
178 
119 
76 
87 
88 
109 
105 
49 
30 
94 
41 
130 
135 
65 
31 
160 
34 
142 
46 
147 
141 
19 
163 
52 
176 
22 
101 
86 
153 
78 
75 
66 
85 
20 
29 
57 
67 
89 
110 
164 
175 
178 
81 
97 
122 
141 
152 
56 
176 
103 
76 
162 
15 
96 
12 
33 
181 
135 
62 
114 
48 
87 
38 
51 
23 
77 
74 
144 
110 
165 
28 
8 
133 
171 
174 
153 
156 
180 
32 
154 
31 
78 
140 
82 
142 
89 
126 
147 
91 
47 
49 
61 
20 
125 
158 
12 
29 
13 
114 
177 
88 
182 
26 
97 
90 
109 
128 
117 
42 
135 
72 
146 
127 
148 
93 
183 
27 
57 
33 
53 
113 
114 
28 
16 
143 
153 
8 
69 
42 
115 
10 
180 
58 
162 
77 
70 
62 
18 
43 
165 
30 
170 
138 
83 
167 
65 
39 
111 
7 
154 
90 
152 
67 
97 
185 
150 
117 
79 
5 
50 
34 
174 
52 
102 
4 
123 
155 
145 
179 
112 
82 
54 
119 
147 
80 
161 
116 
106 
107 
41 
29 
63 
39 
96 
51 
175 
163 
162 
94 
7 
44 
70 
103 
115 
166 
150 
132 
161 
47 
156 
53 
136 
135 
63 
107 
163 
104 
120 
13 
122 
66 
1 
183 
20 
149 
42 
176 
67 
55 
111 
41 
169 
144 
172 
37 
131 
33 
70 
69 
87 
8 
110 
97 
75 
94 
116 
100 
96 
101 
50 
156 
30 
91 
142 
31 
19 
6 
60 
58 
80 
22 
154 
70 
77 
5 
115 
160 
118 
26 
123 
108 
134 
91 
105 
174 
40 
110 
182 
186 
10 
72 
34 
114 
74 
18 
60 
61 
15 
62 
76 
25 
44 
47 
38 
52 
93 
104 
136 
88 
102 
171 
176 
72 
126 
94 
143 
101 
140 
160 
8 
86 
141 
144 
87 
32 
29 
11 
77 
147 
7 
62 
4 
20 
165 
149 
174 
54 
184 
3 
167 
131 
120 
122 
170 
35 
98 
56 
23 
123 
47 
140 
5 
25 
42 
152 
148 
48 
50 
129 
93 
64 
143 
157 
51 
1 
40 
76 
102 
49 
2 
35 
107 
106 
70 
164 
14 
114 
178 
185 
65 
12 
101 
183 
120 
175 
41 
119 
45 
50 
158 
61 
180 
115 
96 
124 
134 
186 
157 
2 
123 
25 
76 
179 
104 
41 
149 
136 
111 
88 
64 
4 
131 
112 
146 
169 
16 
177 
74 
68 
178 
129 
167 
152 
132 
156 
173 
25 
155 
170 
79 
98 
134 
63 
137 
103 
186 
48 
41 
54 
81 
29 
121 
19 
27 
64 
90 
51 
158 
26 
127 
114 
74 
139 
118 
2 
130 
116 
100 
126 
148 
169 
44 
24 
57 
181 
28 
15 
174 
3 
141 
53 
103 
139 
156 
92 
124 
68 
170 
113 
0 
56 
98 
84 
133 
153 
46 
49 
79 
162 
109 
186 
34 
29 
137 
141 
67 
82 
62 
60 
135 
87 
96 
138 
160 
44 
176 
164 
90 
79 
64 
91 
61 
48 
21 
185 
123 
41 
130 
115 
117 
68 
36 
165 
159 
74 
95 
157 
162 
63 
27 
112 
174 
75 
114 
149 
178 
161 
121 
76 
10 
129 
182 
168 
165 
140 
135 
134 
45 
49 
69 
151 
137 
107 
8 
116 
153 
139 
16 
172 
96 
36 
175 
58 
42 
38 
47 
179 
12 
111 
88 
138 
33 
34 
22 
108 
92 
39 
66 
0 
14 
23 
123 
67 
160 
150 
73 
60 
133 
87 
15 
27 
96 
4 
179 
141 
169 
48 
174 
84 
95 
51 
134 
12 
35 
127 
50 
143 
162 
117 
83 
69 
42 
76 
181 
73 
180 
124 
120 
6 
45 
132 
97 
151 
70 
59 
67 
111 
116 
170 
16 
112 
140 
85 
98 
126 
141 
96 
179 
146 
25 
87 
23 
58 
56 
38 
49 
139 
99 
95 
51 
177 
37 
159 
181 
6 
153 
178 
175 
14 
172 
11 
80 
154 
111 
47 
35 
57 
113 
155 
138 
120 
158 
103 
109 
41 
97 
180 
112 
66 
48 
122 
102 
154 
127 
49 
90 
61 
42 
162 
179 
165 
29 
64 
85 
14 
99 
186 
71 
17 
67 
121 
36 
167 
76 
110 
1 
174 
109 
4 
48 
129 
173 
94 
130 
146 
44 
141 
185 
5 
132 
107 
70 
147 
59 
54 
90 
162 
96 
63 
29 
46 
169 
158 
81 
129 
93 
127 
179 
17 
76 
171 
67 
23 
142 
168 
121 
89 
116 
182 
36 
27 
98 
45 
97 
120 
153 
7 
164 
129 
82 
175 
37 
133 
176 
18 
51 
19 
181 
127 
150 
5 
77 
106 
13 
173 
76 
121 
42 
157 
183 
86 
64 
103 
34 
15 
66 
28 
3 
112 
17 
10 
144 
40 
183 
81 
138 
99 
22 
177 
33 
156 
100 
44 
145 
162 
153 
165 
159 
112 
127 
175 
81 
115 
163 
92 
185 
86 
36 
177 
53 
5 
18 
151 
134 
110 
20 
128 
137 
79 
123 
95 
107 
174 
4 
166 
106 
11 
181 
61 
99 
60 
161 
178 
14 
25 
183 
109 
32 
153 
46 
89 
61 
80 
21 
53 
124 
181 
58 
103 
90 
29 
112 
167 
172 
24 
136 
33 
114 
142 
109 
165 
1 
5 
43 
20 
168 
67 
30 
121 
131 
175 
9 
36 
38 
177 
156 
155 
108 
129 
117 
94 
18 
176 
22 
163 
123 
37 
169 
0 
21 
72 
27 
152 
15 
51 
181 
102 
52 
160 
127 
158 
112 
172 
29 
95 
128 
144 
180 
90 
78 
68 
178 
5 
33 
38 
69 
110 
125 
156 
170 
62 
63 
139 
129 
179 
147 
86 
82 
26 
181 
124 
2 
0 
19 
127 
25 
46 
132 
87 
11 
86 
69 
3 
1 
147 
75 
56 
8 
53 
23 
88 
67 
176 
163 
171 
17 
31 
118 
97 
83 
70 
2 
113 
81 
60 
87 
161 
125 
8 
182 
156 
120 
134 
145 
64 
121 
28 
22 
51 
139 
105 
116 
4 
178 
40 
76 
184 
87 
183 
5 
110 
135 
53 
75 
93 
132 
0 
185 
161 
138 
123 
61 
80 
60 
165 
39 
179 
57 
28 
2 
37 
50 
64 
158 
187 
148 
0 
71 
90 
172 
156 
29 
185 
17 
44 
157 
63 
128 
88 
182 
151 
73 
16 
102 
114 
110 
18 
106 
58 
135 
105 
95 
131 
173 
70 
42 
66 
87 
103 
130 
180 
137 
81 
88 
104 
115 
75 
34 
156 
65 
169 
78 
8 
97 
143 
71 
151 
38 
54 
101 
11 
10 
52 
105 
124 
55 
15 
96 
99 
18 
156 
2 
90 
49 
183 
41 
50 
75 
6 
16 
27 
53 
85 
178 
131 
144 
116 
103 
102 
161 
171 
46 
65 
176 
28 
127 
66 
10 
34 
39 
159 
21 
123 
32 
153 
44 
58 
126 
162 
6 
72 
158 
125 
137 
52 
66 
122 
116 
131 
54 
106 
141 
154 
135 
43 
35 
132 
70 
152 
48 
79 
142 
133 
41 
90 
38 
182 
134 
181 
94 
84 
157 
23 
1 
111 
145 
76 
175 
93 
43 
86 
133 
179 
165 
160 
50 
98 
156 
64 
126 
41 
17 
184 
129 
67 
39 
9 
8 
121 
113 
62 
127 
49 
35 
85 
78 
21 
152 
166 
162 
90 
29 
105 
30 
150 
82 
59 
53 
76 
185 
87 
51 
57 
172 
38 
13 
97 
70 
169 
129 
45 
85 
102 
28 
174 
122 
1 
131 
111 
4 
124 
151 
168 
47 
2 
162 
59 
105 
129 
25 
56 
101 
125 
89 
63 
22 
0 
75 
115 
182 
146 
140 
91 
83 
9 
53 
184 
160 
68 
37 
186 
118 
179 
168 
137 
52 
166 
32 
102 
19 
60 
40 
105 
113 
139 
99 
130 
165 
30 
21 
42 
135 
24 
187 
31 
143 
177 
104 
22 
84 
111 
18 
98 
73 
7 
132 
182 
48 
50 
65 
133 
142 
183 
89 
112 
52 
12 
118 
57 
103 
19 
99 
130 
94 
141 
54 
63 
78 
105 
14 
29 
92 
162 
27 
21 
36 
17 
121 
51 
153 
70 
30 
25 
185 
149 
10 
103 
34 
80 
93 
86 
171 
2 
178 
8 
173 
55 
23 
5 
114 
169 
21 
183 
72 
50 
76 
107 
49 
64 
163 
145 
184 
53 
167 
122 
171 
187 
73 
11 
176 
113 
166 
109 
112 
152 
80 
79 
90 
111 
183 
76 
128 
44 
27 
159 
37 
136 
161 
34 
138 
74 
174 
114 
78 
120 
142 
167 
16 
25 
162 
119 
40 
42 
94 
6 
8 
83 
20 
139 
121 
114 
156 
140 
182 
170 
41 
48 
135 
176 
26 
51 
65 
180 
44 
132 
77 
119 
151 
149 
116 
73 
94 
124 
63 
186 
1 
9 
168 
129 
32 
74 
6 
35 
83 
10 
114 
75 
70 
30 
104 
133 
92 
146 
116 
39 
163 
142 
90 
93 
121 
171 
14 
151 
103 
80 
159 
108 
115 
50 
125 
154 
114 
3 
117 
42 
173 
174 
44 
55 
157 
135 
18 
140 
90 
1 
41 
53 
59 
81 
15 
37 
101 
19 
102 
20 
150 
165 
96 
27 
183 
118 
33 
76 
83 
135 
167 
98 
131 
9 
44 
97 
185 
122 
161 
155 
172 
111 
109 
178 
63 
42 
153 
23 
93 
116 
174 
118 
45 
59 
80 
19 
151 
168 
67 
15 
88 
131 
38 
62 
75 
108 
91 
20 
182 
115 
134 
172 
104 
114 
1 
40 
123 
87 
113 
50 
187 
169 
178 
100 
28 
138 
90 
72 
154 
88 
130 
95 
94 
39 
5 
174 
70 
77 
35 
111 
80 
79 
142 
29 
10 
83 
17 
125 
117 
33 
62 
178 
106 
113 
6 
183 
82 
135 
172 
81 
12 
21 
92 
173 
38 
73 
93 
115 
1 
122 
32 
95 
50 
42 
56 
156 
154 
3 
63 
143 
28 
138 
55 
34 
110 
69 
37 
81 
178 
12 
150 
137 
153 
165 
158 
16 
67 
58 
6 
0 
12 
28 
77 
135 
95 
107 
21 
157 
174 
94 
49 
47 
110 
122 
130 
182 
19 
166 
24 
42 
102 
134 
167 
183 
61 
67 
91 
176 
186 
106 
114 
159 
171 
162 
81 
26 
64 
54 
112 
138 
3 
174 
80 
165 
95 
96 
133 
46 
147 
105 
176 
131 
124 
185 
158 
6 
141 
24 
127 
152 
128 
108 
159 
42 
87 
146 
129 
27 
12 
52 
38 
106 
137 
76 
14 
59 
51 
54 
161 
117 
11 
66 
80 
174 
166 
114 
137 
41 
88 
68 
0 
24 
103 
128 
53 
118 
77 
17 
72 
104 
31 
124 
13 
84 
96 
147 
66 
160 
2 
76 
28 
39 
179 
48 
183 
3 
171 
32 
140 
68 
87 
59 
55 
5 
187 
109 
141 
159 
96 
129 
60 
83 
114 
8 
79 
58 
38 
70 
144 
65 
186 
78 
76 
30 
119 
132 
110 
25 
4 
64 
60 
26 
106 
108 
116 
147 
94 
121 
11 
127 
36 
91 
83 
141 
8 
75 
85 
149 
100 
10 
57 
138 
146 
162 
168 
74 
130 
107 
9 
161 
89 
88 
186 
38 
140 
142 
180 
143 
19 
75 
24 
77 
76 
57 
157 
93 
166 
12 
127 
152 
108 
145 
15 
90 
98 
165 
95 
182 
130 
175 
86 
50 
18 
168 
4 
131 
97 
6 
12 
66 
55 
38 
140 
30 
82 
59 
127 
79 
34 
107 
61 
70 
167 
21 
122 
52 
114 
53 
137 
36 
71 
77 
121 
176 
130 
8 
28 
51 
37 
172 
9 
21 
165 
178 
2 
132 
75 
160 
146 
156 
143 
4 
39 
133 
162 
11 
13 
177 
34 
60 
129 
57 
150 
48 
184 
24 
76 
66 
119 
135 
114 
64 
181 
37 
174 
9 
78 
79 
36 
47 
8 
173 
128 
154 
180 
146 
38 
16 
175 
59 
118 
105 
48 
32 
121 
178 
158 
53 
9 
140 
51 
168 
143 
76 
3 
15 
62 
161 
49 
164 
98 
78 
142 
119 
33 
21 
107 
82 
2 
117 
137 
87 
68 
162 
66 
152 
133 
161 
178 
81 
138 
12 
39 
154 
170 
16 
30 
74 
8 
163 
25 
15 
117 
120 
136 
88 
1 
92 
13 
108 
183 
33 
90 
168 
174 
126 
160 
85 
123 
95 
107 
94 
74 
72 
151 
185 
125 
186 
135 
111 
120 
77 
45 
109 
15 
22 
138 
66 
133 
0 
140 
173 
86 
130 
52 
134 
6 
156 
144 
44 
17 
50 
47 
176 
142 
98 
169 
59 
137 
26 
159 
182 
24 
136 
14 
39 
2 
81 
63 
135 
160 
27 
3 
99 
38 
111 
68 
131 
118 
8 
184 
21 
174 
178 
185 
53 
176 
31 
187 
17 
51 
61 
24 
77 
147 
16 
22 
78 
67 
117 
104 
26 
58 
57 
155 
123 
159 
48 
170 
20 
40 
0 
168 
63 
143 
171 
175 
42 
72 
109 
100 
21 
30 
123 
61 
67 
169 
137 
32 
140 
39 
76 
116 
6 
49 
186 
99 
130 
181 
83 
133 
97 
149 
2 
57 
180 
25 
69 
110 
114 
34 
51 
54 
90 
126 
46 
177 
0 
66 
28 
93 
155 
113 
171 
187 
152 
79 
35 
102 
45 
104 
41 
105 
108 
184 
151 
12 
40 
135 
48 
14 
180 
21 
130 
10 
17 
129 
73 
134 
106 
127 
35 
32 
150 
2 
15 
95 
80 
105 
185 
53 
109 
36 
111 
22 
44 
42 
130 
135 
172 
166 
56 
96 
9 
145 
157 
51 
84 
179 
46 
147 
27 
141 
65 
57 
60 
142 
62 
106 
54 
70 
144 
154 
174 
42 
74 
28 
173 
180 
140 
97 
117 
40 
105 
25 
102 
13 
135 
181 
66 
148 
5 
67 
38 
168 
167 
99 
65 
104 
45 
48 
132 
156 
51 
6 
30 
80 
121 
137 
115 
7 
36 
96 
184 
72 
62 
61 
107 
135 
139 
21 
171 
108 
11 
60 
43 
63 
93 
3 
100 
174 
157 
126 
87 
116 
101 
159 
90 
162 
55 
111 
183 
140 
173 
53 
34 
33 
129 
38 
27 
182 
146 
117 
136 
26 
70 
156 
51 
12 
6 
111 
92 
137 
56 
181 
125 
157 
23 
134 
130 
167 
178 
69 
21 
145 
172 
71 
46 
138 
0 
174 
42 
155 
30 
109 
85 
32 
114 
24 
152 
150 
184 
96 
94 
102 
164 
136 
78 
176 
144 
147 
178 
90 
156 
139 
7 
14 
69 
121 
123 
75 
127 
149 
104 
168 
163 
36 
77 
152 
91 
42 
110 
182 
180 
80 
131 
83 
81 
26 
170 
8 
60 
106 
89 
63 
44 
166 
69 
93 
13 
85 
86 
145 
17 
174 
33 
94 
55 
151 
42 
173 
97 
116 
73 
172 
68 
67 
23 
64 
35 
36 
109 
82 
111 
185 
155 
26 
76 
37 
187 
24 
118 
128 
168 
9 
127 
117 
176 
62 
0 
95 
22 
152 
97 
107 
99 
177 
37 
166 
15 
24 
53 
147 
39 
8 
13 
77 
32 
109 
58 
20 
179 
181 
126 
36 
121 
127 
66 
2 
40 
158 
59 
92 
86 
79 
176 
38 
122 
44 
100 
112 
35 
134 
108 
139 
89 
128 
19 
176 
92 
4 
69 
49 
25 
93 
68 
58 
167 
182 
63 
156 
87 
169 
170 
70 
180 
46 
42 
13 
118 
126 
50 
97 
37 
105 
18 
3 
116 
12 
178 
28 
130 
143 
66 
22 
41 
45 
6 
43 
55 
20 
169 
47 
118 
141 
1 
21 
91 
58 
66 
51 
174 
115 
11 
40 
103 
78 
95 
166 
124 
72 
13 
181 
128 
161 
76 
18 
77 
113 
35 
131 
9 
70 
150 
41 
68 
24 
110 
142 
155 
47 
174 
175 
16 
45 
54 
149 
135 
109 
159 
129 
120 
150 
161 
186 
51 
68 
183 
12 
187 
127 
63 
38 
20 
80 
43 
136 
58 
108 
11 
158 
180 
169 
0 
116 
113 
1 
148 
28 
114 
40 
166 
13 
61 
185 
4 
177 
157 
130 
59 
107 
120 
81 
73 
17 
33 
6 
121 
178 
163 
115 
186 
131 
168 
118 
113 
160 
25 
75 
53 
99 
69 
128 
47 
92 
139 
167 
114 
174 
68 
151 
105 
96 
12 
109 
70 
119 
27 
158 
85 
45 
67 
98 
87 
103 
130 
38 
44 
25 
16 
157 
11 
182 
156 
112 
165 
161 
92 
169 
26 
172 
163 
58 
93 
184 
46 
164 
97 
114 
69 
139 
187 
185 
50 
171 
51 
53 
78 
110 
128 
183 
134 
69 
18 
6 
57 
145 
144 
13 
38 
131 
58 
20 
118 
168 
127 
142 
170 
182 
135 
114 
30 
111 
37 
120 
149 
45 
5 
129 
176 
12 
113 
140 
151 
97 
7 
122 
13 
146 
121 
125 
96 
119 
120 
30 
148 
161 
116 
48 
164 
178 
92 
77 
35 
46 
105 
171 
0 
43 
117 
81 
109 
167 
19 
85 
96 
69 
30 
93 
108 
12 
26 
15 
33 
112 
75 
53 
58 
154 
70 
63 
102 
125 
94 
103 
80 
185 
115 
66 
9 
105 
145 
13 
116 
84 
122 
21 
45 
166 
117 
155 
138 
174 
169 
93 
28 
51 
19 
85 
24 
59 
2 
153 
40 
36 
67 
99 
68 
172 
4 
177 
118 
6 
132 
92 
167 
94 
16 
174 
0 
62 
164 
124 
69 
12 
57 
15 
134 
169 
162 
71 
49 
32 
137 
1 
135 
84 
186 
47 
146 
149 
54 
70 
100 
31 
45 
121 
166 
182 
52 
118 
48 
112 
104 
8 
36 
53 
132 
59 
122 
29 
73 
68 
158 
99 
141 
10 
98 
40 
175 
162 
126 
26 
42 
153 
85 
4 
121 
22 
96 
67 
56 
174 
127 
172 
148 
41 
152 
102 
114 
97 
45 
166 
163 
0 
117 
92 
32 
153 
95 
93 
125 
73 
150 
76 
115 
27 
121 
111 
59 
79 
140 
18 
38 
14 
62 
23 
30 
167 
28 
50 
74 
41 
180 
64 
126 
4 
172 
94 
99 
118 
129 
183 
105 
171 
67 
186 
36 
169 
109 
161 
168 
181 
165 
74 
117 
39 
59 
11 
131 
145 
156 
97 
127 
35 
89 
168 
108 
16 
78 
45 
2 
114 
29 
187 
163 
113 
153 
42 
140 
121 
67 
139 
41 
159 
123 
182 
59 
80 
177 
152 
105 
86 
8 
88 
176 
34 
62 
46 
26 
69 
61 
158 
165 
65 
38 
0 
157 
84 
31 
53 
93 
124 
166 
176 
36 
87 
114 
22 
135 
187 
129 
125 
17 
39 
20 
150 
126 
172 
50 
88 
80 
186 
124 
49 
67 
111 
1 
103 
139 
183 
104 
54 
20 
90 
175 
98 
53 
102 
113 
24 
35 
100 
147 
153 
72 
73 
84 
68 
60 
22 
140 
152 
2 
155 
131 
115 
156 
174 
8 
118 
101 
65 
36 
53 
32 
127 
160 
33 
169 
34 
100 
132 
62 
25 
42 
144 
67 
57 
19 
30 
163 
44 
14 
6 
18 
70 
39 
50 
69 
58 
83 
27 
119 
172 
183 
159 
66 
10 
87 
111 
53 
110 
124 
52 
73 
76 
51 
103 
100 
160 
96 
79 
74 
58 
145 
183 
121 
29 
178 
149 
54 
102 
26 
81 
45 
134 
175 
144 
50 
89 
137 
61 
153 
148 
31 
53 
24 
112 
87 
142 
120 
168 
165 
175 
1 
33 
20 
66 
0 
145 
113 
178 
73 
95 
70 
185 
97 
139 
41 
43 
27 
101 
115 
63 
38 
182 
174 
49 
173 
107 
162 
75 
6 
55 
186 
103 
48 
128 
10 
34 
148 
91 
177 
19 
98 
180 
12 
113 
72 
114 
88 
15 
20 
117 
109 
41 
29 
63 
105 
186 
30 
104 
89 
25 
116 
93 
28 
78 
58 
129 
21 
156 
135 
91 
81 
