0.018200 
0.020800 
0.023700 
0.030100 
0.037400 
0.038100 
0.041500 
0.042500 
0.043300 
0.046800 
0.049800 
0.050500 
0.052900 
0.053100 
0.054700 
0.056100 
0.059900 
0.059900 
0.067800 
0.068500 
0.073600 
0.075400 
0.078500 
0.084300 
0.084700 
0.085400 
0.085700 
0.090000 
0.091800 
0.093200 
0.094600 
0.094700 
0.095000 
0.095600 
0.100500 
0.102100 
0.104800 
0.115700 
0.118600 
0.123400 
0.124600 
0.128300 
0.131300 
0.131800 
0.133200 
0.133500 
0.136500 
0.137100 
0.137400 
0.140300 
0.140900 
0.143200 
0.144100 
0.144400 
0.147200 
0.147300 
0.150400 
0.152700 
0.156100 
0.157400 
0.159200 
0.160500 
0.164400 
0.167700 
0.168400 
0.169100 
0.175300 
0.178100 
0.180000 
0.183200 
0.183800 
0.184400 
0.185000 
0.187000 
0.187700 
0.189800 
0.190500 
0.190800 
0.193000 
0.193600 
0.194100 
0.198000 
0.200700 
0.203900 
0.206500 
0.206900 
0.207600 
0.213900 
0.216400 
0.217600 
0.219400 
0.222600 
0.224500 
0.224700 
0.235200 
0.235600 
0.237500 
0.237800 
0.240400 
0.241000 
0.243300 
0.244700 
0.245700 
0.253300 
0.253900 
0.254000 
0.257400 
0.258800 
0.260200 
0.261400 
0.262900 
0.266300 
0.267200 
0.269400 
0.270600 
0.273500 
0.275600 
0.276100 
0.277200 
0.279900 
0.280500 
0.280900 
0.281800 
0.282400 
0.283500 
0.285300 
0.285800 
0.287500 
0.289000 
0.290600 
0.291500 
0.291800 
0.295200 
0.299400 
0.301100 
0.302300 
0.303300 
0.303800 
0.304000 
0.307300 
0.309100 
0.309100 
0.311200 
0.312200 
0.313900 
0.314800 
0.316200 
0.320200 
0.326200 
0.327700 
0.328100 
0.328200 
0.330500 
0.330600 
0.331600 
0.336000 
0.351600 
0.355000 
0.356700 
0.358800 
0.363800 
0.366000 
0.366700 
0.367800 
0.370100 
0.375100 
0.377800 
0.377900 
0.382100 
0.385900 
0.386700 
0.387600 
0.387900 
0.388100 
0.394300 
0.397400 
0.408800 
0.408900 
0.409100 
0.409700 
0.412200 
0.415500 
0.418600 
0.418600 
0.423000 
0.423800 
0.425100 
0.425300 
0.425900 
0.427200 
0.427700 
0.428600 
0.429800 
0.432800 
0.433800 
0.434800 
0.437100 
0.438900 
0.439200 
0.440400 
0.443000 
0.444600 
0.448400 
0.450100 
0.451900 
0.452400 
0.457000 
0.457200 
0.459700 
0.465300 
0.465900 
0.468200 
0.472800 
0.477300 
0.479400 
0.482200 
0.483100 
0.483600 
0.487200 
0.488800 
0.489000 
0.490100 
0.498800 
0.499600 
0.500600 
0.505200 
0.505400 
0.505800 
0.506000 
0.507200 
0.507400 
0.512400 
0.512400 
0.514000 
0.515200 
0.515700 
0.519900 
0.521200 
0.525700 
0.526700 
0.527300 
0.532600 
0.535000 
0.538700 
0.539700 
0.540500 
0.540800 
0.540800 
0.543700 
0.548100 
0.549900 
0.553900 
0.554700 
0.556500 
0.557400 
0.557700 
0.559300 
0.561400 
0.566200 
0.568600 
0.568700 
0.569600 
0.571900 
0.574600 
0.574600 
0.576000 
0.580300 
0.583100 
0.584000 
0.584500 
0.586100 
0.586200 
0.588900 
0.592000 
0.593600 
0.594700 
0.602200 
0.603400 
0.603800 
0.605100 
0.606400 
0.610700 
0.611200 
0.613900 
0.615400 
0.618100 
0.621300 
0.623100 
0.627700 
0.628400 
0.630000 
0.630100 
0.630100 
0.630200 
0.633100 
0.638800 
0.640200 
0.640900 
0.642200 
0.644700 
0.646200 
0.646200 
0.646700 
0.647300 
0.651400 
0.652900 
0.657500 
0.658500 
0.660100 
0.661100 
0.661700 
0.662100 
0.662300 
0.665700 
0.665700 
0.667600 
0.668900 
0.673600 
0.674800 
0.676900 
0.678100 
0.681300 
0.683000 
0.683800 
0.687800 
0.689000 
0.691600 
0.692700 
0.695400 
0.697500 
0.699100 
0.699400 
0.701100 
0.702000 
0.702800 
0.704300 
0.706700 
0.708900 
0.709600 
0.710800 
0.713700 
0.713900 
0.714400 
0.715000 
0.715600 
0.716200 
0.719900 
0.723500 
0.732600 
0.741300 
0.744500 
0.744900 
0.745000 
0.751400 
0.752100 
0.753400 
0.756200 
0.758300 
0.758600 
0.758800 
0.759100 
0.759800 
0.759900 
0.764600 
0.769100 
0.770400 
0.772600 
0.774600 
0.783000 
0.784600 
0.785400 
0.786700 
0.790500 
0.791700 
0.793700 
0.795800 
0.800300 
0.801600 
0.802200 
0.805300 
0.805400 
0.813000 
0.813900 
0.814200 
0.816600 
0.817100 
0.817100 
0.819500 
0.823500 
0.823900 
0.826000 
0.831700 
0.833000 
0.835600 
0.835900 
0.836700 
0.838800 
0.841400 
0.843700 
0.845500 
0.849500 
0.849600 
0.850000 
0.853700 
0.855200 
0.857200 
0.859700 
0.860700 
0.860900 
0.861600 
0.861900 
0.867700 
0.867700 
0.869000 
0.872700 
0.874200 
0.874600 
0.875100 
0.875600 
0.876700 
0.882800 
0.883100 
0.883100 
0.884000 
0.885000 
0.885500 
0.885500 
0.890000 
0.890500 
0.891900 
0.893000 
0.894200 
0.894800 
0.896000 
0.897200 
0.897900 
0.901000 
0.904700 
0.915800 
0.915900 
0.916100 
0.917000 
0.918100 
0.919500 
0.921200 
0.922500 
0.922900 
0.923500 
0.923600 
0.925000 
0.925500 
0.930800 
0.933700 
0.934100 
0.934500 
0.937900 
0.940700 
0.942000 
0.944500 
0.944500 
0.947700 
0.949300 
0.950100 
0.957900 
0.959600 
0.960000 
0.963300 
0.963800 
0.964800 
0.965900 
0.965900 
0.967900 
0.971700 
0.976500 
0.978000 
0.978400 
0.979700 
0.981100 
0.982100 
0.982400 
0.982500 
0.983100 
0.984400 
0.987100 
0.988200 
0.992100 
0.992100 
0.996400 
0.997500 
0.998900 
0.999500 
0.999800 
1.000200 
1.000200 
1.005700 
1.007800 
1.009400 
1.009600 
1.009800 
1.010300 
1.012700 
1.013100 
1.013200 
1.013300 
1.014800 
1.015700 
1.017000 
1.017700 
1.018800 
1.019300 
1.019400 
1.019800 
1.019900 
1.019900 
1.020800 
1.022000 
1.022700 
1.022900 
1.023800 
1.023900 
1.024600 
1.025300 
1.026200 
1.026200 
1.026600 
1.027300 
1.027700 
1.029500 
1.030100 
1.030600 
1.030700 
1.030800 
1.031800 
1.032000 
1.032700 
1.032700 
1.032800 
1.032900 
1.033000 
1.033600 
1.033700 
1.033800 
1.034500 
1.034900 
1.035100 
1.035500 
1.035500 
1.036000 
1.036100 
1.036400 
1.036500 
1.036700 
1.036700 
1.037100 
1.037100 
1.037300 
1.038300 
1.038400 
1.038500 
1.038800 
1.038900 
1.039200 
1.039400 
1.039700 
1.039900 
1.040100 
1.040400 
1.040600 
1.040700 
1.042100 
1.042900 
1.043400 
1.044200 
1.045400 
1.045600 
1.045600 
1.046100 
1.046600 
1.046700 
1.047000 
1.047500 
1.049200 
1.049300 
1.049300 
1.049800 
1.049900 
1.050300 
1.050500 
1.051000 
1.052000 
1.052000 
1.052100 
1.052300 
1.054300 
1.054300 
1.054400 
1.055500 
1.055700 
1.056000 
1.056000 
1.056600 
1.060100 
1.060700 
1.063900 
1.065300 
1.066400 
1.067000 
1.067100 
1.067500 
1.067600 
1.068700 
1.069100 
1.069400 
1.070100 
1.070300 
1.070400 
1.071300 
1.071500 
1.072000 
1.075800 
1.076100 
1.076200 
1.077000 
1.077300 
1.079000 
1.079300 
1.079500 
1.080400 
1.082000 
1.082600 
1.084000 
1.084600 
1.085400 
1.085400 
1.085400 
1.085500 
1.086800 
1.086800 
1.087400 
1.087600 
1.089400 
1.089400 
1.089600 
1.090600 
1.090800 
1.091000 
1.091200 
1.091300 
1.091600 
1.092500 
1.092600 
1.092700 
1.093000 
1.094000 
1.094100 
1.094600 
1.094600 
1.095200 
1.095600 
1.097900 
1.097900 
1.098200 
1.098400 
1.098500 
1.098900 
1.099300 
1.099500 
1.099600 
1.100800 
1.101000 
1.101200 
1.101300 
1.101800 
1.102000 
1.102400 
1.102600 
1.102700 
1.103000 
1.103200 
1.103200 
1.103400 
1.104000 
1.104300 
1.104700 
1.104900 
1.105000 
1.105400 
1.105500 
1.105600 
1.105600 
1.105800 
1.106400 
1.107100 
1.107600 
1.107700 
1.108000 
1.108200 
1.109300 
1.110400 
1.110800 
1.111300 
1.111900 
1.112400 
1.112600 
1.112800 
1.113300 
1.113500 
1.113500 
1.114200 
1.115500 
1.116100 
1.118200 
1.118200 
1.118600 
1.118700 
1.120700 
1.121400 
1.122300 
1.122400 
1.123200 
1.123400 
1.123600 
1.124400 
1.124700 
1.124700 
1.124900 
1.125000 
1.125100 
1.125100 
1.125700 
1.125800 
1.127100 
1.127700 
1.128000 
1.128400 
1.128400 
1.128500 
1.129000 
1.129200 
1.129400 
1.129700 
1.130600 
1.131300 
1.131700 
1.131900 
1.132100 
1.132500 
1.134300 
1.135500 
1.135500 
1.136700 
1.137000 
1.137400 
1.137400 
1.137500 
1.138600 
1.138700 
1.140400 
1.140600 
1.140900 
1.141300 
1.142000 
1.142000 
1.142100 
1.143800 
1.145800 
1.146000 
1.146100 
1.146400 
1.146500 
1.147500 
1.147600 
1.149000 
1.149500 
1.151400 
1.152700 
1.153200 
1.153200 
1.153300 
1.153900 
1.155400 
1.155700 
1.155700 
1.156700 
1.156900 
1.157000 
1.157400 
1.157600 
1.157600 
1.157600 
1.157800 
1.158200 
1.159000 
1.159200 
1.159200 
1.159300 
1.159600 
1.159900 
1.160800 
1.161000 
1.161200 
1.163000 
1.163500 
1.164000 
1.164300 
1.165700 
1.165900 
1.166600 
1.167700 
1.167800 
1.168000 
1.168300 
1.168700 
1.168700 
1.169900 
1.170500 
1.170500 
1.170900 
1.171500 
1.172300 
1.172600 
1.173100 
1.173700 
1.174800 
1.174800 
1.174900 
1.175300 
1.175700 
1.176100 
1.176300 
1.176400 
1.176800 
1.176900 
1.176900 
1.176900 
1.177000 
1.177300 
1.177500 
1.179500 
1.180000 
1.180100 
1.180200 
1.180300 
1.180300 
1.180600 
1.180800 
1.180800 
1.181200 
1.181200 
1.183500 
1.183500 
1.183500 
1.184400 
1.184800 
1.186500 
1.186600 
1.187100 
1.187800 
1.188300 
1.188900 
1.189000 
1.190700 
1.193300 
1.193300 
1.193600 
1.193700 
1.193700 
1.194000 
1.194100 
1.195400 
1.195900 
1.196700 
1.197400 
1.197600 
1.197800 
1.198200 
1.198300 
1.199000 
1.199200 
1.200300 
1.200900 
1.201400 
1.202300 
1.202400 
1.204200 
1.206400 
1.206400 
1.207100 
1.207200 
1.208700 
1.208900 
1.209300 
1.209400 
1.209700 
1.210700 
1.210700 
1.210800 
1.212500 
1.212600 
1.212900 
1.213500 
1.213600 
1.213700 
1.213900 
1.214200 
1.218900 
1.219200 
1.219900 
1.219900 
1.220900 
1.222600 
1.222800 
1.223900 
1.224000 
1.224500 
1.224700 
1.226000 
1.227000 
1.227200 
1.228300 
1.228800 
1.229800 
1.229800 
1.229900 
1.230100 
1.230700 
1.231700 
1.232600 
1.232800 
1.232800 
1.234300 
1.235200 
1.236900 
1.237400 
1.237600 
1.237600 
1.238000 
1.238400 
1.239000 
1.239800 
1.239900 
1.240000 
1.240400 
1.240400 
1.240600 
1.240800 
1.241400 
1.241600 
1.241900 
1.242200 
1.243500 
1.244100 
1.244200 
1.244500 
1.245600 
1.245900 
1.246100 
1.246300 
1.246500 
1.247000 
1.247200 
1.247600 
1.248000 
1.248600 
1.248700 
1.249600 
1.250900 
1.251100 
1.251300 
1.251900 
1.251900 
1.252000 
1.252100 
1.252300 
1.252800 
1.252900 
1.253100 
1.253200 
1.253400 
1.255000 
1.255100 
1.255400 
1.255800 
1.256000 
1.256100 
1.256500 
1.256600 
1.256800 
1.256900 
1.257100 
1.257300 
1.257400 
1.258200 
1.258500 
1.258600 
1.258700 
1.259400 
1.259400 
1.259700 
1.259800 
1.259900 
1.260500 
1.261800 
1.261900 
1.262800 
1.263900 
1.264100 
1.265100 
1.265500 
1.265800 
1.266600 
1.266800 
1.268100 
1.268100 
1.268700 
1.268800 
1.269100 
1.269200 
1.270500 
1.270700 
1.271200 
1.271300 
1.272000 
1.272500 
1.272800 
1.273200 
1.274800 
1.277500 
1.277500 
1.277600 
1.278400 
1.278500 
1.278800 
1.279300 
1.280000 
1.280100 
1.281000 
1.281800 
1.282500 
1.283200 
1.283200 
1.283500 
1.284100 
1.284500 
1.286200 
1.286700 
1.287400 
1.287500 
1.287900 
1.288100 
1.288300 
1.288700 
1.288800 
1.289300 
1.290400 
1.290800 
1.290900 
1.291600 
1.292100 
1.292300 
1.293800 
1.294500 
1.294800 
1.295100 
1.295500 
1.296100 
1.296200 
1.296400 
1.296800 
1.297000 
1.297000 
1.297300 
1.297700 
1.298600 
1.298700 
1.298700 
1.298900 
1.298900 
1.300800 
1.301000 
1.301200 
1.301700 
1.301700 
1.302200 
1.302500 
1.302600 
1.302600 
1.303300 
1.303400 
1.303400 
1.304400 
1.304900 
1.305600 
1.306200 
1.306600 
1.307200 
1.307200 
1.307900 
1.308500 
1.308800 
1.309800 
1.310800 
1.311000 
1.311300 
1.312000 
1.312300 
1.312300 
1.313700 
1.314300 
1.314700 
1.315100 
1.315200 
1.315400 
1.315700 
1.316100 
1.316200 
1.316700 
1.318100 
1.319100 
1.319300 
1.319600 
1.319900 
1.319900 
1.320700 
1.321600 
1.323200 
1.323800 
1.324000 
1.324200 
1.324900 
1.325000 
1.325400 
1.325600 
1.326200 
1.326600 
1.326700 
1.327300 
1.327700 
1.327700 
1.328800 
1.330500 
1.330500 
1.330900 
1.331000 
1.331500 
1.332100 
1.332400 
1.333200 
1.333300 
1.333500 
1.333900 
1.334300 
1.334500 
1.335200 
1.335600 
1.335700 
1.336100 
1.336900 
1.337300 
1.337500 
1.337600 
1.338200 
1.338200 
1.338300 
1.338300 
1.338400 
1.338600 
1.339600 
1.339700 
1.340600 
1.340900 
1.343000 
1.343600 
1.344100 
1.344100 
1.344800 
1.345100 
1.345900 
1.346100 
1.347200 
1.347500 
1.348000 
1.348700 
1.349000 
1.349400 
1.352300 
1.352600 
1.353000 
1.353900 
1.354000 
1.354700 
1.355200 
1.356800 
1.357200 
1.358500 
1.358800 
1.358900 
1.359000 
1.359100 
1.359300 
1.359600 
1.359800 
1.359800 
1.359800 
1.360100 
1.360100 
1.360300 
1.360500 
1.361600 
1.362600 
1.363000 
1.366900 
1.367600 
1.367700 
1.369700 
1.370300 
1.370600 
1.371100 
1.371500 
1.372700 
1.373400 
1.374200 
1.374200 
1.374300 
1.375700 
1.376100 
1.376100 
1.376300 
1.376400 
1.377200 
1.377200 
1.377300 
1.377600 
1.377900 
1.378300 
1.378400 
1.378400 
1.379300 
1.379600 
1.380000 
1.380200 
1.380700 
1.380700 
1.380700 
1.381100 
1.381100 
1.381700 
1.382500 
1.382900 
1.383100 
1.383200 
1.383400 
1.383600 
1.383800 
1.384000 
1.384500 
1.385100 
1.385200 
1.386100 
1.386600 
1.386900 
1.387100 
1.387500 
1.388400 
1.388900 
1.390800 
1.391100 
1.391600 
1.391700 
1.391700 
1.392300 
1.392700 
1.392900 
1.393600 
1.394000 
1.394600 
1.395000 
1.395500 
1.396200 
1.396500 
1.396800 
1.396900 
1.397100 
1.397100 
1.397500 
1.397700 
1.397900 
1.397900 
1.398000 
1.399000 
1.401100 
1.401200 
1.403000 
1.403000 
1.403200 
1.404000 
1.404100 
1.404100 
1.404900 
1.405500 
1.405500 
1.405600 
1.406700 
1.407300 
1.407700 
1.408600 
1.408600 
1.408800 
1.409300 
1.409300 
1.409500 
1.409600 
1.409700 
1.409900 
1.410500 
1.410600 
1.410700 
1.411200 
1.412500 
1.414000 
1.415700 
1.416000 
1.416200 
1.416200 
1.416400 
1.416800 
1.419200 
1.419300 
1.419300 
1.419600 
1.419700 
1.419800 
1.420600 
1.421600 
1.423000 
1.424700 
1.424900 
1.425100 
1.425500 
1.426200 
1.426400 
1.426600 
1.428000 
1.428400 
1.428700 
1.430300 
1.430500 
1.431500 
1.432000 
1.432200 
1.433700 
1.434400 
1.435000 
1.436100 
1.436300 
1.436400 
1.436700 
1.437100 
1.437500 
1.438300 
1.438700 
1.439400 
1.439500 
1.439600 
1.439700 
1.440400 
1.440800 
1.441500 
1.441700 
1.441900 
1.442000 
1.442100 
1.442300 
1.442500 
1.442800 
1.443000 
1.443200 
1.443200 
1.444000 
1.444300 
1.444300 
1.445900 
1.447200 
1.448000 
1.448500 
1.448900 
1.449300 
1.450200 
1.451100 
1.451800 
1.451900 
1.452000 
1.452700 
1.453500 
1.453500 
1.453600 
1.454000 
1.454300 
1.454400 
1.455100 
1.456000 
1.456100 
1.456100 
1.456500 
1.456900 
1.457000 
1.457900 
1.458300 
1.458400 
1.459300 
1.459400 
1.459500 
1.460000 
1.460600 
1.461100 
1.461500 
1.462100 
1.462400 
1.462700 
1.463400 
1.463800 
1.463900 
1.464100 
1.464800 
1.465300 
1.465400 
1.465700 
1.466100 
1.466800 
1.467600 
1.468300 
1.468600 
1.468600 
1.469100 
1.469200 
1.469300 
1.469500 
1.470400 
1.470600 
1.470700 
1.470900 
1.471200 
1.471800 
1.472100 
1.472200 
1.472300 
1.472300 
1.472300 
1.472800 
1.473700 
1.473700 
1.474100 
1.474300 
1.475100 
1.475500 
1.475800 
1.476000 
1.476100 
1.476400 
1.477000 
1.477400 
1.477600 
1.480000 
1.480100 
1.480700 
1.480700 
1.482200 
1.482900 
1.483000 
1.483200 
1.483500 
1.484300 
1.484500 
1.484600 
1.484800 
1.485600 
1.486400 
1.488300 
1.488700 
1.488800 
1.488900 
1.489600 
1.489700 
1.489900 
1.490200 
1.490400 
1.491000 
1.491100 
1.491300 
1.491700 
1.492000 
1.492000 
1.492200 
1.493100 
1.493400 
1.493500 
1.493700 
1.493700 
1.494200 
1.494300 
1.494800 
1.495000 
1.495100 
1.495100 
1.495100 
1.495200 
1.496700 
1.497600 
1.498600 
1.499200 
1.499300 
1.499300 
1.499500 
1.500100 
1.500300 
1.500700 
1.503500 
1.505700 
1.505900 
1.506300 
1.507200 
1.507600 
1.508200 
1.510000 
1.510100 
1.510400 
1.510700 
1.511100 
1.511100 
1.511300 
1.511800 
1.512300 
1.512700 
1.512800 
1.513300 
1.513400 
1.513700 
1.513700 
1.515500 
1.516200 
1.516600 
1.517300 
1.517500 
1.517900 
1.518400 
1.518800 
1.518800 
1.519000 
1.519800 
1.520500 
1.521200 
1.521900 
1.522000 
1.522100 
1.522500 
1.523500 
1.524500 
1.525800 
1.525900 
1.526200 
1.526800 
1.527000 
1.527800 
1.527900 
1.528400 
1.528500 
1.528500 
1.528900 
1.529300 
1.529400 
1.530300 
1.530600 
1.530600 
1.530700 
1.530900 
1.531200 
1.532100 
1.532200 
1.532500 
1.532900 
1.535400 
1.535500 
1.536000 
1.536200 
1.537800 
1.538500 
1.538600 
1.538900 
1.539400 
1.540100 
1.540600 
1.540800 
1.540900 
1.541400 
1.541500 
1.541900 
1.542800 
1.542800 
1.543100 
1.543200 
1.544400 
1.545000 
1.545100 
1.545400 
1.545500 
1.546000 
1.546000 
1.546100 
1.546500 
1.547100 
1.547800 
1.548200 
1.548400 
1.548800 
1.548800 
1.549500 
1.549600 
1.550000 
1.550200 
1.550300 
1.550800 
1.551200 
1.551300 
1.552000 
1.552100 
1.552500 
1.553200 
1.553600 
1.555000 
1.555100 
1.555100 
1.555400 
1.555800 
1.556500 
1.557200 
1.557400 
1.557800 
1.558100 
1.558100 
1.559900 
1.559900 
1.560600 
1.561300 
1.562100 
1.563300 
1.563400 
1.563700 
1.564200 
1.564300 
1.564400 
1.564700 
1.566400 
1.566500 
1.566500 
1.566500 
1.567700 
1.567900 
1.568300 
1.568300 
1.568700 
1.569400 
1.569700 
1.569900 
1.570600 
1.571100 
1.571700 
1.571700 
1.572200 
1.572300 
1.572500 
1.572600 
1.572800 
1.573100 
1.573800 
1.574100 
1.576500 
1.577800 
1.577900 
1.578300 
1.578500 
1.578700 
1.578900 
1.579300 
1.580000 
1.580700 
1.581300 
1.581400 
1.581400 
1.581800 
1.582600 
1.582900 
1.583400 
1.583500 
1.583600 
1.584100 
1.584100 
1.584300 
1.584500 
1.585400 
1.585400 
1.585500 
1.586300 
1.586600 
1.587300 
1.587300 
1.587700 
1.588200 
1.588800 
1.589500 
1.590400 
1.592300 
1.592700 
1.593800 
1.594300 
1.595100 
1.595300 
1.595900 
1.596200 
1.596600 
1.596700 
1.597100 
1.597500 
1.597500 
1.598600 
1.599800 
1.600100 
1.600100 
1.601000 
1.601100 
1.601100 
1.601200 
1.601600 
1.601900 
1.602500 
1.602700 
1.603200 
1.603600 
1.603900 
1.604200 
1.604400 
1.604400 
1.604500 
1.604600 
1.604800 
1.605400 
1.606900 
1.607200 
1.607700 
1.607800 
1.608300 
1.608600 
1.608900 
1.609000 
1.609700 
1.610200 
1.612100 
1.612600 
1.613200 
1.613400 
1.613700 
1.614400 
1.615600 
1.616100 
1.616300 
1.616400 
1.616500 
1.617100 
1.617400 
1.617600 
1.617600 
1.618000 
1.618000 
1.618200 
1.618400 
1.619300 
1.619600 
1.619800 
1.620300 
1.621000 
1.622000 
1.622300 
1.623800 
1.624000 
1.625100 
1.625300 
1.626100 
1.626900 
1.627000 
1.627500 
1.628800 
1.630200 
1.630900 
1.630900 
1.631200 
1.631600 
1.632200 
1.632500 
1.632500 
1.632700 
1.633100 
1.633200 
1.634700 
1.634800 
1.636200 
1.636400 
1.637000 
1.637200 
1.637200 
1.638500 
1.638700 
1.638700 
1.638800 
1.639100 
1.639400 
1.641600 
1.641800 
1.642200 
1.642400 
1.642700 
1.643200 
1.643600 
1.643800 
1.643800 
1.644100 
1.645400 
1.646000 
1.647800 
1.648000 
1.648800 
1.648900 
1.650100 
1.650300 
1.651700 
1.651900 
1.652200 
1.652500 
1.653000 
1.653400 
1.653600 
1.653600 
1.653700 
1.654300 
1.654600 
1.654600 
1.655200 
1.656200 
1.656300 
1.657600 
1.658000 
1.658900 
1.659000 
1.659100 
1.659900 
1.659900 
1.661600 
1.661700 
1.662100 
1.662700 
1.662700 
1.663200 
1.663400 
1.664600 
1.665200 
1.665400 
1.665600 
1.666800 
1.666800 
1.666900 
1.667500 
1.668200 
1.668700 
1.669800 
1.669800 
1.670200 
1.670300 
1.670900 
1.670900 
1.671000 
1.672000 
1.672300 
1.672400 
1.672600 
1.672700 
1.672700 
1.672700 
1.673000 
1.674000 
1.674100 
1.674400 
1.675100 
1.675300 
1.675500 
1.675600 
1.675900 
1.675900 
1.677300 
1.677400 
1.677900 
1.678100 
1.679000 
1.679200 
1.679800 
1.680100 
1.680500 
1.680600 
1.681100 
1.681300 
1.682000 
1.682100 
1.682900 
1.683000 
1.683500 
1.684100 
1.685400 
1.686600 
1.686700 
1.687200 
1.687300 
1.687400 
1.687700 
1.687700 
1.688000 
1.689300 
1.689800 
1.690100 
1.690200 
1.690300 
1.690900 
1.691200 
1.691200 
1.691200 
1.691600 
1.692400 
1.694000 
1.694500 
1.694700 
1.694900 
1.696000 
1.696500 
1.697000 
1.697800 
1.698500 
1.698600 
1.698700 
1.699200 
1.699700 
1.700000 
1.700100 
1.700300 
1.700300 
1.700400 
1.700400 
1.703400 
1.703500 
1.703500 
1.704000 
1.704000 
1.704300 
1.704800 
1.705000 
1.705400 
1.705500 
1.705600 
1.706400 
1.706800 
1.707200 
1.708300 
1.710000 
1.712200 
1.712300 
1.712500 
1.713700 
1.715200 
1.715800 
1.715900 
1.716000 
1.717100 
1.717100 
1.717200 
1.718900 
1.719100 
1.719400 
1.719500 
1.719700 
1.720000 
1.720400 
1.720400 
1.721200 
1.722100 
1.722500 
1.722800 
1.722900 
1.724000 
1.724500 
1.724900 
1.725400 
1.726500 
1.726700 
1.727200 
1.727500 
1.728600 
1.728700 
1.729600 
1.730000 
1.730200 
1.730400 
1.730400 
1.730700 
1.731900 
1.732000 
1.732400 
1.732600 
1.733700 
1.736200 
1.736300 
1.736400 
1.736500 
1.737300 
1.737400 
1.737600 
1.738100 
1.738600 
1.739900 
1.740400 
1.742400 
1.742600 
1.742900 
1.744100 
1.744200 
1.744900 
1.746000 
1.746200 
1.746800 
1.747300 
1.748100 
1.748100 
1.748500 
1.749300 
1.749400 
1.749500 
1.749600 
1.750000 
1.750400 
1.750600 
1.750700 
1.750900 
1.751400 
1.751400 
1.751700 
1.751900 
1.752800 
1.753500 
1.754400 
1.754600 
1.754800 
1.755800 
1.755900 
1.755900 
1.755900 
1.756500 
1.756900 
1.757300 
1.757700 
1.757900 
1.758100 
1.758300 
1.758600 
1.758700 
1.758900 
1.760600 
1.761000 
1.761200 
1.763700 
1.763900 
1.765300 
1.766400 
1.766800 
1.768900 
1.769700 
1.769800 
1.770000 
1.770200 
1.770600 
1.770600 
1.770900 
1.770900 
1.771100 
1.772500 
1.773800 
1.774100 
1.774400 
1.774800 
1.775400 
1.775400 
1.777100 
1.778600 
1.779100 
1.779400 
1.779700 
1.781100 
1.781600 
1.782400 
1.782600 
1.783000 
1.783200 
1.784500 
1.785400 
1.785400 
1.785700 
1.785700 
1.786700 
1.787300 
1.787600 
1.788000 
1.788100 
1.788600 
1.789200 
1.789200 
1.789400 
1.789500 
1.789900 
1.789900 
1.790000 
1.790600 
1.791300 
1.791600 
1.791800 
1.793300 
1.794100 
1.794400 
1.796700 
1.798600 
1.798600 
1.799100 
1.801500 
1.801600 
1.801900 
1.802200 
1.803100 
1.803100 
1.804300 
1.804400 
1.804700 
1.805800 
1.805900 
1.806000 
1.806200 
1.806300 
1.806600 
1.807700 
1.808300 
1.808700 
1.808800 
1.808800 
1.809300 
1.810100 
1.810100 
1.811100 
1.811100 
1.811900 
1.812700 
1.812800 
1.812900 
1.812900 
1.813600 
1.813900 
1.814200 
1.814700 
1.814700 
1.816100 
1.816300 
1.816900 
1.817100 
1.817200 
1.817200 
1.818500 
1.819300 
1.819300 
1.820400 
1.820500 
1.821200 
1.822900 
1.823100 
1.823500 
1.823600 
1.824100 
1.824100 
1.824300 
1.824900 
1.825000 
1.825300 
1.826500 
1.827900 
1.828900 
1.829000 
1.829300 
1.830200 
1.830600 
1.831000 
1.831200 
1.831600 
1.831800 
1.832300 
1.833400 
1.834200 
1.835300 
1.835500 
1.836100 
1.836200 
1.836300 
1.836500 
1.837500 
1.837600 
1.837600 
1.839000 
1.839200 
1.840200 
1.841200 
1.842200 
1.842800 
1.844300 
1.844500 
1.845100 
1.845900 
1.846100 
1.847500 
1.847600 
1.848300 
1.848600 
1.848600 
1.849900 
1.850200 
1.852500 
1.853000 
1.853700 
1.853900 
1.854000 
1.854300 
1.854600 
1.854900 
1.856000 
1.856100 
1.856600 
1.856900 
1.858300 
1.858300 
1.858600 
1.858700 
1.859500 
1.859600 
1.859600 
1.860300 
1.861200 
1.861300 
1.863100 
1.863200 
1.863900 
1.865400 
1.865700 
1.866000 
1.867300 
1.868000 
1.869200 
1.869400 
1.869500 
1.869700 
1.869800 
1.869900 
1.870000 
1.871600 
1.871600 
1.872200 
1.872700 
1.872900 
1.874400 
1.874800 
1.875300 
1.875800 
1.876500 
1.877000 
1.877200 
1.878300 
1.878600 
1.878800 
1.878800 
1.878900 
1.879300 
1.879600 
1.880000 
1.880200 
1.880300 
1.881900 
1.882000 
1.882800 
1.883000 
1.883100 
1.884200 
1.884300 
1.884500 
1.884500 
1.885200 
1.885300 
1.885700 
1.885900 
1.886100 
1.886200 
1.886900 
1.888500 
1.889100 
1.889200 
1.889400 
1.889500 
1.890200 
1.891400 
1.892300 
1.892600 
1.894300 
1.894500 
1.894800 
1.895600 
1.896000 
1.896200 
1.896300 
1.896700 
1.897700 
1.898100 
1.898100 
1.898500 
1.898500 
1.898900 
1.899000 
1.899400 
1.899600 
1.899600 
1.900600 
1.900700 
1.901400 
1.901800 
1.902100 
1.902100 
1.902500 
1.903200 
1.903800 
1.903900 
1.903900 
1.904800 
1.905800 
1.905900 
1.907200 
1.907600 
1.907900 
1.908700 
1.908900 
1.909600 
1.909700 
1.910700 
1.910800 
1.910800 
1.910900 
1.911300 
1.911500 
1.911800 
1.912000 
1.912100 
1.912400 
1.912700 
1.912900 
1.912900 
1.913100 
1.913100 
1.913400 
1.916400 
1.916400 
1.917000 
1.917700 
1.918300 
1.918400 
1.919600 
1.919600 
1.919800 
1.920100 
1.920500 
1.921400 
1.921500 
1.922800 
1.923000 
1.923700 
1.924700 
1.925900 
1.925900 
1.926900 
1.926900 
1.927600 
1.928000 
1.928600 
1.928600 
1.929700 
1.930300 
1.930900 
1.931500 
1.931600 
1.931700 
1.932500 
1.932500 
1.932900 
1.933100 
1.933200 
1.934300 
1.934300 
1.934400 
1.934800 
1.935400 
1.935400 
1.935600 
1.936100 
1.937000 
1.937600 
1.937800 
1.938000 
1.938600 
1.938700 
1.938900 
1.939200 
1.939400 
1.940700 
1.940900 
1.940900 
1.941500 
1.941700 
1.942900 
1.943900 
1.944200 
1.944300 
1.944500 
1.944500 
1.944700 
1.944900 
1.945400 
1.945900 
1.946000 
1.946300 
1.946800 
1.947100 
1.949000 
1.949400 
1.949500 
1.949600 
1.950400 
1.950600 
1.950800 
1.951200 
1.951400 
1.952300 
1.952600 
1.954700 
1.956500 
1.957500 
1.957500 
1.959600 
1.960100 
1.960300 
1.960800 
1.960900 
1.961800 
1.961900 
1.962000 
1.962100 
1.962400 
1.962600 
1.962900 
1.963000 
1.964300 
1.964800 
1.964900 
1.966000 
1.967200 
1.967400 
1.967600 
1.968400 
1.969400 
1.969400 
1.969700 
1.969700 
1.969900 
1.970500 
1.971500 
1.971600 
1.971800 
1.972900 
1.973000 
1.973200 
1.974600 
1.976500 
1.976500 
1.976800 
1.977200 
1.977500 
1.978200 
1.978700 
1.979800 
1.980000 
1.980600 
1.981000 
1.981200 
1.982000 
1.982200 
1.982400 
1.982800 
1.983000 
1.983000 
1.983000 
1.984100 
1.984700 
1.985300 
1.985400 
1.986500 
1.986800 
1.986800 
1.986900 
1.988600 
1.988700 
1.989300 
1.989800 
1.990700 
1.991400 
1.992200 
1.992400 
1.992400 
1.993300 
1.994000 
1.994700 
1.995100 
1.995200 
1.995600 
1.996700 
1.996800 
1.996900 
1.997800 
1.997800 
1.998600 
1.999300 
1.999500 
2.000300 
2.000400 
2.000400 
2.000700 
2.000900 
2.001200 
2.003000 
2.003100 
2.003800 
2.003800 
2.004400 
2.004400 
2.005100 
2.005500 
2.005500 
2.005900 
2.006000 
2.006000 
2.006500 
2.007300 
2.007500 
2.007700 
2.007900 
2.008000 
2.008400 
2.008900 
2.009700 
2.009900 
2.011700 
2.013400 
2.013400 
2.013500 
2.013700 
2.014200 
2.014600 
2.015200 
2.015500 
2.017400 
2.017800 
2.018600 
2.019300 
2.019700 
2.019800 
2.020500 
2.020600 
2.020900 
2.021400 
2.021700 
2.023300 
2.023500 
2.023600 
2.023700 
2.024000 
2.024100 
2.024200 
2.025600 
2.027100 
2.027100 
2.027300 
2.027400 
2.027700 
2.027700 
2.028000 
2.028400 
2.028400 
2.028500 
2.028700 
2.029900 
2.030900 
2.031100 
2.031700 
2.031900 
2.032200 
2.032500 
2.033400 
2.033700 
2.033900 
2.034400 
2.034700 
2.035100 
2.035500 
2.035900 
2.036300 
2.036300 
2.037100 
2.037600 
2.038400 
2.038400 
2.038600 
2.038600 
2.038900 
2.039000 
2.040700 
2.041200 
2.041500 
2.041800 
2.042400 
2.042900 
2.042900 
2.043400 
2.044300 
2.045100 
2.045200 
2.045600 
2.045800 
2.046300 
2.047200 
2.047200 
2.047200 
2.047500 
2.048300 
2.048600 
2.049000 
2.049800 
2.050000 
2.050700 
2.051300 
2.051400 
2.051500 
2.052300 
2.052300 
2.052900 
2.054300 
2.054500 
2.055000 
2.055300 
2.055400 
2.056400 
2.056700 
2.057000 
2.058400 
2.058800 
2.058800 
2.058900 
2.059000 
2.059800 
2.059900 
2.060300 
2.060600 
2.062100 
2.062800 
2.063400 
2.064000 
2.064200 
2.064200 
2.064400 
2.065800 
2.066000 
2.066300 
2.066400 
2.066400 
2.066600 
2.067600 
2.067700 
2.068700 
2.069000 
2.069100 
2.069100 
2.069100 
2.070100 
2.070200 
2.071200 
2.071200 
2.072400 
2.072700 
2.073500 
2.074400 
2.074500 
2.074600 
2.075100 
2.075600 
2.075600 
2.075800 
2.075900 
2.076400 
2.076400 
2.077600 
2.077700 
2.077900 
2.078600 
2.078900 
2.079100 
2.079400 
2.079800 
2.080000 
2.081300 
2.081800 
2.081800 
2.082800 
2.083100 
2.083200 
2.084200 
2.084200 
2.084200 
2.084300 
2.085200 
2.085400 
2.085900 
2.086100 
2.086500 
2.087500 
2.087600 
2.088400 
2.088900 
2.089900 
2.090900 
2.091200 
2.091400 
2.091900 
2.092800 
2.093400 
2.094300 
2.095500 
2.096000 
2.096800 
2.097100 
2.097100 
2.097800 
2.098100 
2.098600 
2.099200 
2.099300 
2.099800 
2.099800 
2.100000 
2.100000 
2.100300 
2.101800 
2.102600 
2.103100 
2.103600 
2.103800 
2.105100 
2.105300 
2.105400 
2.105700 
2.106000 
2.106100 
2.106400 
2.107700 
2.108000 
2.108200 
2.109600 
2.110000 
2.110100 
2.111700 
2.112400 
2.112500 
2.113800 
2.114000 
2.114200 
2.114400 
2.115400 
2.116000 
2.116800 
2.117000 
2.118400 
2.118500 
2.118900 
2.119100 
2.119200 
2.119300 
2.120800 
2.121300 
2.121700 
2.122000 
2.122500 
2.122900 
2.123100 
2.123600 
2.124000 
2.124300 
2.124800 
2.125200 
2.125600 
2.125600 
2.125900 
2.127400 
2.127600 
2.128000 
2.128600 
2.128700 
2.129100 
2.129800 
2.130000 
2.131000 
2.131300 
2.133100 
2.134000 
2.134200 
2.134400 
2.135200 
2.135500 
2.135700 
2.135800 
2.137300 
2.140300 
2.140600 
2.141100 
2.141200 
2.141300 
2.141300 
2.141300 
2.141400 
2.141700 
2.143300 
2.143300 
2.144100 
2.144500 
2.144700 
2.144900 
2.145700 
2.146700 
2.146800 
2.146900 
2.147500 
2.147800 
2.148400 
2.148700 
2.149300 
2.149800 
2.150100 
2.150700 
2.151400 
2.151800 
2.151900 
2.152100 
2.152900 
2.153800 
2.154300 
2.156600 
2.156900 
2.157100 
2.157700 
2.158200 
2.158400 
2.158500 
2.158500 
2.159200 
2.160000 
2.160600 
2.160600 
2.160600 
2.161700 
2.162700 
2.163200 
2.164600 
2.164700 
2.165600 
2.165800 
2.166200 
2.166900 
2.167400 
2.167800 
2.168500 
2.168600 
2.168700 
2.168800 
2.169800 
2.170100 
2.170200 
2.170400 
2.170400 
2.171600 
2.172000 
2.172100 
2.172700 
2.172700 
2.173000 
2.173100 
2.174300 
2.175100 
2.176700 
2.176700 
2.177900 
2.177900 
2.178100 
2.178100 
2.178200 
2.178800 
2.180700 
2.181000 
2.181800 
2.182100 
2.182100 
2.182200 
2.182700 
2.183200 
2.183800 
2.184200 
2.184300 
2.184300 
2.185600 
2.186300 
2.186500 
2.187500 
2.187500 
2.187500 
2.188200 
2.189100 
2.189300 
2.190000 
2.191400 
2.191700 
2.193500 
2.193600 
2.193900 
2.194300 
2.194600 
2.194800 
2.196000 
2.196400 
2.197000 
2.197900 
2.197900 
2.198000 
2.198100 
2.198500 
2.198900 
2.199500 
2.199700 
2.199900 
2.200200 
2.200600 
2.200900 
2.201100 
2.201100 
2.201300 
2.201600 
2.202300 
2.203100 
2.203300 
2.203400 
2.203400 
2.203500 
2.203500 
2.204300 
2.204600 
2.204700 
2.205100 
2.206500 
2.206800 
2.208500 
2.208500 
2.208800 
2.209400 
2.209600 
2.210700 
2.211200 
2.212100 
2.212100 
2.212600 
2.212800 
2.214500 
2.215700 
2.216800 
2.216900 
2.216900 
2.217300 
2.218600 
2.218800 
2.219300 
2.220300 
2.220300 
2.220800 
2.221700 
2.221900 
2.222000 
2.222200 
2.222700 
2.222900 
2.223000 
2.223500 
2.223800 
2.224400 
2.225000 
2.225300 
2.225400 
2.226000 
2.226600 
2.227100 
2.227200 
2.228500 
2.230100 
2.230300 
2.230600 
2.230600 
2.231300 
2.231500 
2.231900 
2.231900 
2.232300 
2.232300 
2.232400 
2.232900 
2.233100 
2.233600 
2.233800 
2.234300 
2.235200 
2.236000 
2.238200 
2.238300 
2.238900 
2.239100 
2.239400 
2.239400 
2.239600 
2.240300 
2.240500 
2.240700 
2.240800 
2.241200 
2.243400 
2.243900 
2.244600 
2.244700 
2.245300 
2.245900 
2.246100 
2.246600 
2.246900 
2.248300 
2.248400 
2.249400 
2.249900 
2.250200 
2.250800 
2.252500 
2.252500 
2.253000 
2.253500 
2.253600 
2.253900 
2.255300 
2.255600 
2.255700 
2.255900 
2.255900 
2.257200 
2.257600 
2.258200 
2.258900 
2.259300 
2.260500 
2.261400 
2.261800 
2.262900 
2.262900 
2.263000 
2.264100 
2.264600 
2.264900 
2.265100 
2.265300 
2.266500 
2.266600 
2.267100 
2.267500 
2.267700 
2.268100 
2.268700 
2.268800 
2.269000 
2.269600 
2.270100 
2.270200 
2.270400 
2.271200 
2.271600 
2.271600 
2.272300 
2.272400 
2.272500 
2.272800 
2.274200 
2.274300 
2.274500 
2.274600 
2.275200 
2.275700 
2.275700 
2.276200 
2.277100 
2.277200 
2.277200 
2.277500 
2.278500 
2.278800 
2.279200 
2.280700 
2.281400 
2.281900 
2.283100 
2.283200 
2.283500 
2.283800 
2.283800 
2.284800 
2.284800 
2.285100 
2.286900 
2.287200 
2.287200 
2.287400 
2.287400 
2.287700 
2.289200 
2.290000 
2.290000 
2.291700 
2.292600 
2.294800 
2.294800 
2.294900 
2.296100 
2.296200 
2.296400 
2.297300 
2.297600 
2.298000 
2.298600 
2.299400 
2.299500 
2.299800 
2.299900 
2.300000 
2.302600 
2.302700 
2.302800 
2.303200 
2.303400 
2.303600 
2.303800 
2.304300 
2.304300 
2.305000 
2.305100 
2.305200 
2.305400 
2.305500 
2.306000 
2.306300 
2.307000 
2.307400 
2.307900 
2.308400 
2.309100 
2.309100 
2.309800 
2.309800 
2.310900 
2.310900 
2.311200 
2.311700 
2.312100 
2.312200 
2.314100 
2.314600 
2.315200 
2.315300 
2.315400 
2.315700 
2.316100 
2.316100 
2.316700 
2.316900 
2.317000 
2.317900 
2.318700 
2.318700 
2.318900 
2.319500 
2.319900 
2.320200 
2.324500 
2.324500 
2.324600 
2.326000 
2.326100 
2.326400 
2.328300 
2.328800 
2.329600 
2.330800 
2.331400 
2.331500 
2.331600 
2.331700 
2.332300 
2.332500 
2.332600 
2.333000 
2.334200 
2.334200 
2.334900 
2.335800 
2.336000 
2.336600 
2.336700 
2.336900 
2.337100 
2.337900 
2.338400 
2.338900 
2.339500 
2.340100 
2.341100 
2.341200 
2.341400 
2.341900 
2.342800 
2.343400 
2.343800 
2.344100 
2.345300 
2.345400 
2.346000 
2.346300 
2.346500 
2.346800 
2.346900 
2.347200 
2.347800 
2.348000 
2.348800 
2.349400 
2.350200 
2.350400 
2.351300 
2.351500 
2.351800 
2.353000 
2.353600 
2.354000 
2.354700 
2.356200 
2.356300 
2.356700 
2.357500 
2.357700 
2.358100 
2.358300 
2.358900 
2.359000 
2.360000 
2.360300 
2.360400 
2.360400 
2.360500 
2.360700 
2.360800 
2.360800 
2.362200 
2.362900 
2.364800 
2.365600 
2.365600 
2.366700 
2.367400 
2.368100 
2.368500 
2.368500 
2.368800 
2.369400 
2.369600 
2.369600 
2.369800 
2.372500 
2.372800 
2.374400 
2.374800 
2.374900 
2.374900 
2.375100 
2.376400 
2.376500 
2.376700 
2.377500 
2.377700 
2.378000 
2.378400 
2.378600 
2.378700 
2.379600 
2.379900 
2.380000 
2.380200 
2.380500 
2.380600 
2.380700 
2.381100 
2.382000 
2.382500 
2.383400 
2.384800 
2.385600 
2.386300 
2.386900 
2.386900 
2.387300 
2.387800 
2.388000 
2.388500 
2.388500 
2.388800 
2.388900 
2.389200 
2.390000 
2.390700 
2.390900 
2.391000 
2.392000 
2.392300 
2.392500 
2.392700 
2.394000 
2.394000 
2.394100 
2.394200 
2.394800 
2.395500 
2.397500 
2.397800 
2.399000 
2.400000 
2.401000 
2.402000 
2.402600 
2.403100 
2.403500 
2.405000 
2.405100 
2.405200 
2.405200 
2.405600 
2.405700 
2.405800 
2.406500 
2.407200 
2.407400 
2.407700 
2.408600 
2.409900 
2.410000 
2.410200 
2.410400 
2.410800 
2.410900 
2.411000 
2.411100 
2.411400 
2.411500 
2.412700 
2.412800 
2.413100 
2.414400 
2.414500 
2.416100 
2.417000 
2.417900 
2.418100 
2.418400 
2.419000 
2.419000 
2.419300 
2.419800 
2.419800 
2.419900 
2.420400 
2.420900 
2.421200 
2.421200 
2.421300 
2.421400 
2.422700 
2.424000 
2.425200 
2.425600 
2.425700 
2.426100 
2.426200 
2.426300 
2.426400 
2.427300 
2.427600 
2.427700 
2.428500 
2.428600 
2.429300 
2.429500 
2.429800 
2.430100 
2.430400 
2.430700 
2.431000 
2.432800 
2.432900 
2.433100 
2.433200 
2.434200 
2.434900 
2.435300 
2.435400 
2.435800 
2.435900 
2.435900 
2.436100 
2.437400 
2.437400 
2.437800 
2.438800 
2.439300 
2.439300 
2.439600 
2.439700 
2.440200 
2.440400 
2.440400 
2.440600 
2.440600 
2.441100 
2.441400 
2.441400 
2.441600 
2.442100 
2.442200 
2.442200 
2.442500 
2.442600 
2.442800 
2.444100 
2.445200 
2.445700 
2.447300 
2.447400 
2.447400 
2.447600 
2.447600 
2.448000 
2.448700 
2.448700 
2.450400 
2.451600 
2.451800 
2.452300 
2.453500 
2.454400 
2.454600 
2.454900 
2.455500 
2.455900 
2.456300 
2.456600 
2.458100 
2.458600 
2.458700 
2.459500 
2.460000 
2.460300 
2.460500 
2.460700 
2.460800 
2.461700 
2.462300 
2.462300 
2.462300 
2.462300 
2.462500 
2.463700 
2.464300 
2.464500 
2.466900 
2.467200 
2.467700 
2.468400 
2.468500 
2.469100 
2.469800 
2.470200 
2.470600 
2.471100 
2.471600 
2.471700 
2.471900 
2.472300 
2.472600 
2.472600 
2.472700 
2.473400 
2.474100 
2.474100 
2.474400 
2.475900 
2.476000 
2.476100 
2.476600 
2.476700 
2.477700 
2.477800 
2.478100 
2.478200 
2.479000 
2.479300 
2.480100 
2.480100 
2.480800 
2.480900 
2.480900 
2.481100 
2.481300 
2.481400 
2.481500 
2.481700 
2.481800 
2.482900 
2.483200 
2.483500 
2.483700 
2.483900 
2.484200 
2.484500 
2.484800 
2.486100 
2.486600 
2.488900 
2.488900 
2.490800 
2.490900 
2.491000 
2.491800 
2.492800 
2.493000 
2.493200 
2.493500 
2.494700 
2.495000 
2.495400 
2.495500 
2.496100 
2.496100 
2.496200 
2.496200 
2.496400 
2.496600 
2.496600 
2.496700 
2.497400 
2.497700 
2.497900 
2.497900 
2.498600 
2.501500 
2.501700 
2.502100 
2.502100 
2.502500 
2.503200 
2.503400 
2.503500 
2.504900 
2.505000 
2.505400 
2.505400 
2.505800 
2.506000 
2.506000 
2.506200 
2.506300 
2.506300 
2.507100 
2.507300 
2.507500 
2.507500 
2.508200 
2.508200 
2.509700 
2.513600 
2.513900 
2.514100 
2.514200 
2.514900 
2.515700 
2.516400 
2.516500 
2.517800 
2.518300 
2.518400 
2.518600 
2.518800 
2.519500 
2.519500 
2.520600 
2.520800 
2.521300 
2.521400 
2.522000 
2.522100 
2.522200 
2.522300 
2.522400 
2.523000 
2.523100 
2.523500 
2.523800 
2.523900 
2.524400 
2.525400 
2.525700 
2.526200 
2.526300 
2.526600 
2.526900 
2.527000 
2.527200 
2.527900 
2.528000 
2.528800 
2.528800 
2.529300 
2.529400 
2.529700 
2.529800 
2.529900 
2.530000 
2.530600 
2.530600 
2.531000 
2.531300 
2.533900 
2.535800 
2.537200 
2.538300 
2.538500 
2.538700 
2.538700 
2.539000 
2.539300 
2.540200 
2.540400 
2.540600 
2.541400 
2.541700 
2.542200 
2.542300 
2.542700 
2.542900 
2.544200 
2.544900 
2.544900 
2.545200 
2.545800 
2.546100 
2.546600 
2.546700 
2.547600 
2.548200 
2.548400 
2.550100 
2.550600 
2.551100 
2.551700 
2.551900 
2.552100 
2.552500 
2.554100 
2.554100 
2.554400 
2.555000 
2.555100 
2.555300 
2.555400 
2.555500 
2.555500 
2.555600 
2.555600 
2.556400 
2.556800 
2.557000 
2.557500 
2.557600 
2.557600 
2.559000 
2.559100 
2.559200 
2.560200 
2.560500 
2.561500 
2.562500 
2.562500 
2.562800 
2.563100 
2.563500 
2.564100 
2.564500 
2.565000 
2.565600 
2.565700 
2.566100 
2.566300 
2.566800 
2.567200 
2.568500 
2.568600 
2.568700 
2.569400 
2.570700 
2.570800 
2.570800 
2.571500 
2.571600 
2.571700 
2.572200 
2.572600 
2.573500 
2.574400 
2.574900 
2.575100 
2.575300 
2.576300 
2.577100 
2.577300 
2.577900 
2.578100 
2.578100 
2.578600 
2.579400 
2.580100 
2.581600 
2.582000 
2.582300 
2.582700 
2.583400 
2.584900 
2.585100 
2.585300 
2.585400 
2.585400 
2.586000 
2.586300 
2.586400 
2.586500 
2.586700 
2.588500 
2.588700 
2.588800 
2.589100 
2.590000 
2.590300 
2.590400 
2.591000 
2.591700 
2.592000 
2.592200 
2.592500 
2.592700 
2.593000 
2.593700 
2.593700 
2.593900 
2.595100 
2.595100 
2.595400 
2.597100 
2.597500 
2.597600 
2.597900 
2.598000 
2.598200 
2.598700 
2.599800 
2.599800 
2.600400 
2.600600 
2.600900 
2.603600 
2.603900 
2.604400 
2.604500 
2.604600 
2.605800 
2.606600 
2.606900 
2.607500 
2.608600 
2.609400 
2.609400 
2.609400 
2.610300 
2.613800 
2.614500 
2.614700 
2.615200 
2.615400 
2.615700 
2.616400 
2.617900 
2.618800 
2.618900 
2.619500 
2.620500 
2.621300 
2.621400 
2.621500 
2.621700 
2.621700 
2.622200 
2.622400 
2.622500 
2.622700 
2.623100 
2.623400 
2.623500 
2.623500 
2.623500 
2.623600 
2.623700 
2.623700 
2.624400 
2.625300 
2.625400 
2.625800 
2.626400 
2.626900 
2.626900 
2.627200 
2.627200 
2.629400 
2.630000 
2.630000 
2.630800 
2.631000 
2.631700 
2.632300 
2.632400 
2.633400 
2.634800 
2.635300 
2.635400 
2.635600 
2.635800 
2.635900 
2.636400 
2.636500 
2.636900 
2.637200 
2.637200 
2.637500 
2.638300 
2.638800 
2.639100 
2.639300 
2.639600 
2.640200 
2.640200 
2.641400 
2.641800 
2.643100 
2.643200 
2.643400 
2.643400 
2.644100 
2.644600 
2.645200 
2.645200 
2.645800 
2.647400 
2.648500 
2.648700 
2.649000 
2.649000 
2.649600 
2.649700 
2.650300 
2.650700 
2.651000 
2.651300 
2.651600 
2.653300 
2.654800 
2.656300 
2.657100 
2.657700 
2.657800 
2.659600 
2.660400 
2.661000 
2.661900 
2.662000 
2.662100 
2.662300 
2.662600 
2.663200 
2.663900 
2.664100 
2.664300 
2.664400 
2.664400 
2.664500 
2.665300 
2.665600 
2.666200 
2.667000 
2.667000 
2.667400 
2.667700 
2.669000 
2.669700 
2.670500 
2.670900 
2.672000 
2.672000 
2.673200 
2.673700 
2.673900 
2.674000 
2.674100 
2.674200 
2.674300 
2.674400 
2.674400 
2.674900 
2.675100 
2.675300 
2.675700 
2.675900 
2.676100 
2.677000 
2.677300 
2.677500 
2.677800 
2.678900 
2.679000 
2.680200 
2.680400 
2.680600 
2.680600 
2.682500 
2.683000 
2.684600 
2.685600 
2.685700 
2.685800 
2.685800 
2.686100 
2.686100 
2.686400 
2.687200 
2.687900 
2.688100 
2.688400 
2.688800 
2.688800 
2.688900 
2.689900 
2.690500 
2.690500 
2.690800 
2.691100 
2.691400 
2.691700 
2.691700 
2.691800 
2.693000 
2.693700 
2.693700 
2.694000 
2.694000 
2.694800 
2.695600 
2.695700 
2.696400 
2.696700 
2.697100 
2.697500 
2.697700 
2.697700 
2.698800 
2.698900 
2.699100 
2.699600 
2.700700 
2.701200 
2.701300 
2.701500 
2.701600 
2.702200 
2.702900 
2.703400 
2.703400 
2.703500 
2.704200 
2.705300 
2.705400 
2.705900 
2.706200 
2.706400 
2.706600 
2.706900 
2.708400 
2.709400 
2.709600 
2.709800 
2.710500 
2.712000 
2.712400 
2.712800 
2.713300 
2.714100 
2.714200 
2.714600 
2.715100 
2.715800 
2.715900 
2.716400 
2.716400 
2.716500 
2.717100 
2.717900 
2.718000 
2.719000 
2.719000 
2.720100 
2.720600 
2.720700 
2.720900 
2.720900 
2.721600 
2.721800 
2.722400 
2.722500 
2.723200 
2.723600 
2.724100 
2.724800 
2.725700 
2.725900 
2.726300 
2.728000 
2.728100 
2.728400 
2.728600 
2.728700 
2.728800 
2.729000 
2.730300 
2.730300 
2.730400 
2.731000 
2.731400 
2.731500 
2.731900 
2.731900 
2.733500 
2.733900 
2.734900 
2.735400 
2.736500 
2.736800 
2.737000 
2.737100 
2.737700 
2.738300 
2.738600 
2.738900 
2.739200 
2.739700 
2.740200 
2.740300 
2.740600 
2.741300 
2.743300 
2.743500 
2.743600 
2.744100 
2.744200 
2.744200 
2.744400 
2.744500 
2.745700 
2.747800 
2.747800 
2.747800 
2.747900 
2.748200 
2.748400 
2.749400 
2.749700 
2.749800 
2.750900 
2.751100 
2.751100 
2.751600 
2.751800 
2.753500 
2.753700 
2.753700 
2.754100 
2.754300 
2.754600 
2.755100 
2.755300 
2.755400 
2.755800 
2.756200 
2.757100 
2.757300 
2.757700 
2.758100 
2.759100 
2.759900 
2.761100 
2.762000 
2.762100 
2.762600 
2.762900 
2.762900 
2.764600 
2.765100 
2.765300 
2.765300 
2.765600 
2.766100 
2.766300 
2.767200 
2.767500 
2.768100 
2.768300 
2.768500 
2.769800 
2.770200 
2.770400 
2.770600 
2.771400 
2.771900 
2.773800 
2.775200 
2.776200 
2.776400 
2.776400 
2.777500 
2.778700 
2.779300 
2.781100 
2.781600 
2.782800 
2.783100 
2.783300 
2.783900 
2.784100 
2.784200 
2.784900 
2.784900 
2.785800 
2.785800 
2.786200 
2.786800 
2.787000 
2.787200 
2.787300 
2.788000 
2.788100 
2.789200 
2.790500 
2.790500 
2.790700 
2.790800 
2.791400 
2.791500 
2.791500 
2.791900 
2.792100 
2.792300 
2.792500 
2.792500 
2.793400 
2.794300 
2.794800 
2.795500 
2.795900 
2.796700 
2.796800 
2.798700 
2.798800 
2.799700 
2.800000 
2.800000 
2.800100 
2.801000 
2.801600 
2.803100 
2.803100 
2.804300 
2.805000 
2.806600 
2.806600 
2.807200 
2.807200 
2.807300 
2.807900 
2.808800 
2.809100 
2.809600 
2.809700 
2.810300 
2.810300 
2.810500 
2.810800 
2.811000 
2.811300 
2.811800 
2.812200 
2.812300 
2.812400 
2.812700 
2.813000 
2.813300 
2.813400 
2.813500 
2.814300 
2.814400 
2.815000 
2.815600 
2.815900 
2.816400 
2.817200 
2.818100 
2.818200 
2.820000 
2.820100 
2.820500 
2.821300 
2.821400 
2.821800 
2.822000 
2.822800 
2.822900 
2.823700 
2.824700 
2.825400 
2.826400 
2.826500 
2.826700 
2.827100 
2.828300 
2.829100 
2.829600 
2.829700 
2.829900 
2.830200 
2.830200 
2.832000 
2.832900 
2.833000 
2.833200 
2.834900 
2.835100 
2.836600 
2.836900 
2.836900 
2.837000 
2.837300 
2.837600 
2.837900 
2.838400 
2.839200 
2.840300 
2.840300 
2.840600 
2.840800 
2.841300 
2.842500 
2.842600 
2.842700 
2.843000 
2.843200 
2.843700 
2.844000 
2.844000 
2.844700 
2.845100 
2.845800 
2.847600 
2.847900 
2.848000 
2.849000 
2.850200 
2.850400 
2.850900 
2.850900 
2.851200 
2.851800 
2.852200 
2.853300 
2.853300 
2.853900 
2.854600 
2.854600 
2.854800 
2.854800 
2.854900 
2.855500 
2.855500 
2.855600 
2.856000 
2.856100 
2.856700 
2.856800 
2.857000 
2.857200 
2.857300 
2.857400 
2.858200 
2.858300 
2.859800 
2.860300 
2.860300 
2.861400 
2.861900 
2.862200 
2.862300 
2.863400 
2.864000 
2.864100 
2.864200 
2.865100 
2.865300 
2.865400 
2.865400 
2.865600 
2.865800 
2.865900 
2.866100 
2.866300 
2.866300 
2.866300 
2.866800 
2.867400 
2.867600 
2.867600 
2.867800 
2.868200 
2.868500 
2.870100 
2.872700 
2.872900 
2.873300 
2.873900 
2.874100 
2.874300 
2.874500 
2.875000 
2.875100 
2.875300 
2.875400 
2.876100 
2.876400 
2.876500 
2.876700 
2.877700 
2.877700 
2.877900 
2.878800 
2.879000 
2.879300 
2.879700 
2.880600 
2.880600 
2.881000 
2.881700 
2.882000 
2.882300 
2.882300 
2.883400 
2.884400 
2.884900 
2.884900 
2.885200 
2.887500 
2.888000 
2.888100 
2.888300 
2.890100 
2.890900 
2.891900 
2.892400 
2.892800 
2.893000 
2.893300 
2.893600 
2.894100 
2.894600 
2.894700 
2.895000 
2.895300 
2.895600 
2.896600 
2.897400 
2.897900 
2.898800 
2.898900 
2.899000 
2.899300 
2.899400 
2.900000 
2.900200 
2.900300 
2.900300 
2.900400 
2.900500 
2.901200 
2.902300 
2.902600 
2.903300 
2.903700 
2.904500 
2.905300 
2.905400 
2.905600 
2.905700 
2.905700 
2.906800 
2.906900 
2.907100 
2.907300 
2.907300 
2.907600 
2.907800 
2.908200 
2.908300 
2.908300 
2.908600 
2.908800 
2.909000 
2.909100 
2.909900 
2.910200 
2.911500 
2.913300 
2.913900 
2.914500 
2.917500 
2.918300 
2.918900 
2.920300 
2.920300 
2.920500 
2.920700 
2.920900 
2.920900 
2.921200 
2.921400 
2.921600 
2.922800 
2.922900 
2.923500 
2.923600 
2.924700 
2.924700 
2.924800 
2.925600 
2.925800 
2.926100 
2.926200 
2.926300 
2.926400 
2.927000 
2.928300 
2.928300 
2.929300 
2.929800 
2.930900 
2.931200 
2.932000 
2.932400 
2.932800 
2.932800 
2.935000 
2.935000 
2.935600 
2.935800 
2.936800 
2.936900 
2.937000 
2.937400 
2.938500 
2.939300 
2.939400 
2.939900 
2.940700 
2.940900 
2.941400 
2.942500 
2.943300 
2.943500 
2.943700 
2.944600 
2.946200 
2.946800 
2.947100 
2.947300 
2.947800 
2.948100 
2.948900 
2.949500 
2.952300 
2.952500 
2.952700 
2.953100 
2.953600 
2.954800 
2.955400 
2.955600 
2.956200 
2.956300 
2.956900 
2.957100 
2.957300 
2.957600 
2.958100 
2.958200 
2.958800 
2.959300 
2.959400 
2.959400 
2.960200 
2.960500 
2.960500 
2.960600 
2.960600 
2.960800 
2.961600 
2.962000 
2.962100 
2.962400 
2.962900 
2.963400 
2.963800 
2.965000 
2.966000 
2.966000 
2.966200 
2.967000 
2.967500 
2.967600 
2.967700 
2.968200 
2.968800 
2.968900 
2.970400 
2.971000 
2.971700 
2.971800 
2.972000 
2.972000 
2.972200 
2.973100 
2.973400 
2.973600 
2.974500 
2.975000 
2.975500 
2.975600 
2.975700 
2.976300 
2.976700 
2.977300 
2.978100 
2.978200 
2.979500 
2.979700 
2.980000 
2.980000 
2.980300 
2.980400 
2.980600 
2.980700 
2.981000 
2.981400 
2.982000 
2.982500 
2.984200 
2.984300 
2.984400 
2.984600 
2.985200 
2.986600 
2.987200 
2.987600 
2.990000 
2.990400 
2.990700 
2.990700 
2.991500 
2.991600 
2.991600 
2.992700 
2.993700 
2.994700 
2.995100 
2.996200 
2.996400 
2.996800 
2.997900 
2.998100 
2.998400 
2.998500 
2.998800 
2.999600 
2.999900 
2.999900 
3.000300 
3.001800 
3.001900 
3.002000 
3.003200 
3.003500 
3.004200 
3.004300 
3.005800 
3.006900 
3.008400 
3.008400 
3.008600 
3.008600 
3.008800 
3.008800 
3.008900 
3.009400 
3.009500 
3.009900 
3.010100 
3.010100 
3.010200 
3.010800 
3.010800 
3.010800 
3.011600 
3.012400 
3.013500 
3.014600 
3.015100 
3.016400 
3.016600 
3.016900 
3.017400 
3.018300 
3.019200 
3.019600 
3.019700 
3.020500 
3.021500 
3.021900 
3.022000 
3.022100 
3.022300 
3.023900 
3.024000 
3.024000 
3.024100 
3.024400 
3.024400 
3.024500 
3.025100 
3.025300 
3.025800 
3.026000 
3.026000 
3.026900 
3.028200 
3.030400 
3.030800 
3.031800 
3.032300 
3.032400 
3.032400 
3.032600 
3.033000 
3.033100 
3.034200 
3.035200 
3.035600 
3.037100 
3.037600 
3.037900 
3.038000 
3.038800 
3.039000 
3.039300 
3.039600 
3.039800 
3.040400 
3.040600 
3.041300 
3.041900 
3.042300 
3.042600 
3.043300 
3.043800 
3.045800 
3.047300 
3.048200 
3.048200 
3.050300 
3.050800 
3.051000 
3.051900 
3.052300 
3.052800 
3.053000 
3.053200 
3.053500 
3.053700 
3.054000 
3.054500 
3.054900 
3.054900 
3.055100 
3.055600 
3.056200 
3.056500 
3.057500 
3.058100 
3.058300 
3.058800 
3.059400 
3.060200 
3.060200 
3.060700 
3.060900 
3.061700 
3.061800 
3.062500 
3.062600 
3.063400 
3.063600 
3.063900 
3.064100 
3.064300 
3.066100 
3.066500 
3.067300 
3.067500 
3.067800 
3.067800 
3.067900 
3.067900 
3.068300 
3.068400 
3.069100 
3.069800 
3.070200 
3.070600 
3.070900 
3.071200 
3.071600 
3.072300 
3.072400 
3.072600 
3.073000 
3.073800 
3.075000 
3.075600 
3.075900 
3.076100 
3.076400 
3.076800 
3.077000 
3.077700 
3.077900 
3.078200 
3.079000 
3.079300 
3.079600 
3.080300 
3.080400 
3.080500 
3.080600 
3.080900 
3.080900 
3.081600 
3.081900 
3.082100 
3.082400 
3.084100 
3.084700 
3.085000 
3.085700 
3.085800 
3.085900 
3.087100 
3.087800 
3.088500 
3.090200 
3.090200 
3.090300 
3.090400 
3.090400 
3.091600 
3.092200 
3.092600 
3.093100 
3.093500 
3.093600 
3.094800 
3.095300 
3.095800 
3.096800 
3.097000 
3.097300 
3.097300 
3.097900 
3.098000 
3.098000 
3.098100 
3.098200 
3.098700 
3.099400 
3.099700 
3.099900 
3.100200 
3.100300 
3.101300 
3.101500 
3.101500 
3.101700 
3.102000 
3.102100 
3.102700 
3.103300 
3.104700 
3.105200 
3.105500 
3.105800 
3.105800 
3.106200 
3.106200 
3.106200 
3.108200 
3.111800 
3.112100 
3.112200 
3.112400 
3.112800 
3.113400 
3.113500 
3.113700 
3.113900 
3.114100 
3.115600 
3.116200 
3.116300 
3.117000 
3.117100 
3.117400 
3.117500 
3.117700 
3.117800 
3.118100 
3.118200 
3.118200 
3.119100 
3.119700 
3.120500 
3.121300 
3.121800 
3.122000 
3.122100 
3.122200 
3.122700 
3.123000 
3.123200 
3.123300 
3.123900 
3.124300 
3.124500 
3.124700 
3.125100 
3.125100 
3.125300 
3.125300 
3.125400 
3.125900 
3.126400 
3.126900 
3.128000 
3.129400 
3.129900 
3.130100 
3.130200 
3.130400 
3.130500 
3.130600 
3.130800 
3.131200 
3.131200 
3.131600 
3.132600 
3.132800 
3.133100 
3.133700 
3.134000 
3.134200 
3.134200 
3.136500 
3.137000 
3.138700 
3.138800 
3.139000 
3.139200 
3.139500 
3.140000 
3.141300 
3.141500 
3.141600 
3.142100 
3.142400 
3.142800 
3.143300 
3.146000 
3.146100 
3.146500 
3.146500 
3.146700 
3.147100 
3.147700 
3.148100 
3.150100 
3.150100 
3.151000 
3.151100 
3.151900 
3.153100 
3.153900 
3.154400 
3.154700 
3.154700 
3.154800 
3.155900 
3.156900 
3.157800 
3.157900 
3.158400 
3.158600 
3.159300 
3.159600 
3.159900 
3.160100 
3.160400 
3.160500 
3.160600 
3.162000 
3.162000 
3.162400 
3.162400 
3.163000 
3.163900 
3.163900 
3.164700 
3.165300 
3.165700 
3.168200 
3.168900 
3.169100 
3.169900 
3.170200 
3.171300 
3.171600 
3.171600 
3.171800 
3.172300 
3.172300 
3.173700 
3.174500 
3.174900 
3.174900 
3.174900 
3.175000 
3.175000 
3.175400 
3.176800 
3.176900 
3.177400 
3.177700 
3.177800 
3.178200 
3.178300 
3.178800 
3.179500 
3.179700 
3.180600 
3.180900 
3.181400 
3.181600 
3.181900 
3.182800 
3.183200 
3.183700 
3.184200 
3.184700 
3.185100 
3.185300 
3.185700 
3.185800 
3.186200 
3.186200 
3.186600 
3.186800 
3.186800 
3.187100 
3.187200 
3.187700 
3.187700 
3.187700 
3.187700 
3.188200 
3.188400 
3.188500 
3.189300 
3.189600 
3.190100 
3.190700 
3.191700 
3.191900 
3.192900 
3.193100 
3.193600 
3.193900 
3.194200 
3.194700 
3.195100 
3.195400 
3.195500 
3.196300 
3.196500 
3.196700 
3.196900 
3.197000 
3.197600 
3.199000 
3.199100 
3.199200 
3.199600 
3.200400 
3.200400 
3.200500 
3.201100 
3.201300 
3.203000 
3.203000 
3.203000 
3.203900 
3.203900 
3.204100 
3.204400 
3.205300 
3.206600 
3.207000 
3.207500 
3.208600 
3.208600 
3.209000 
3.210000 
3.210200 
3.211100 
3.211400 
3.211600 
3.212300 
3.212400 
3.212800 
3.214900 
3.215000 
3.215200 
3.215400 
3.216400 
3.216700 
3.216700 
3.218000 
3.218200 
3.218200 
3.218300 
3.218500 
3.218900 
3.219100 
3.219400 
3.219800 
3.220000 
3.221000 
3.222000 
3.222200 
3.222500 
3.223400 
3.223600 
3.224300 
3.225300 
3.225300 
3.225800 
3.225900 
3.226900 
3.227000 
3.227000 
3.227100 
3.227700 
3.227900 
3.228400 
3.228500 
3.228700 
3.228900 
3.229400 
3.229500 
3.229700 
3.230000 
3.230100 
3.231300 
3.231900 
3.232100 
3.233100 
3.234100 
3.234600 
3.234600 
3.234800 
3.235500 
3.235500 
3.235500 
3.237000 
3.237800 
3.238700 
3.239300 
3.239300 
3.239600 
3.239800 
3.239900 
3.240700 
3.241200 
3.241300 
3.242100 
3.242100 
3.242400 
3.243600 
3.244400 
3.245000 
3.245700 
3.246500 
3.246800 
3.247200 
3.247500 
3.247600 
3.248300 
3.249200 
3.249400 
3.250300 
3.251700 
3.251900 
3.253200 
3.253600 
3.254200 
3.254400 
3.255200 
3.257400 
3.257500 
3.257700 
3.258100 
3.258200 
3.258400 
3.259200 
3.259400 
3.259600 
3.260100 
3.260200 
3.260300 
3.260900 
3.261400 
3.261600 
3.262200 
3.262200 
3.262900 
3.263100 
3.263300 
3.263700 
3.263900 
3.264000 
3.264800 
3.266300 
3.266800 
3.266900 
3.267800 
3.268200 
3.268600 
3.268600 
3.269300 
3.269300 
3.269400 
3.270300 
3.271400 
3.271500 
3.271700 
3.271700 
3.272100 
3.272600 
3.272600 
3.272700 
3.273500 
3.273700 
3.273800 
3.273900 
3.275100 
3.275400 
3.275800 
3.275900 
3.276400 
3.276500 
3.276800 
3.277100 
3.277400 
3.277800 
3.280100 
3.280700 
3.281200 
3.281800 
3.282100 
3.283100 
3.283900 
3.285100 
3.285900 
3.286200 
3.287800 
3.288200 
3.288400 
3.288700 
3.289100 
3.289600 
3.289900 
3.289900 
3.290000 
3.290300 
3.290400 
3.291000 
3.291500 
3.291600 
3.291600 
3.292100 
3.292500 
3.292800 
3.293600 
3.293800 
3.294000 
3.294100 
3.294400 
3.294400 
3.295200 
3.295200 
3.295200 
3.295500 
3.295600 
3.296100 
3.296500 
3.296800 
3.297100 
3.297300 
3.298500 
3.298900 
3.299900 
3.302500 
3.302800 
3.304000 
3.304600 
3.305000 
3.305300 
3.306900 
3.306900 
3.307000 
3.307300 
3.308200 
3.308200 
3.309400 
3.309600 
3.310100 
3.310100 
3.310800 
3.311100 
3.311600 
3.312100 
3.313500 
3.314200 
3.314200 
3.314800 
3.315200 
3.315300 
3.315700 
3.315900 
3.316200 
3.316200 
3.316300 
3.316700 
3.316800 
3.317600 
3.317900 
3.318000 
3.318100 
3.318700 
3.318700 
3.318700 
3.318800 
3.319400 
3.319800 
3.321200 
3.322300 
3.323300 
3.323600 
3.324200 
3.324600 
3.324600 
3.324600 
3.325000 
3.325100 
3.325300 
3.325400 
3.327000 
3.327000 
3.327100 
3.327500 
3.327700 
3.328500 
3.328700 
3.329300 
3.329400 
3.329500 
3.329700 
3.329900 
3.330000 
3.330700 
3.331300 
3.331800 
3.332700 
3.333200 
3.333200 
3.334500 
3.335300 
3.335600 
3.335700 
3.336000 
3.337500 
3.338400 
3.338500 
3.339000 
3.339200 
3.339400 
3.339600 
3.340300 
3.341700 
3.343100 
3.343400 
3.343500 
3.343700 
3.344000 
3.346100 
3.347200 
3.347500 
3.348200 
3.348600 
3.348900 
3.349600 
3.349800 
3.350000 
3.351300 
3.351400 
3.352000 
3.353200 
3.353800 
3.353800 
3.353800 
3.354500 
3.354900 
3.355000 
3.355400 
3.356500 
3.357500 
3.357600 
3.357900 
3.358200 
3.358400 
3.358600 
3.358800 
3.359900 
3.360600 
3.361600 
3.362400 
3.362800 
3.363100 
3.364100 
3.365100 
3.365200 
3.366300 
3.366700 
3.366900 
3.367000 
3.367100 
3.367100 
3.367100 
3.367200 
3.368000 
3.368100 
3.368400 
3.368700 
3.368900 
3.369000 
3.370100 
3.370500 
3.372100 
3.372600 
3.372900 
3.373100 
3.374100 
3.374400 
3.374400 
3.374500 
3.375200 
3.375400 
3.376000 
3.376300 
3.376500 
3.377100 
3.377500 
3.377500 
3.377800 
3.379600 
3.379700 
3.379900 
3.380800 
3.380800 
3.381200 
3.381700 
3.381800 
3.381800 
3.382200 
3.384000 
3.385900 
3.386000 
3.386000 
3.386700 
3.386900 
3.388200 
3.388400 
3.388400 
3.388800 
3.389100 
3.389100 
3.389300 
3.389400 
3.389600 
3.389800 
3.390400 
3.391000 
3.391100 
3.391800 
3.392900 
3.392900 
3.394300 
3.394300 
3.395600 
3.396200 
3.396400 
3.396500 
3.396700 
3.397300 
3.397400 
3.398900 
3.399000 
3.399100 
3.399500 
3.399900 
3.401200 
3.401300 
3.401300 
3.401600 
3.401800 
3.402000 
3.402300 
3.402300 
3.402300 
3.403300 
3.403500 
3.403700 
3.405300 
3.405800 
3.406100 
3.406200 
3.406700 
3.406900 
3.407300 
3.407700 
3.407700 
3.407800 
3.408700 
3.408700 
3.408700 
3.409800 
3.410800 
3.411300 
3.412300 
3.412400 
3.412700 
3.413300 
3.414000 
3.414200 
3.414800 
3.416200 
3.416800 
3.416900 
3.417400 
3.417600 
3.418000 
3.418100 
3.418700 
3.419000 
3.419400 
3.419500 
3.420000 
3.420100 
3.420400 
3.420600 
3.421000 
3.421100 
3.421100 
3.421200 
3.421500 
3.422400 
3.422800 
3.424400 
3.424700 
3.425200 
3.426100 
3.426300 
3.427400 
3.427600 
3.427600 
3.427600 
3.427600 
3.428400 
3.428500 
3.428900 
3.429700 
3.430100 
3.430800 
3.433800 
3.434600 
3.434600 
3.434900 
3.435000 
3.435300 
3.436200 
3.436300 
3.436700 
3.438200 
3.438500 
3.438600 
3.438900 
3.439300 
3.439300 
3.440500 
3.441100 
3.441400 
3.441800 
3.442700 
3.442800 
3.442900 
3.443300 
3.445000 
3.445600 
3.446000 
3.446000 
3.446200 
3.447600 
3.448600 
3.450300 
3.450400 
3.451100 
3.451300 
3.452000 
3.452200 
3.452300 
3.452300 
3.452500 
3.452800 
3.453900 
3.454200 
3.454800 
3.455100 
3.455900 
3.456500 
3.456600 
3.457200 
3.457200 
3.457600 
3.458200 
3.458500 
3.458900 
3.459500 
3.459500 
3.459800 
3.460000 
3.460000 
3.460300 
3.460400 
3.460700 
3.460700 
3.460800 
3.461200 
3.462800 
3.463500 
3.464500 
3.465200 
3.465200 
3.465400 
3.466600 
3.467200 
3.467700 
3.467800 
3.468600 
3.468800 
3.469200 
3.469600 
3.470200 
3.470500 
3.470700 
3.471000 
3.471200 
3.471300 
3.471500 
3.472800 
3.472900 
3.473200 
3.473700 
3.474000 
3.474600 
3.475500 
3.475600 
3.475600 
3.477000 
3.477200 
3.479900 
3.480200 
3.480300 
3.480500 
3.480700 
3.482300 
3.482400 
3.482500 
3.482800 
3.482900 
3.483300 
3.483500 
3.483500 
3.483800 
3.484400 
3.484500 
3.485200 
3.486300 
3.487700 
3.488000 
3.488500 
3.489200 
3.489700 
3.490600 
3.491700 
3.492200 
3.492600 
3.492900 
3.493000 
3.493100 
3.494600 
3.494800 
3.497000 
3.497100 
3.497400 
3.497400 
3.497700 
3.497900 
3.497900 
3.498700 
3.499000 
3.499200 
3.501600 
3.501700 
3.501900 
3.505100 
3.505700 
3.506000 
3.506400 
3.507400 
3.508100 
3.508200 
3.508600 
3.508800 
3.509000 
3.509100 
3.509200 
3.509300 
3.511100 
3.511700 
3.512700 
3.512700 
3.514400 
3.514800 
3.515500 
3.515800 
3.515900 
3.516600 
3.516700 
3.517200 
3.519100 
3.519300 
3.520300 
3.520900 
3.521200 
3.522400 
3.523100 
3.523200 
3.523300 
3.523300 
3.524100 
3.525000 
3.525400 
3.525800 
3.526500 
3.526700 
3.527100 
3.528400 
3.529400 
3.530100 
3.530200 
3.530600 
3.532500 
3.532600 
3.532600 
3.532600 
3.532800 
3.533500 
3.533900 
3.534500 
3.534700 
3.535300 
3.535900 
3.536000 
3.536900 
3.537700 
3.537800 
3.538200 
3.538500 
3.539100 
3.539500 
3.540400 
3.540900 
3.541000 
3.541100 
3.542100 
3.543000 
3.543500 
3.543700 
3.543800 
3.543900 
3.544100 
3.544400 
3.544600 
3.544900 
3.545100 
3.545400 
3.545500 
3.545700 
3.545700 
3.546600 
3.546600 
3.546600 
3.546700 
3.547800 
3.547800 
3.550300 
3.551300 
3.551600 
3.552000 
3.552100 
3.552500 
3.552500 
3.553400 
3.553700 
3.553700 
3.553800 
3.554000 
3.554500 
3.554800 
3.554900 
3.555100 
3.555600 
3.556000 
3.556400 
3.556500 
3.556600 
3.556800 
3.557200 
3.557600 
3.557800 
3.558100 
3.558500 
3.558900 
3.560000 
3.562100 
3.562300 
3.562700 
3.563300 
3.563700 
3.564800 
3.565500 
3.565600 
3.567300 
3.567400 
3.567500 
3.567800 
3.568400 
3.568600 
3.569000 
3.569400 
3.570000 
3.570800 
3.571300 
3.571800 
3.572200 
3.572300 
3.572300 
3.572800 
3.573000 
3.573100 
3.573300 
3.574000 
3.574100 
3.574700 
3.575200 
3.575300 
3.576000 
3.576000 
3.576500 
3.576900 
3.578000 
3.578300 
3.578800 
3.578800 
3.581200 
3.581300 
3.581500 
3.581700 
3.581800 
3.582500 
3.583800 
3.584600 
3.585200 
3.585400 
3.585600 
3.585800 
3.585800 
3.586000 
3.587300 
3.587300 
3.588100 
3.588700 
3.589000 
3.589100 
3.590700 
3.590900 
3.591600 
3.591800 
3.592100 
3.592400 
3.592600 
3.592800 
3.593100 
3.593200 
3.593300 
3.593800 
3.593900 
3.594300 
3.594900 
3.595300 
3.595500 
3.597400 
3.597700 
3.597800 
3.598700 
3.599500 
3.599600 
3.599600 
3.600600 
3.601500 
3.601700 
3.601900 
3.602500 
3.602700 
3.602900 
3.603200 
3.603700 
3.603700 
3.604300 
3.605800 
3.606000 
3.606700 
3.606800 
3.607100 
3.607600 
3.607800 
3.608200 
3.609400 
3.610300 
3.610600 
3.610700 
3.611100 
3.611400 
3.611500 
3.611900 
3.612000 
3.612400 
3.612800 
3.613300 
3.613700 
3.613700 
3.614200 
3.614500 
3.614600 
3.614700 
3.614700 
3.615400 
3.616000 
3.616400 
3.616600 
3.616800 
3.617300 
3.617800 
3.618000 
3.618300 
3.618600 
3.618900 
3.619400 
3.620900 
3.621000 
3.622000 
3.622200 
3.622700 
3.622700 
3.623000 
3.623100 
3.623900 
3.625200 
3.625600 
3.626000 
3.626100 
3.626100 
3.626300 
3.626600 
3.626800 
3.627000 
3.628100 
3.629500 
3.630300 
3.630900 
3.631400 
3.631700 
3.631800 
3.632800 
3.633900 
3.634100 
3.634900 
3.635000 
3.635700 
3.636100 
3.636200 
3.636300 
3.636400 
3.636500 
3.636700 
3.637200 
3.637600 
3.638300 
3.638300 
3.638700 
3.638900 
3.640100 
3.641100 
3.641600 
3.641800 
3.641800 
3.642500 
3.643800 
3.643900 
3.644000 
3.644400 
3.644900 
3.645600 
3.646300 
3.646600 
3.647600 
3.648000 
3.648100 
3.648600 
3.648700 
3.650300 
3.650600 
3.650900 
3.651200 
3.651400 
3.651700 
3.652100 
3.652300 
3.652400 
3.652400 
3.652900 
3.654300 
3.654500 
3.654500 
3.654600 
3.655200 
3.655800 
3.656000 
3.656400 
3.656500 
3.657100 
3.658300 
3.658500 
3.658500 
3.658600 
3.659200 
3.659200 
3.660000 
3.660100 
3.660400 
3.661000 
3.662100 
3.662100 
3.662400 
3.663100 
3.664100 
3.664100 
3.665400 
3.665900 
3.666000 
3.666000 
3.666200 
3.667000 
3.667100 
3.667100 
3.667100 
3.667400 
3.667500 
3.668600 
3.668800 
3.669600 
3.669800 
3.670300 
3.671300 
3.672000 
3.672000 
3.672100 
3.672300 
3.672500 
3.673900 
3.674000 
3.674100 
3.674300 
3.675000 
3.675700 
3.675800 
3.675800 
3.678200 
3.678200 
3.678900 
3.679300 
3.679600 
3.679800 
3.679800 
3.681700 
3.681700 
3.682800 
3.683100 
3.684300 
3.684600 
3.684700 
3.685200 
3.686300 
3.686500 
3.687100 
3.687900 
3.689700 
3.691100 
3.691100 
3.692600 
3.692700 
3.693300 
3.694300 
3.694300 
3.694500 
3.694500 
3.694600 
3.695400 
3.695500 
3.696000 
3.696200 
3.696200 
3.696600 
3.696800 
3.696800 
3.697000 
3.698800 
3.699000 
3.699300 
3.699600 
3.699600 
3.700300 
3.701700 
3.702000 
3.702000 
3.702500 
3.703500 
3.705300 
3.706200 
3.706500 
3.707300 
3.707400 
3.707900 
3.708100 
3.708700 
3.708800 
3.710000 
3.710400 
3.710800 
3.710800 
3.711000 
3.712100 
3.712900 
3.713300 
3.714600 
3.715100 
3.716100 
3.716600 
3.717600 
3.717700 
3.718900 
3.718900 
3.719200 
3.719300 
3.719800 
3.719900 
3.721800 
3.721800 
3.721900 
3.722200 
3.722800 
3.722800 
3.723000 
3.723100 
3.724400 
3.724400 
3.724500 
3.726000 
3.726300 
3.726500 
3.726800 
3.727500 
3.727600 
3.727600 
3.728200 
3.729700 
3.729900 
3.729900 
3.730600 
3.731100 
3.731500 
3.731800 
3.732300 
3.733100 
3.733500 
3.734100 
3.734200 
3.734400 
3.734600 
3.735300 
3.735300 
3.735600 
3.735700 
3.736100 
3.736300 
3.736600 
3.736900 
3.737400 
3.737600 
3.737800 
3.738000 
3.738500 
3.738700 
3.739400 
3.739700 
3.739800 
3.740800 
3.741400 
3.741500 
3.741900 
3.742100 
3.742500 
3.742700 
3.743400 
3.743900 
3.744100 
3.744300 
3.745100 
3.747100 
3.747300 
3.747900 
3.748100 
3.748200 
3.748500 
3.748600 
3.748700 
3.749100 
3.749800 
3.749900 
3.750900 
3.751000 
3.751800 
3.752100 
3.754300 
3.754500 
3.754800 
3.755100 
3.755300 
3.755700 
3.756100 
3.757400 
3.757600 
3.757900 
3.758100 
3.761000 
3.761700 
3.761800 
3.761800 
3.762000 
3.763600 
3.764200 
3.764400 
3.764600 
3.764800 
3.765100 
3.765300 
3.765400 
3.765600 
3.765600 
3.765900 
3.766100 
3.766600 
3.766600 
3.766600 
3.767200 
3.767800 
3.767900 
3.768100 
3.770200 
3.770700 
3.770800 
3.771700 
3.771900 
3.773400 
3.774000 
3.774200 
3.774800 
3.774800 
3.774900 
3.775500 
3.776900 
3.777400 
3.777500 
3.777600 
3.777800 
3.778300 
3.778500 
3.778800 
3.779500 
3.780100 
3.782200 
3.782700 
3.782900 
3.784100 
3.785300 
3.786500 
3.786800 
3.787200 
3.787200 
3.788200 
3.788400 
3.789100 
3.789800 
3.790300 
3.790600 
3.791100 
3.791400 
3.791600 
3.792100 
3.792200 
3.792200 
3.792300 
3.792600 
3.793500 
3.793600 
3.793700 
3.793900 
3.794400 
3.794500 
3.795000 
3.795000 
3.795200 
3.796800 
3.797200 
3.798000 
3.798700 
3.800300 
3.800600 
3.800800 
3.801000 
3.801100 
3.801900 
3.804000 
3.804400 
3.805500 
3.805700 
3.807600 
3.807800 
3.807800 
3.807900 
3.809100 
3.809200 
3.809500 
3.809800 
3.810100 
3.810100 
3.810200 
3.810300 
3.810300 
3.813600 
3.813700 
3.814200 
3.814700 
3.815100 
3.815100 
3.816100 
3.816400 
3.817000 
3.817100 
3.817400 
3.817400 
3.817800 
3.817900 
3.818200 
3.818800 
3.819700 
3.820500 
3.820500 
3.821600 
3.821900 
3.822200 
3.822400 
3.822700 
3.822900 
3.823400 
3.823600 
3.825500 
3.826300 
3.826600 
3.826600 
3.827300 
3.828700 
3.829600 
3.830900 
3.831500 
3.831500 
3.832000 
3.832600 
3.835500 
3.837600 
3.838700 
3.838900 
3.839300 
3.839500 
3.839700 
3.839800 
3.840200 
3.840300 
3.840800 
3.841000 
3.841300 
3.841600 
3.842300 
3.842500 
3.842500 
3.842900 
3.844100 
3.844700 
3.844800 
3.845500 
3.845700 
3.845900 
3.847300 
3.847400 
3.848400 
3.849000 
3.849200 
3.849600 
3.850000 
3.850200 
3.851100 
3.851300 
3.851300 
3.851400 
3.851500 
3.851700 
3.851800 
3.851900 
3.852000 
3.853600 
3.854000 
3.854000 
3.854200 
3.854500 
3.854600 
3.855300 
3.855400 
3.855800 
3.856700 
3.856800 
3.857000 
3.858700 
3.859200 
3.860200 
3.860800 
3.861700 
3.862000 
3.863800 
3.864000 
3.864100 
3.864700 
3.864900 
3.865000 
3.866900 
3.867100 
3.868300 
3.868400 
3.868500 
3.869600 
3.869800 
3.869800 
3.871000 
3.871000 
3.871100 
3.871200 
3.872300 
3.874700 
3.874800 
3.874800 
3.876200 
3.876800 
3.876800 
3.877800 
3.879300 
3.879600 
3.882200 
3.883000 
3.883000 
3.883100 
3.883300 
3.883300 
3.883800 
3.884200 
3.885100 
3.885800 
3.887100 
3.888500 
3.888700 
3.889000 
3.889100 
3.889100 
3.891100 
3.891700 
3.893000 
3.893600 
3.895100 
3.895500 
3.896800 
3.896800 
3.897300 
3.897300 
3.898300 
3.898800 
3.898900 
3.899100 
3.899200 
3.899800 
3.900600 
3.900900 
3.901400 
3.901500 
3.904100 
3.904500 
3.904700 
3.904700 
3.905700 
3.905800 
3.907300 
3.907500 
3.907600 
3.908600 
3.908700 
3.908700 
3.908700 
3.908900 
3.909400 
3.909600 
3.909800 
3.910400 
3.911700 
3.912000 
3.912500 
3.913100 
3.913300 
3.913400 
3.913600 
3.913600 
3.914300 
3.914400 
3.915300 
3.916300 
3.916500 
3.917500 
3.917900 
3.918400 
3.918600 
3.918700 
3.919800 
3.920200 
3.920400 
3.920700 
3.920900 
3.921400 
3.921700 
3.921700 
3.921900 
3.922600 
3.924300 
3.924400 
3.924500 
3.925300 
3.928300 
3.928400 
3.928500 
3.929500 
3.930100 
3.930700 
3.931300 
3.931300 
3.931400 
3.931800 
3.932100 
3.932200 
3.932400 
3.932600 
3.933400 
3.933900 
3.935400 
3.935900 
3.935900 
3.939100 
3.939300 
3.940600 
3.941800 
3.942000 
3.942100 
3.942700 
3.942800 
3.943300 
3.943600 
3.943600 
3.943700 
3.944200 
3.945200 
3.945800 
3.945800 
3.946500 
3.946600 
3.947200 
3.947200 
3.947300 
3.948400 
3.949100 
3.949100 
3.949800 
3.949800 
3.950100 
3.950600 
3.950700 
3.953000 
3.953300 
3.953600 
3.954800 
3.955300 
3.955500 
3.955700 
3.956100 
3.956100 
3.956800 
3.956900 
3.958300 
3.959500 
3.960600 
3.960800 
3.960800 
3.960800 
3.961300 
3.961500 
3.961600 
3.961800 
3.962600 
3.962900 
3.963300 
3.963300 
3.963500 
3.964200 
3.964900 
3.964900 
3.965100 
3.967900 
3.968000 
3.968900 
3.969000 
3.969100 
3.969100 
3.969500 
3.970300 
3.971400 
3.971500 
3.972000 
3.972200 
3.973300 
3.973400 
3.973500 
3.974100 
3.975300 
3.975300 
3.976100 
3.976100 
3.976600 
3.976800 
3.977300 
3.978300 
3.978400 
3.978500 
3.978800 
3.978900 
3.979000 
3.979000 
3.980400 
3.980400 
3.980700 
3.981200 
3.981700 
3.981800 
3.982800 
3.983100 
3.983100 
3.983700 
3.984900 
3.986600 
3.987000 
3.987600 
3.989300 
3.989800 
3.990000 
3.990300 
3.990400 
3.990500 
3.990900 
3.991100 
3.991700 
3.991700 
3.992600 
3.993300 
3.993400 
3.994300 
3.994400 
3.994800 
3.995000 
3.995000 
3.995300 
3.995700 
3.996700 
3.997000 
3.997300 
3.998800 
3.999600 
