15 
55 
70 
1 
34 
120 
71 
79 
52 
121 
61 
31 
63 
135 
187 
127 
74 
153 
149 
162 
30 
135 
51 
53 
70 
115 
26 
16 
61 
95 
87 
68 
77 
66 
46 
126 
160 
132 
72 
93 
89 
8 
187 
98 
106 
94 
163 
101 
92 
120 
19 
73 
26 
118 
151 
48 
182 
12 
185 
76 
140 
119 
28 
27 
158 
102 
29 
75 
108 
165 
87 
65 
136 
170 
147 
9 
69 
112 
127 
16 
106 
187 
91 
74 
159 
28 
174 
172 
153 
97 
65 
124 
27 
74 
151 
30 
135 
52 
47 
78 
125 
171 
169 
182 
34 
22 
12 
89 
48 
130 
39 
106 
149 
22 
20 
65 
139 
40 
128 
154 
134 
7 
102 
37 
176 
42 
125 
152 
97 
113 
104 
73 
9 
65 
70 
18 
63 
40 
61 
121 
79 
140 
8 
45 
79 
6 
97 
67 
89 
88 
149 
62 
19 
171 
114 
38 
10 
8 
140 
163 
52 
77 
162 
37 
134 
182 
173 
147 
55 
160 
129 
107 
136 
58 
146 
26 
160 
44 
145 
109 
15 
80 
182 
22 
184 
181 
150 
33 
171 
53 
37 
175 
73 
128 
131 
79 
80 
175 
62 
142 
34 
88 
82 
166 
65 
37 
81 
145 
177 
78 
144 
133 
77 
102 
27 
69 
138 
152 
45 
39 
181 
68 
93 
136 
150 
48 
91 
17 
52 
127 
44 
159 
172 
70 
147 
142 
104 
15 
28 
126 
150 
107 
10 
121 
137 
96 
63 
29 
5 
127 
161 
84 
140 
168 
160 
129 
110 
161 
75 
126 
99 
16 
115 
6 
44 
174 
177 
39 
94 
34 
59 
108 
184 
180 
2 
88 
131 
64 
124 
79 
56 
61 
142 
185 
31 
109 
29 
14 
5 
160 
177 
9 
51 
156 
82 
91 
119 
159 
136 
93 
112 
95 
113 
150 
39 
161 
148 
6 
5 
101 
124 
109 
65 
163 
186 
25 
183 
59 
161 
146 
132 
150 
164 
67 
40 
83 
23 
13 
33 
146 
158 
121 
81 
21 
63 
143 
181 
20 
39 
113 
9 
45 
82 
155 
187 
53 
152 
49 
172 
173 
98 
36 
54 
38 
157 
90 
162 
18 
0 
158 
170 
146 
59 
101 
100 
64 
148 
76 
52 
130 
25 
145 
68 
118 
119 
144 
139 
160 
163 
72 
134 
46 
69 
143 
161 
179 
31 
32 
166 
184 
128 
101 
109 
172 
3 
125 
43 
76 
109 
6 
11 
154 
26 
94 
47 
183 
41 
73 
147 
38 
114 
129 
126 
180 
74 
77 
140 
91 
174 
113 
165 
69 
123 
109 
34 
103 
176 
33 
150 
49 
132 
96 
122 
185 
21 
56 
116 
34 
155 
170 
114 
121 
3 
98 
99 
109 
148 
168 
154 
92 
111 
110 
67 
165 
121 
123 
125 
60 
120 
21 
180 
160 
151 
121 
180 
134 
118 
163 
135 
156 
146 
102 
142 
141 
10 
17 
40 
98 
35 
14 
38 
116 
154 
53 
62 
119 
78 
90 
107 
175 
156 
44 
116 
123 
167 
105 
12 
122 
104 
127 
129 
133 
72 
66 
177 
76 
63 
45 
65 
186 
49 
178 
18 
35 
62 
72 
127 
6 
59 
165 
4 
17 
187 
24 
153 
49 
68 
30 
104 
166 
64 
159 
130 
149 
110 
129 
77 
52 
2 
3 
138 
128 
114 
119 
150 
160 
83 
117 
151 
107 
110 
38 
64 
113 
100 
146 
65 
109 
20 
27 
72 
143 
60 
135 
57 
136 
78 
112 
164 
168 
8 
40 
29 
131 
137 
125 
42 
49 
144 
73 
12 
120 
183 
88 
43 
100 
28 
179 
56 
19 
121 
35 
4 
177 
135 
64 
145 
7 
146 
82 
161 
27 
99 
25 
86 
13 
187 
91 
111 
23 
165 
25 
53 
14 
160 
74 
63 
5 
69 
161 
100 
139 
141 
145 
20 
155 
158 
60 
13 
26 
6 
185 
62 
136 
27 
163 
175 
187 
76 
128 
74 
131 
144 
98 
114 
117 
50 
9 
28 
1 
103 
142 
44 
42 
27 
3 
76 
125 
106 
138 
70 
156 
171 
150 
33 
163 
110 
1 
112 
54 
57 
143 
125 
26 
25 
78 
14 
99 
61 
50 
140 
187 
97 
16 
27 
115 
104 
4 
161 
84 
129 
96 
116 
95 
132 
53 
129 
183 
73 
153 
79 
15 
61 
116 
56 
20 
86 
96 
104 
97 
151 
173 
148 
104 
153 
186 
43 
80 
24 
117 
99 
1 
30 
44 
121 
7 
148 
51 
16 
165 
79 
84 
169 
117 
1 
41 
17 
102 
88 
171 
101 
183 
47 
61 
37 
112 
123 
64 
55 
119 
15 
133 
147 
121 
78 
59 
87 
126 
165 
144 
8 
88 
164 
12 
100 
96 
56 
170 
42 
112 
74 
109 
162 
43 
26 
176 
27 
102 
181 
177 
118 
167 
111 
173 
12 
30 
92 
40 
153 
56 
3 
66 
167 
75 
108 
39 
58 
52 
96 
46 
80 
147 
99 
64 
118 
112 
79 
11 
116 
168 
28 
146 
8 
48 
121 
91 
145 
163 
5 
64 
135 
142 
153 
2 
130 
96 
29 
143 
125 
78 
140 
169 
69 
81 
82 
62 
144 
86 
187 
175 
156 
40 
145 
42 
44 
126 
102 
87 
50 
103 
159 
171 
58 
11 
12 
54 
45 
33 
26 
173 
54 
134 
177 
152 
129 
61 
66 
70 
6 
78 
145 
123 
151 
49 
19 
173 
15 
137 
64 
88 
65 
1 
28 
182 
132 
67 
185 
26 
99 
126 
63 
76 
101 
136 
109 
184 
8 
108 
152 
134 
128 
20 
43 
29 
51 
9 
163 
13 
63 
19 
127 
137 
161 
134 
92 
42 
186 
184 
117 
31 
180 
24 
57 
62 
170 
39 
162 
1 
2 
30 
87 
101 
55 
159 
180 
13 
110 
143 
89 
17 
141 
14 
90 
65 
107 
120 
80 
101 
32 
108 
27 
174 
127 
82 
144 
170 
140 
23 
154 
75 
102 
28 
65 
111 
60 
135 
185 
152 
66 
76 
53 
182 
10 
16 
176 
149 
153 
40 
63 
123 
94 
22 
144 
85 
81 
91 
96 
135 
58 
165 
174 
97 
116 
10 
137 
21 
75 
92 
8 
168 
79 
4 
166 
88 
45 
160 
18 
48 
143 
104 
33 
147 
136 
62 
70 
140 
1 
102 
138 
144 
149 
56 
7 
172 
32 
151 
29 
45 
82 
125 
143 
128 
61 
40 
178 
129 
69 
47 
150 
97 
5 
2 
126 
17 
90 
92 
102 
122 
170 
182 
15 
30 
128 
124 
94 
0 
161 
125 
169 
60 
26 
2 
0 
108 
106 
123 
128 
187 
101 
61 
184 
50 
121 
172 
35 
24 
187 
139 
125 
75 
87 
138 
17 
38 
82 
0 
104 
156 
124 
56 
42 
99 
18 
183 
97 
136 
55 
151 
33 
48 
159 
83 
24 
135 
86 
70 
130 
17 
60 
66 
115 
123 
39 
118 
165 
151 
153 
80 
131 
97 
149 
180 
75 
35 
113 
178 
5 
53 
160 
58 
163 
54 
44 
28 
0 
8 
52 
33 
175 
63 
29 
132 
90 
9 
155 
110 
4 
60 
180 
22 
168 
99 
66 
100 
111 
74 
6 
51 
70 
166 
4 
34 
153 
149 
122 
77 
60 
92 
113 
72 
184 
22 
150 
7 
13 
183 
79 
132 
161 
173 
0 
130 
64 
19 
164 
179 
76 
139 
56 
13 
49 
72 
36 
37 
31 
153 
128 
157 
136 
27 
39 
63 
146 
81 
131 
66 
170 
30 
167 
82 
182 
118 
58 
25 
128 
73 
43 
30 
108 
55 
182 
113 
68 
151 
131 
127 
61 
149 
135 
169 
143 
45 
69 
136 
101 
37 
121 
176 
77 
148 
120 
130 
131 
40 
106 
13 
38 
41 
44 
31 
72 
114 
24 
21 
133 
1 
171 
119 
185 
19 
79 
186 
133 
145 
28 
150 
102 
153 
148 
80 
144 
151 
33 
124 
77 
139 
130 
38 
74 
16 
175 
186 
171 
62 
135 
108 
159 
138 
67 
150 
59 
8 
181 
64 
119 
52 
7 
146 
172 
125 
41 
55 
39 
60 
166 
88 
141 
121 
168 
6 
124 
155 
86 
180 
92 
68 
137 
60 
166 
172 
38 
141 
68 
75 
161 
17 
59 
31 
16 
108 
127 
79 
157 
23 
57 
71 
13 
9 
95 
24 
77 
186 
39 
110 
17 
3 
22 
25 
123 
148 
26 
19 
113 
140 
62 
60 
51 
42 
97 
53 
50 
29 
52 
123 
21 
6 
67 
144 
180 
111 
177 
85 
165 
107 
153 
9 
93 
173 
114 
172 
39 
41 
0 
132 
144 
103 
162 
185 
87 
141 
55 
68 
34 
53 
150 
61 
14 
125 
115 
7 
119 
99 
34 
22 
131 
93 
86 
78 
68 
97 
156 
106 
43 
126 
100 
72 
172 
149 
17 
148 
163 
22 
164 
45 
28 
169 
130 
166 
95 
79 
31 
89 
82 
172 
11 
53 
124 
63 
160 
140 
145 
164 
73 
100 
149 
105 
56 
75 
103 
114 
74 
134 
113 
83 
26 
165 
130 
78 
54 
138 
52 
7 
76 
47 
24 
57 
13 
168 
51 
0 
55 
183 
150 
88 
64 
68 
122 
83 
38 
103 
156 
65 
82 
19 
53 
121 
89 
101 
132 
161 
57 
87 
139 
164 
57 
59 
187 
9 
21 
2 
80 
167 
70 
1 
68 
129 
138 
99 
77 
143 
36 
181 
97 
140 
72 
128 
170 
183 
74 
69 
22 
68 
185 
150 
57 
142 
179 
82 
62 
137 
45 
149 
66 
145 
121 
96 
178 
106 
174 
47 
43 
7 
39 
146 
61 
52 
45 
67 
14 
75 
126 
33 
22 
70 
32 
146 
113 
177 
62 
103 
18 
94 
153 
36 
72 
168 
28 
92 
132 
111 
27 
104 
71 
86 
107 
95 
49 
131 
91 
136 
183 
77 
21 
148 
164 
32 
17 
68 
42 
177 
27 
127 
43 
123 
139 
134 
95 
69 
31 
120 
93 
2 
124 
27 
72 
92 
133 
160 
0 
117 
39 
166 
4 
44 
143 
90 
128 
111 
53 
2 
109 
18 
131 
132 
121 
81 
84 
158 
89 
21 
125 
59 
4 
109 
142 
91 
136 
111 
117 
29 
66 
109 
128 
47 
51 
20 
17 
96 
187 
13 
165 
169 
42 
65 
95 
111 
183 
87 
148 
86 
19 
66 
133 
147 
185 
117 
178 
142 
169 
30 
39 
62 
177 
20 
87 
38 
70 
61 
159 
48 
135 
134 
68 
71 
165 
64 
184 
17 
56 
123 
185 
178 
93 
91 
78 
34 
21 
3 
148 
8 
174 
23 
26 
48 
38 
91 
27 
12 
79 
136 
101 
68 
171 
40 
82 
164 
55 
51 
44 
53 
176 
184 
154 
146 
99 
21 
37 
30 
172 
134 
46 
59 
173 
137 
139 
175 
94 
135 
95 
181 
58 
36 
45 
138 
118 
73 
6 
2 
81 
109 
107 
74 
129 
103 
30 
80 
162 
90 
102 
8 
124 
169 
100 
174 
133 
57 
63 
84 
125 
25 
16 
73 
152 
176 
61 
151 
6 
41 
36 
58 
27 
13 
148 
42 
87 
165 
145 
117 
133 
25 
86 
158 
73 
137 
171 
44 
143 
159 
85 
58 
171 
107 
27 
133 
68 
110 
122 
123 
45 
127 
172 
22 
143 
131 
29 
51 
183 
95 
9 
68 
76 
100 
144 
14 
117 
179 
111 
167 
87 
150 
170 
141 
124 
98 
5 
159 
137 
118 
4 
43 
108 
181 
15 
18 
24 
86 
133 
4 
11 
49 
87 
77 
68 
108 
126 
117 
10 
47 
183 
28 
21 
60 
112 
9 
86 
179 
178 
177 
74 
78 
31 
50 
131 
156 
88 
55 
69 
75 
42 
151 
172 
126 
24 
134 
173 
13 
78 
63 
135 
176 
26 
98 
23 
130 
53 
89 
73 
24 
136 
83 
84 
169 
97 
6 
137 
54 
154 
126 
66 
96 
181 
1 
91 
61 
143 
96 
116 
87 
114 
121 
124 
59 
94 
73 
155 
88 
50 
158 
175 
29 
52 
7 
23 
31 
75 
87 
175 
184 
21 
177 
124 
121 
94 
45 
102 
20 
171 
40 
44 
21 
75 
109 
87 
96 
178 
164 
39 
68 
168 
156 
112 
1 
166 
163 
108 
44 
4 
174 
81 
146 
144 
63 
165 
38 
136 
111 
28 
142 
177 
161 
141 
17 
108 
65 
125 
142 
101 
58 
140 
49 
85 
134 
143 
71 
4 
35 
183 
52 
29 
95 
125 
54 
7 
60 
138 
61 
160 
113 
86 
46 
170 
178 
44 
117 
158 
48 
97 
174 
33 
26 
50 
174 
38 
25 
135 
128 
153 
78 
98 
106 
0 
92 
119 
97 
155 
66 
144 
163 
161 
119 
89 
108 
93 
147 
1 
101 
130 
78 
83 
67 
39 
57 
76 
52 
105 
107 
63 
81 
152 
14 
122 
132 
16 
45 
61 
150 
6 
31 
69 
102 
4 
123 
51 
171 
76 
175 
153 
22 
18 
34 
91 
59 
166 
116 
135 
78 
87 
132 
164 
70 
172 
46 
124 
132 
100 
68 
92 
117 
137 
114 
144 
185 
110 
156 
173 
80 
99 
182 
85 
97 
141 
70 
4 
94 
62 
112 
182 
88 
67 
121 
152 
187 
19 
180 
151 
50 
177 
59 
128 
41 
148 
3 
87 
50 
146 
97 
42 
132 
25 
149 
86 
5 
164 
6 
158 
52 
128 
127 
107 
172 
129 
46 
59 
184 
23 
167 
15 
104 
97 
4 
108 
174 
28 
171 
48 
154 
45 
90 
180 
75 
6 
109 
71 
66 
155 
0 
76 
184 
87 
178 
150 
154 
170 
131 
86 
128 
39 
106 
78 
44 
53 
169 
31 
103 
91 
152 
15 
118 
26 
45 
17 
154 
169 
119 
181 
73 
113 
84 
139 
53 
89 
174 
110 
26 
147 
149 
109 
97 
107 
152 
69 
15 
67 
1 
98 
163 
167 
137 
9 
100 
45 
74 
99 
20 
39 
150 
101 
103 
146 
134 
89 
130 
121 
30 
108 
89 
53 
161 
133 
38 
176 
168 
59 
73 
118 
10 
134 
123 
83 
39 
70 
100 
122 
158 
62 
35 
150 
87 
27 
90 
6 
170 
153 
128 
66 
122 
157 
72 
155 
24 
88 
18 
19 
30 
1 
153 
4 
121 
183 
162 
157 
182 
76 
140 
150 
81 
39 
11 
19 
108 
173 
33 
139 
29 
96 
172 
95 
149 
72 
133 
160 
78 
107 
23 
170 
167 
143 
20 
100 
94 
159 
161 
64 
89 
13 
80 
29 
73 
4 
0 
71 
39 
78 
45 
89 
156 
48 
154 
102 
162 
151 
117 
88 
104 
120 
180 
48 
71 
161 
123 
13 
89 
115 
87 
164 
144 
112 
124 
181 
186 
53 
168 
90 
76 
130 
89 
143 
13 
141 
134 
162 
179 
77 
60 
129 
116 
187 
168 
85 
7 
62 
117 
146 
123 
49 
35 
38 
53 
62 
119 
160 
40 
10 
101 
19 
66 
145 
99 
147 
179 
39 
186 
34 
30 
57 
134 
129 
22 
119 
157 
13 
18 
95 
97 
74 
33 
183 
177 
56 
14 
131 
57 
81 
118 
144 
182 
138 
137 
8 
87 
113 
142 
96 
53 
169 
31 
55 
185 
100 
87 
164 
4 
36 
84 
180 
15 
150 
145 
35 
70 
84 
122 
149 
174 
118 
124 
92 
184 
135 
161 
107 
159 
90 
120 
186 
53 
148 
170 
94 
106 
10 
8 
66 
64 
183 
140 
48 
121 
116 
41 
90 
152 
28 
144 
11 
148 
117 
27 
173 
126 
55 
75 
37 
39 
124 
112 
113 
126 
66 
132 
179 
108 
109 
76 
175 
138 
136 
139 
182 
133 
99 
121 
171 
40 
161 
17 
144 
108 
87 
146 
128 
160 
170 
36 
118 
186 
140 
16 
17 
126 
65 
125 
128 
106 
124 
170 
49 
26 
8 
29 
84 
34 
150 
130 
94 
42 
109 
127 
179 
53 
181 
70 
1 
48 
108 
159 
113 
25 
40 
66 
62 
37 
4 
11 
110 
24 
157 
158 
178 
81 
39 
137 
89 
149 
150 
83 
98 
134 
62 
175 
142 
53 
152 
167 
85 
75 
92 
84 
38 
163 
120 
117 
141 
166 
118 
174 
40 
55 
46 
124 
0 
170 
93 
169 
51 
149 
74 
135 
57 
88 
133 
173 
0 
163 
56 
35 
120 
161 
140 
