59 
138 
104 
67 
135 
39 
74 
103 
80 
93 
127 
132 
129 
134 
7 
122 
182 
114 
119 
39 
116 
88 
15 
124 
66 
169 
177 
105 
132 
70 
19 
160 
122 
84 
146 
170 
141 
145 
171 
20 
51 
24 
18 
159 
122 
150 
29 
95 
64 
5 
114 
69 
78 
52 
140 
139 
150 
25 
93 
108 
39 
62 
42 
119 
106 
50 
133 
43 
156 
77 
31 
73 
113 
175 
98 
14 
99 
5 
27 
107 
128 
101 
77 
181 
23 
24 
52 
139 
103 
60 
94 
92 
20 
84 
50 
141 
64 
98 
59 
74 
77 
12 
13 
162 
156 
98 
74 
87 
149 
3 
160 
121 
32 
55 
8 
44 
177 
38 
75 
128 
79 
67 
156 
138 
105 
9 
48 
180 
30 
93 
27 
50 
133 
70 
79 
13 
106 
105 
145 
55 
148 
186 
30 
32 
94 
50 
146 
158 
41 
116 
117 
129 
18 
95 
91 
68 
29 
154 
65 
183 
47 
85 
84 
135 
95 
74 
56 
169 
7 
82 
2 
150 
94 
106 
50 
137 
144 
146 
122 
55 
49 
70 
134 
179 
113 
73 
37 
127 
183 
187 
157 
169 
103 
112 
19 
107 
173 
50 
133 
55 
98 
140 
104 
95 
15 
13 
145 
84 
173 
96 
135 
55 
144 
72 
158 
54 
151 
119 
78 
80 
99 
75 
41 
144 
152 
61 
88 
104 
150 
182 
66 
90 
112 
172 
111 
161 
24 
73 
52 
130 
68 
81 
101 
58 
56 
106 
92 
0 
170 
44 
184 
146 
186 
75 
181 
187 
34 
174 
165 
113 
102 
166 
122 
63 
145 
18 
74 
34 
156 
115 
25 
40 
88 
96 
167 
95 
184 
145 
146 
33 
161 
55 
38 
178 
84 
154 
109 
1 
144 
60 
119 
90 
83 
10 
85 
15 
75 
31 
76 
118 
107 
169 
51 
77 
23 
114 
161 
59 
79 
43 
4 
103 
165 
68 
61 
13 
176 
173 
12 
134 
168 
149 
58 
64 
170 
48 
161 
171 
160 
110 
46 
85 
146 
101 
47 
121 
19 
63 
115 
95 
186 
50 
84 
126 
48 
77 
156 
17 
106 
103 
117 
20 
122 
89 
104 
46 
139 
105 
96 
93 
19 
145 
3 
85 
98 
47 
0 
122 
98 
53 
163 
35 
16 
171 
129 
114 
75 
9 
176 
118 
43 
86 
26 
13 
70 
126 
49 
111 
48 
180 
171 
30 
157 
53 
142 
148 
21 
132 
101 
115 
15 
84 
169 
69 
65 
122 
113 
153 
52 
55 
9 
163 
156 
110 
187 
67 
36 
161 
55 
11 
60 
59 
57 
150 
37 
84 
152 
103 
184 
39 
142 
22 
116 
93 
149 
186 
53 
21 
14 
27 
101 
133 
105 
30 
2 
74 
82 
131 
18 
60 
167 
123 
42 
60 
134 
55 
37 
40 
177 
183 
106 
21 
38 
49 
18 
163 
83 
48 
28 
62 
33 
147 
98 
99 
41 
106 
42 
0 
20 
34 
134 
155 
1 
35 
113 
144 
72 
110 
90 
89 
92 
17 
50 
166 
157 
98 
171 
28 
65 
35 
166 
37 
129 
32 
38 
168 
123 
180 
145 
89 
17 
44 
28 
47 
186 
68 
50 
85 
132 
17 
104 
144 
119 
180 
35 
166 
12 
128 
122 
146 
88 
184 
64 
25 
16 
113 
110 
53 
150 
78 
120 
118 
62 
73 
52 
104 
33 
176 
187 
101 
75 
97 
78 
132 
16 
135 
155 
12 
157 
53 
37 
177 
5 
186 
72 
42 
90 
126 
60 
182 
80 
135 
152 
12 
137 
33 
162 
123 
73 
165 
148 
30 
102 
150 
14 
83 
48 
166 
13 
37 
164 
183 
10 
159 
29 
119 
130 
14 
18 
171 
0 
152 
44 
63 
129 
4 
124 
54 
25 
92 
164 
6 
132 
125 
99 
162 
12 
23 
54 
173 
71 
169 
19 
104 
152 
42 
53 
28 
45 
136 
4 
130 
167 
163 
148 
40 
43 
159 
115 
85 
66 
111 
100 
79 
136 
22 
35 
142 
88 
94 
168 
178 
183 
172 
105 
49 
182 
127 
50 
146 
152 
158 
99 
6 
65 
168 
42 
51 
115 
0 
117 
19 
116 
5 
49 
105 
151 
162 
33 
132 
129 
121 
20 
161 
24 
21 
137 
96 
109 
132 
114 
81 
7 
140 
32 
65 
164 
63 
172 
60 
102 
108 
95 
52 
120 
77 
186 
175 
171 
163 
86 
185 
171 
80 
49 
6 
121 
64 
67 
125 
68 
56 
134 
44 
1 
108 
69 
179 
26 
90 
63 
76 
170 
141 
173 
58 
157 
27 
1 
134 
167 
185 
186 
172 
49 
180 
150 
43 
20 
144 
58 
92 
90 
159 
44 
135 
122 
160 
100 
156 
37 
106 
20 
113 
23 
162 
105 
66 
30 
64 
136 
49 
16 
141 
148 
47 
185 
5 
163 
63 
96 
68 
109 
181 
146 
152 
58 
135 
90 
160 
94 
83 
40 
74 
158 
42 
39 
111 
35 
32 
6 
139 
172 
159 
145 
143 
121 
100 
34 
46 
56 
122 
10 
92 
180 
59 
114 
30 
168 
151 
39 
33 
34 
24 
138 
132 
105 
72 
9 
182 
130 
86 
183 
180 
31 
13 
184 
171 
95 
38 
89 
58 
122 
12 
51 
29 
184 
52 
186 
117 
156 
177 
30 
88 
163 
47 
157 
31 
109 
23 
127 
170 
162 
161 
165 
142 
9 
160 
144 
156 
130 
36 
138 
159 
106 
168 
90 
30 
67 
98 
131 
53 
2 
172 
116 
42 
113 
115 
4 
105 
121 
89 
187 
119 
71 
85 
22 
31 
75 
171 
28 
133 
100 
76 
95 
146 
78 
165 
181 
50 
83 
56 
107 
63 
175 
75 
57 
71 
29 
79 
180 
83 
35 
46 
84 
37 
137 
69 
119 
44 
17 
148 
94 
140 
136 
166 
43 
133 
101 
141 
178 
59 
130 
86 
127 
119 
55 
170 
63 
38 
120 
7 
158 
27 
136 
168 
140 
178 
113 
167 
46 
82 
51 
18 
99 
127 
87 
117 
19 
16 
47 
125 
12 
94 
113 
34 
147 
126 
60 
153 
59 
112 
181 
4 
49 
71 
12 
2 
66 
80 
108 
96 
58 
166 
153 
26 
22 
74 
13 
174 
76 
185 
100 
50 
78 
162 
109 
182 
172 
49 
54 
171 
4 
175 
106 
139 
77 
142 
166 
161 
177 
138 
184 
48 
153 
10 
163 
181 
58 
70 
36 
89 
124 
110 
125 
105 
69 
3 
94 
49 
114 
97 
129 
182 
143 
171 
175 
132 
61 
160 
66 
36 
91 
32 
146 
57 
11 
6 
131 
42 
151 
138 
86 
67 
72 
63 
108 
157 
173 
140 
48 
25 
176 
31 
91 
168 
47 
186 
4 
148 
37 
174 
180 
132 
172 
69 
157 
110 
3 
92 
173 
133 
12 
141 
147 
148 
61 
71 
56 
40 
63 
129 
73 
126 
58 
158 
34 
155 
22 
125 
59 
14 
72 
157 
165 
45 
170 
137 
47 
105 
31 
80 
51 
77 
48 
30 
61 
35 
149 
109 
49 
154 
24 
47 
114 
157 
43 
38 
175 
19 
18 
167 
136 
15 
30 
89 
184 
92 
13 
88 
99 
187 
141 
136 
16 
31 
153 
51 
53 
97 
63 
96 
179 
107 
5 
80 
119 
144 
11 
2 
10 
9 
106 
151 
55 
109 
130 
17 
156 
39 
73 
77 
23 
180 
65 
125 
8 
99 
59 
52 
66 
3 
92 
157 
110 
130 
89 
117 
34 
14 
88 
41 
62 
68 
102 
63 
144 
154 
72 
39 
80 
29 
73 
79 
119 
178 
65 
54 
112 
89 
104 
11 
155 
59 
186 
162 
156 
150 
41 
72 
51 
98 
10 
46 
179 
14 
52 
69 
49 
153 
13 
21 
84 
178 
119 
118 
61 
63 
17 
62 
70 
126 
18 
10 
59 
179 
22 
76 
43 
1 
125 
77 
172 
171 
164 
165 
142 
55 
30 
144 
156 
14 
179 
147 
160 
90 
137 
53 
154 
128 
31 
139 
39 
146 
16 
133 
18 
183 
103 
3 
173 
79 
151 
185 
65 
59 
23 
154 
155 
122 
114 
178 
35 
24 
51 
9 
160 
7 
119 
103 
33 
156 
128 
162 
32 
144 
99 
115 
78 
173 
160 
79 
73 
114 
44 
136 
77 
151 
30 
124 
3 
155 
95 
2 
46 
170 
128 
6 
84 
182 
149 
156 
117 
107 
108 
35 
131 
31 
51 
151 
74 
72 
86 
81 
54 
173 
56 
69 
176 
139 
171 
167 
132 
73 
144 
3 
168 
66 
78 
147 
17 
156 
7 
155 
21 
72 
23 
86 
164 
140 
183 
157 
88 
9 
44 
66 
180 
139 
82 
181 
18 
168 
143 
16 
99 
28 
123 
124 
57 
123 
113 
136 
2 
20 
155 
173 
89 
114 
96 
59 
142 
85 
81 
148 
123 
24 
131 
104 
43 
89 
172 
8 
156 
187 
20 
47 
6 
121 
58 
5 
152 
53 
32 
11 
99 
134 
130 
178 
85 
155 
97 
52 
15 
82 
24 
169 
5 
184 
48 
70 
158 
62 
23 
91 
112 
139 
36 
96 
45 
69 
180 
98 
136 
86 
20 
78 
16 
14 
27 
52 
174 
46 
125 
4 
117 
168 
121 
48 
120 
139 
178 
132 
25 
78 
46 
50 
21 
148 
177 
122 
92 
2 
106 
95 
82 
77 
130 
182 
181 
65 
96 
68 
46 
89 
138 
144 
93 
133 
150 
36 
28 
111 
26 
57 
14 
180 
173 
80 
182 
39 
52 
95 
53 
76 
161 
17 
147 
18 
183 
11 
127 
98 
151 
104 
20 
117 
91 
166 
179 
134 
120 
84 
130 
151 
44 
36 
168 
94 
121 
32 
59 
1 
87 
23 
171 
42 
118 
108 
104 
123 
81 
154 
2 
166 
66 
126 
4 
128 
95 
24 
118 
40 
152 
162 
70 
187 
104 
175 
124 
181 
16 
142 
135 
17 
94 
156 
76 
177 
2 
58 
131 
14 
136 
95 
159 
167 
152 
120 
150 
75 
65 
82 
98 
63 
124 
123 
184 
5 
78 
125 
133 
80 
149 
22 
86 
132 
92 
33 
72 
34 
140 
174 
11 
3 
94 
127 
92 
40 
41 
74 
81 
43 
164 
114 
125 
111 
145 
77 
117 
48 
30 
32 
153 
57 
122 
17 
121 
129 
73 
110 
41 
76 
101 
168 
102 
135 
5 
72 
25 
87 
1 
147 
96 
123 
119 
65 
169 
12 
121 
72 
143 
86 
112 
102 
27 
5 
117 
19 
175 
156 
104 
168 
100 
130 
170 
177 
23 
131 
89 
44 
180 
69 
90 
52 
10 
28 
141 
4 
18 
35 
64 
21 
47 
13 
170 
46 
61 
164 
60 
182 
143 
135 
65 
133 
81 
4 
69 
96 
163 
1 
23 
44 
70 
77 
100 
80 
51 
15 
116 
60 
171 
80 
111 
103 
146 
66 
172 
70 
118 
87 
55 
173 
51 
13 
149 
7 
166 
187 
43 
106 
58 
6 
5 
144 
116 
166 
59 
37 
16 
53 
141 
51 
40 
137 
105 
109 
26 
112 
123 
182 
95 
106 
33 
17 
128 
42 
123 
125 
181 
43 
164 
141 
143 
1 
68 
44 
172 
100 
28 
156 
84 
149 
48 
62 
66 
122 
180 
19 
100 
36 
106 
132 
71 
27 
29 
118 
47 
51 
65 
143 
91 
167 
112 
144 
156 
72 
181 
119 
66 
48 
3 
15 
86 
145 
91 
163 
155 
44 
64 
104 
88 
158 
75 
80 
125 
17 
70 
140 
180 
110 
9 
65 
72 
156 
184 
126 
160 
116 
11 
40 
108 
154 
131 
50 
124 
86 
31 
12 
104 
122 
184 
130 
186 
88 
90 
141 
177 
173 
129 
151 
91 
136 
0 
163 
3 
111 
63 
53 
112 
115 
125 
121 
123 
13 
48 
42 
36 
102 
70 
30 
27 
34 
44 
63 
39 
111 
138 
54 
49 
97 
103 
150 
85 
56 
76 
95 
21 
83 
29 
55 
69 
169 
34 
39 
23 
165 
149 
27 
123 
103 
143 
58 
76 
104 
33 
170 
95 
126 
69 
123 
103 
91 
140 
137 
172 
69 
169 
61 
91 
66 
148 
33 
102 
115 
17 
148 
165 
151 
149 
10 
166 
97 
143 
116 
169 
4 
19 
60 
63 
154 
142 
30 
20 
163 
167 
113 
143 
173 
102 
49 
69 
180 
138 
70 
179 
158 
117 
7 
80 
66 
104 
68 
82 
79 
186 
19 
129 
127 
90 
47 
2 
93 
28 
184 
35 
6 
0 
40 
91 
158 
90 
26 
64 
95 
145 
67 
120 
185 
180 
175 
15 
37 
124 
16 
56 
130 
55 
63 
62 
24 
151 
44 
26 
97 
27 
147 
3 
76 
46 
84 
132 
142 
116 
176 
126 
122 
185 
81 
90 
72 
80 
178 
174 
22 
29 
103 
120 
15 
71 
181 
133 
152 
11 
101 
102 
126 
152 
155 
151 
163 
62 
124 
71 
52 
164 
47 
157 
117 
115 
24 
135 
4 
35 
29 
100 
172 
6 
58 
179 
140 
26 
151 
145 
176 
10 
91 
96 
124 
63 
50 
57 
177 
108 
8 
160 
174 
66 
132 
87 
71 
105 
149 
136 
111 
162 
99 
78 
128 
166 
101 
114 
19 
38 
82 
95 
50 
44 
119 
151 
72 
63 
14 
87 
66 
120 
82 
103 
22 
146 
4 
109 
187 
19 
46 
168 
186 
134 
50 
108 
144 
24 
63 
150 
137 
38 
80 
163 
72 
27 
103 
68 
25 
21 
36 
71 
33 
28 
46 
151 
142 
2 
150 
83 
72 
37 
77 
93 
177 
187 
88 
3 
144 
131 
181 
174 
35 
49 
170 
90 
98 
160 
184 
66 
11 
164 
65 
20 
51 
147 
104 
100 
17 
78 
16 
141 
148 
34 
72 
10 
49 
127 
52 
183 
130 
70 
153 
143 
129 
140 
176 
69 
133 
24 
166 
187 
168 
90 
174 
5 
132 
144 
137 
112 
40 
170 
77 
88 
109 
72 
15 
51 
126 
2 
138 
43 
161 
178 
25 
124 
94 
173 
135 
97 
128 
4 
153 
122 
83 
123 
41 
56 
117 
47 
159 
86 
173 
14 
176 
123 
144 
64 
21 
116 
143 
8 
130 
46 
178 
63 
135 
177 
44 
119 
3 
46 
109 
45 
130 
104 
124 
10 
65 
120 
80 
179 
186 
81 
110 
100 
70 
168 
101 
85 
171 
16 
27 
25 
79 
155 
107 
177 
78 
132 
172 
94 
50 
64 
52 
41 
127 
178 
120 
60 
173 
20 
94 
123 
172 
28 
31 
24 
6 
56 
144 
175 
118 
132 
72 
125 
55 
112 
21 
91 
85 
60 
108 
65 
39 
131 
168 
88 
140 
153 
87 
7 
128 
123 
68 
168 
158 
161 
63 
45 
101 
187 
27 
31 
135 
104 
73 
66 
11 
178 
107 
141 
184 
72 
100 
127 
161 
20 
110 
97 
152 
35 
50 
72 
148 
169 
59 
124 
137 
55 
14 
71 
73 
72 
79 
156 
127 
44 
110 
42 
132 
16 
143 
26 
153 
27 
164 
89 
49 
144 
140 
72 
14 
44 
13 
28 
11 
3 
107 
85 
55 
53 
130 
48 
29 
93 
181 
125 
12 
81 
89 
88 
153 
80 
174 
124 
18 
16 
105 
23 
127 
180 
47 
162 
62 
118 
70 
133 
96 
21 
45 
36 
65 
13 
87 
156 
79 
39 
91 
147 
48 
31 
21 
168 
68 
0 
97 
107 
80 
74 
83 
184 
89 
133 
37 
32 
187 
132 
128 
144 
179 
11 
154 
171 
93 
120 
59 
8 
122 
146 
109 
89 
110 
87 
32 
17 
130 
0 
29 
173 
103 
75 
182 
171 
180 
96 
173 
115 
179 
67 
23 
113 
100 
98 
2 
129 
110 
167 
84 
155 
161 
105 
136 
27 
15 
6 
38 
45 
132 
55 
23 
140 
174 
52 
185 
124 
32 
96 
166 
144 
30 
173 
45 
53 
180 
102 
16 
63 
93 
85 
92 
170 
157 
18 
69 
99 
7 
109 
22 
33 
34 
102 
13 
84 
152 
59 
25 
187 
170 
40 
141 
26 
186 
163 
122 
116 
80 
83 
143 
39 
134 
128 
75 
181 
169 
52 
132 
4 
43 
68 
114 
143 
95 
182 
20 
94 
44 
48 
85 
115 
103 
133 
25 
111 
177 
51 
95 
125 
56 
24 
49 
34 
185 
133 
169 
154 
180 
62 
21 
30 
57 
53 
116 
137 
49 
84 
105 
152 
39 
132 
25 
146 
67 
83 
4 
147 
149 
69 
20 
95 
135 
178 
80 
