0.012700 
0.017600 
0.018900 
0.022300 
0.022800 
0.025100 
0.025100 
0.031000 
0.037500 
0.040000 
0.041600 
0.043300 
0.043700 
0.044800 
0.055300 
0.056500 
0.060000 
0.060800 
0.061000 
0.068300 
0.075900 
0.078500 
0.080700 
0.086400 
0.086600 
0.087600 
0.091100 
0.093100 
0.093400 
0.094800 
0.097100 
0.098200 
0.099300 
0.101100 
0.102700 
0.103300 
0.104400 
0.108800 
0.109300 
0.110200 
0.110900 
0.111600 
0.112600 
0.112700 
0.113500 
0.113600 
0.115500 
0.115700 
0.117900 
0.120000 
0.126500 
0.131500 
0.131700 
0.132300 
0.133900 
0.136300 
0.137900 
0.140400 
0.142400 
0.144900 
0.146200 
0.146300 
0.146800 
0.149800 
0.150200 
0.153100 
0.154800 
0.156600 
0.156600 
0.159600 
0.160200 
0.161100 
0.163200 
0.164700 
0.166700 
0.167400 
0.168000 
0.172000 
0.173900 
0.174600 
0.177900 
0.178200 
0.178800 
0.179000 
0.179500 
0.181200 
0.181900 
0.182400 
0.183500 
0.185700 
0.187400 
0.188000 
0.188800 
0.189100 
0.192400 
0.195700 
0.197700 
0.202600 
0.204400 
0.207000 
0.210900 
0.213700 
0.215600 
0.215800 
0.218400 
0.219400 
0.223700 
0.225800 
0.227200 
0.230100 
0.233700 
0.234300 
0.234900 
0.239100 
0.240000 
0.240100 
0.241400 
0.247600 
0.248100 
0.249000 
0.250400 
0.252100 
0.252700 
0.254200 
0.255700 
0.256800 
0.256800 
0.257600 
0.262900 
0.263400 
0.264200 
0.264800 
0.268800 
0.269000 
0.270700 
0.271400 
0.271400 
0.280400 
0.282500 
0.283100 
0.284700 
0.285800 
0.286500 
0.288400 
0.289000 
0.291000 
0.293100 
0.293600 
0.294400 
0.296800 
0.299100 
0.300100 
0.301200 
0.301300 
0.302600 
0.303700 
0.304000 
0.320900 
0.323400 
0.324100 
0.324100 
0.328400 
0.338500 
0.342300 
0.342500 
0.343300 
0.345400 
0.346000 
0.347300 
0.348100 
0.348500 
0.351300 
0.353000 
0.355100 
0.357300 
0.359900 
0.361700 
0.362600 
0.362800 
0.364100 
0.367400 
0.368500 
0.369700 
0.370100 
0.370800 
0.371900 
0.375200 
0.375800 
0.376600 
0.377200 
0.384500 
0.384800 
0.385000 
0.386200 
0.388000 
0.389400 
0.394500 
0.394900 
0.399300 
0.401000 
0.401100 
0.401500 
0.402200 
0.403600 
0.404600 
0.404800 
0.406600 
0.406800 
0.412100 
0.415300 
0.416900 
0.417200 
0.419400 
0.420300 
0.421800 
0.422400 
0.424600 
0.424600 
0.426100 
0.430800 
0.432500 
0.433100 
0.437300 
0.439400 
0.440100 
0.440500 
0.443600 
0.446400 
0.448400 
0.449300 
0.449800 
0.451500 
0.452600 
0.456600 
0.457100 
0.458200 
0.460100 
0.463000 
0.464800 
0.468100 
0.469000 
0.471100 
0.475000 
0.475500 
0.476200 
0.477000 
0.477000 
0.480800 
0.482200 
0.482900 
0.487100 
0.487100 
0.490000 
0.490100 
0.493100 
0.493400 
0.494400 
0.496200 
0.496400 
0.498800 
0.500700 
0.501000 
0.502000 
0.506400 
0.506500 
0.506600 
0.508400 
0.512200 
0.515700 
0.516900 
0.518000 
0.520600 
0.521300 
0.522800 
0.525400 
0.526700 
0.527600 
0.527700 
0.531300 
0.532000 
0.540900 
0.543700 
0.543900 
0.545400 
0.547900 
0.549200 
0.549300 
0.550400 
0.551500 
0.553000 
0.553800 
0.556400 
0.557800 
0.565300 
0.567300 
0.568100 
0.568400 
0.568600 
0.569800 
0.573900 
0.574100 
0.580800 
0.581100 
0.583600 
0.584300 
0.589000 
0.589700 
0.593400 
0.594600 
0.595600 
0.596500 
0.601100 
0.602300 
0.602600 
0.604400 
0.611500 
0.612600 
0.614000 
0.616300 
0.617100 
0.618000 
0.619900 
0.620400 
0.623600 
0.624900 
0.629400 
0.632100 
0.634400 
0.634500 
0.639700 
0.641300 
0.645100 
0.646400 
0.647200 
0.650400 
0.656900 
0.657200 
0.657600 
0.658000 
0.660700 
0.661200 
0.664400 
0.667500 
0.667600 
0.667800 
0.670900 
0.674900 
0.675100 
0.675600 
0.676700 
0.677800 
0.677900 
0.679800 
0.679800 
0.683800 
0.689300 
0.690600 
0.692300 
0.698500 
0.703700 
0.706500 
0.706600 
0.707500 
0.707800 
0.708400 
0.709400 
0.711500 
0.712000 
0.712700 
0.714300 
0.714500 
0.717100 
0.717400 
0.718600 
0.720600 
0.723500 
0.727000 
0.729300 
0.729800 
0.730700 
0.732500 
0.738000 
0.739800 
0.740300 
0.740500 
0.743300 
0.748600 
0.750600 
0.750800 
0.751000 
0.752600 
0.759800 
0.760500 
0.764500 
0.766500 
0.772000 
0.772600 
0.772800 
0.773000 
0.773600 
0.774700 
0.775800 
0.777000 
0.777700 
0.777900 
0.778200 
0.779600 
0.780300 
0.783600 
0.784100 
0.791100 
0.791400 
0.794600 
0.794900 
0.796100 
0.798600 
0.802600 
0.804700 
0.804800 
0.805700 
0.809400 
0.810000 
0.810200 
0.812100 
0.812300 
0.812600 
0.813100 
0.813500 
0.813500 
0.822700 
0.826800 
0.828800 
0.829500 
0.830000 
0.832400 
0.835600 
0.838900 
0.840000 
0.841700 
0.842900 
0.845200 
0.850600 
0.851800 
0.857900 
0.858600 
0.859200 
0.859400 
0.861300 
0.861500 
0.863300 
0.865000 
0.866700 
0.867300 
0.868700 
0.870900 
0.871600 
0.872300 
0.873000 
0.878500 
0.879300 
0.880200 
0.882800 
0.883900 
0.889900 
0.901100 
0.905900 
0.910300 
0.910500 
0.911500 
0.911600 
0.913200 
0.913500 
0.913700 
0.914900 
0.917400 
0.917500 
0.917800 
0.917900 
0.919600 
0.919900 
0.920200 
0.925000 
0.926200 
0.927600 
0.931700 
0.934500 
0.936500 
0.936600 
0.936900 
0.939000 
0.941500 
0.945000 
0.946100 
0.947500 
0.948800 
0.949600 
0.950900 
0.951800 
0.953600 
0.953800 
0.956000 
0.956600 
0.959800 
0.962100 
0.963100 
0.965700 
0.966500 
0.968700 
0.968800 
0.970900 
0.976000 
0.984500 
0.984600 
0.984600 
0.989800 
0.990500 
0.991700 
0.993800 
0.995200 
0.995400 
0.996500 
0.998100 
0.999000 
1.000900 
1.001100 
1.001400 
1.002300 
1.003600 
1.004100 
1.006500 
1.011300 
1.012600 
1.013300 
1.013500 
1.014800 
1.016200 
1.017500 
1.020400 
1.021100 
1.023600 
1.023600 
1.025000 
1.025900 
1.026200 
1.028900 
1.029000 
1.029200 
1.029800 
1.030200 
1.030600 
1.030700 
1.031700 
1.031900 
1.032100 
1.032200 
1.032900 
1.033200 
1.033500 
1.034400 
1.034500 
1.034600 
1.034800 
1.034800 
1.035000 
1.035100 
1.035100 
1.035200 
1.035800 
1.036100 
1.036200 
1.036300 
1.036400 
1.036400 
1.036800 
1.036900 
1.036900 
1.037300 
1.037400 
1.037600 
1.037800 
1.038000 
1.038100 
1.038200 
1.038300 
1.038300 
1.038400 
1.038400 
1.038500 
1.038700 
1.039200 
1.039500 
1.039500 
1.039600 
1.040000 
1.040200 
1.040200 
1.040400 
1.040500 
1.040700 
1.040700 
1.040800 
1.040800 
1.041200 
1.041500 
1.041700 
1.042000 
1.043900 
1.045700 
1.046300 
1.046600 
1.047900 
1.048200 
1.050600 
1.051400 
1.052100 
1.054300 
1.054500 
1.054700 
1.058600 
1.059100 
1.059500 
1.061000 
1.062600 
1.063700 
1.064700 
1.065400 
1.065400 
1.066400 
1.070400 
1.070800 
1.073700 
1.074000 
1.074500 
1.075000 
1.075000 
1.076100 
1.076100 
1.076200 
1.078800 
1.080600 
1.080600 
1.080900 
1.084000 
1.084100 
1.084100 
1.086400 
1.087000 
1.087200 
1.087700 
1.088700 
1.089700 
1.091000 
1.091000 
1.091900 
1.093800 
1.094000 
1.094000 
1.094400 
1.094600 
1.094900 
1.094900 
1.095400 
1.096400 
1.097800 
1.098000 
1.098300 
1.099900 
1.100800 
1.101000 
1.101100 
1.101700 
1.101800 
1.101900 
1.102000 
1.102300 
1.102900 
1.103300 
1.103300 
1.104400 
1.104500 
1.105500 
1.105800 
1.105800 
1.106400 
1.106900 
1.107100 
1.107100 
1.107300 
1.108000 
1.108100 
1.108200 
1.108600 
1.109200 
1.109800 
1.110000 
1.110200 
1.110300 
1.110500 
1.110800 
1.110800 
1.111800 
1.111800 
1.111800 
1.111800 
1.112800 
1.112800 
1.113100 
1.113100 
1.113300 
1.113500 
1.113600 
1.113600 
1.114200 
1.114300 
1.114300 
1.114400 
1.114600 
1.114600 
1.114700 
1.116100 
1.116100 
1.116100 
1.116200 
1.117500 
1.117500 
1.118200 
1.118200 
1.118500 
1.118700 
1.119400 
1.121600 
1.121900 
1.123100 
1.123800 
1.125400 
1.126300 
1.126400 
1.128300 
1.129400 
1.130400 
1.131100 
1.131500 
1.131600 
1.131700 
1.132400 
1.132400 
1.132500 
1.134600 
1.135400 
1.136300 
1.136500 
1.136800 
1.138300 
1.138800 
1.140100 
1.141700 
1.144300 
1.145600 
1.145700 
1.146600 
1.147100 
1.148800 
1.149700 
1.151000 
1.152900 
1.153000 
1.153300 
1.154300 
1.154400 
1.155100 
1.155700 
1.156500 
1.156800 
1.156900 
1.157800 
1.158200 
1.158500 
1.159500 
1.160300 
1.160400 
1.160600 
1.161000 
1.161400 
1.162600 
1.162900 
1.163400 
1.165100 
1.165500 
1.166200 
1.166500 
1.166900 
1.166900 
1.167400 
1.167700 
1.167700 
1.168900 
1.169100 
1.169600 
1.169600 
1.169700 
1.169700 
1.171100 
1.171100 
1.171200 
1.173200 
1.173300 
1.174100 
1.175000 
1.175200 
1.175400 
1.176100 
1.176300 
1.176900 
1.177200 
1.177700 
1.178900 
1.179600 
1.180400 
1.180600 
1.180700 
1.181300 
1.181600 
1.181700 
1.182100 
1.183200 
1.183300 
1.183900 
1.184500 
1.184700 
1.185200 
1.185600 
1.186000 
1.186800 
1.187000 
1.187700 
1.188000 
1.188300 
1.188500 
1.188900 
1.189400 
1.190000 
1.190200 
1.190700 
1.191800 
1.192000 
1.192100 
1.193300 
1.193700 
1.194100 
1.195000 
1.196100 
1.196300 
1.196600 
1.196700 
1.197100 
1.197100 
1.197600 
1.197900 
1.198800 
1.199300 
1.199400 
1.200200 
1.200300 
1.200400 
1.200900 
1.201800 
1.201800 
1.202500 
1.203900 
1.204800 
1.205500 
1.205700 
1.207100 
1.207600 
1.208900 
1.213600 
1.214000 
1.214100 
1.217000 
1.217400 
1.218200 
1.218600 
1.220000 
1.223000 
1.223100 
1.224800 
1.225900 
1.226400 
1.227300 
1.227500 
1.228600 
1.229000 
1.229200 
1.230000 
1.230200 
1.230600 
1.231200 
1.232300 
1.232400 
1.232800 
1.235500 
1.235700 
1.236100 
1.236600 
1.236600 
1.237400 
1.237600 
1.238600 
1.238700 
1.238800 
1.238900 
1.240500 
1.241600 
1.241900 
1.242000 
1.242900 
1.243100 
1.243700 
1.243700 
1.244000 
1.244200 
1.244300 
1.244700 
1.244900 
1.245000 
1.245200 
1.246400 
1.246400 
1.246400 
1.246800 
1.247800 
1.248700 
1.248800 
1.248900 
1.249400 
1.249500 
1.249500 
1.250000 
1.250300 
1.250400 
1.250700 
1.251700 
1.254300 
1.254500 
1.255100 
1.255900 
1.256000 
1.256700 
1.257100 
1.257500 
1.258000 
1.258100 
1.258300 
1.258400 
1.258500 
1.260000 
1.260000 
1.260100 
1.260100 
1.261000 
1.261700 
1.262700 
1.263200 
1.263900 
1.264000 
1.266700 
1.266700 
1.267100 
1.267100 
1.267200 
1.267300 
1.267800 
1.268200 
1.268400 
1.269200 
1.269500 
1.270000 
1.270100 
1.270300 
1.271500 
1.272600 
1.272800 
1.274100 
1.274100 
1.274500 
1.274500 
1.275100 
1.275800 
1.276000 
1.276100 
1.276900 
1.277100 
1.277100 
1.277600 
1.277600 
1.278100 
1.279800 
1.280500 
1.281500 
1.282100 
1.282200 
1.282500 
1.282600 
1.282600 
1.283900 
1.284300 
1.284400 
1.285100 
1.285300 
1.286900 
1.287000 
1.289500 
1.289800 
1.290100 
1.290200 
1.291200 
1.292000 
1.292500 
1.292800 
1.293900 
1.295300 
1.295900 
1.297100 
1.297400 
1.298400 
1.299600 
1.299800 
1.302700 
1.302800 
1.303500 
1.304900 
1.307100 
1.307300 
1.308200 
1.309300 
1.310100 
1.311400 
1.311900 
1.315000 
1.315100 
1.315600 
1.315700 
1.316600 
1.317600 
1.317600 
1.318200 
1.318200 
1.318900 
1.319000 
1.319900 
1.321100 
1.321100 
1.321300 
1.322100 
1.322500 
1.322800 
1.322900 
1.323500 
1.323700 
1.324400 
1.324600 
1.324700 
1.325100 
1.325200 
1.325800 
1.326200 
1.326600 
1.326900 
1.327100 
1.327300 
1.327600 
1.328300 
1.328800 
1.328800 
1.330300 
1.330400 
1.331100 
1.331200 
1.332000 
1.332900 
1.333400 
1.333700 
1.334100 
1.335100 
1.336000 
1.336600 
1.336700 
1.337100 
1.337800 
1.337900 
1.338300 
1.338300 
1.339500 
1.340300 
1.340300 
1.341200 
1.342100 
1.343300 
1.343900 
1.344300 
1.344500 
1.347400 
1.348500 
1.349600 
1.349600 
1.350500 
1.351300 
1.351600 
1.353100 
1.353500 
1.355300 
1.355400 
1.358000 
1.358200 
1.358300 
1.358900 
1.359300 
1.361000 
1.361300 
1.362100 
1.362300 
1.362600 
1.363400 
1.365100 
1.367500 
1.368400 
1.368500 
1.368700 
1.371000 
1.371900 
1.374500 
1.374900 
1.375200 
1.375600 
1.375600 
1.376400 
1.377300 
1.377700 
1.378000 
1.378300 
1.378600 
1.379600 
1.379800 
1.381000 
1.382200 
1.382500 
1.382600 
1.382700 
1.384300 
1.384600 
1.385100 
1.385500 
1.387200 
1.387600 
1.388100 
1.388500 
1.388600 
1.388700 
1.388900 
1.389700 
1.389900 
1.390400 
1.391300 
1.391600 
1.392200 
1.393800 
1.394500 
1.394600 
1.394800 
1.396900 
1.396900 
1.397500 
1.397900 
1.398100 
1.398400 
1.398500 
1.399000 
1.400100 
1.400200 
1.400300 
1.400800 
1.400900 
1.401200 
1.401400 
1.402400 
1.402500 
1.402700 
1.402900 
1.403700 
1.404400 
1.404900 
1.405200 
1.406000 
1.406100 
1.406300 
1.406900 
1.407000 
1.407500 
1.408600 
1.408700 
1.409100 
1.409400 
1.409700 
1.410700 
1.411200 
1.412900 
1.413100 
1.413300 
1.413700 
1.414600 
1.414900 
1.415200 
1.415700 
1.416000 
1.417200 
1.417500 
1.417800 
1.418000 
1.418300 
1.418500 
1.419100 
1.420500 
1.420600 
1.421200 
1.421800 
1.421800 
1.421800 
1.422600 
1.422600 
1.423600 
1.424400 
1.424500 
1.424600 
1.425000 
1.425200 
1.428600 
1.430200 
1.432100 
1.433000 
1.435700 
1.436200 
1.436500 
1.436500 
1.437100 
1.437800 
1.438100 
1.438200 
1.440400 
1.441100 
1.441400 
1.441500 
1.442500 
1.443500 
1.444400 
1.444700 
1.444900 
1.445700 
1.446900 
1.447300 
1.447300 
1.448100 
1.448300 
1.449200 
1.450500 
1.450600 
1.450800 
1.451400 
1.451800 
1.452100 
1.452600 
1.453300 
1.453500 
1.454100 
1.454900 
1.455200 
1.455900 
1.456300 
1.457100 
1.457100 
1.457200 
1.458500 
1.458700 
1.459100 
1.462900 
1.464400 
1.465200 
1.465300 
1.465800 
1.466000 
1.466500 
1.466800 
1.467200 
1.467500 
1.467600 
1.467700 
1.468200 
1.468200 
1.468600 
1.468600 
1.469300 
1.469400 
1.469500 
1.469600 
1.470100 
1.470200 
1.470400 
1.470600 
1.471200 
1.471500 
1.473400 
1.473700 
1.474200 
1.474800 
1.474900 
1.475000 
1.475400 
1.475400 
1.475900 
1.476100 
1.476500 
1.476600 
1.477100 
1.477800 
1.478000 
1.478500 
1.479600 
1.481300 
1.481400 
1.483000 
1.483200 
1.484300 
1.484300 
1.484800 
1.485000 
1.485700 
1.486200 
1.486500 
1.487600 
1.488300 
1.489300 
1.489600 
1.490300 
1.491400 
1.492000 
1.494000 
1.494400 
1.494800 
1.495000 
1.495400 
1.496200 
1.496300 
1.496900 
1.498900 
1.499400 
1.501100 
1.502400 
1.502900 
1.503000 
1.503100 
1.504300 
1.504300 
1.504400 
1.504900 
1.505200 
1.505400 
1.505700 
1.506200 
1.507100 
1.509900 
1.510000 
1.510700 
1.511500 
1.511900 
1.512800 
1.512900 
1.514700 
1.514800 
1.515000 
1.515900 
1.516000 
1.519700 
1.520200 
1.520700 
1.521000 
1.521100 
1.522800 
1.524800 
1.525700 
1.525700 
1.526000 
1.526300 
1.526300 
1.528700 
1.528900 
1.529300 
1.530000 
1.530500 
1.531000 
1.531200 
1.531500 
1.531700 
1.532000 
1.532800 
1.532900 
1.532900 
1.533300 
1.534100 
1.534500 
1.534600 
1.535200 
1.535200 
1.535600 
1.536200 
1.536300 
1.537100 
1.537300 
1.537600 
1.537700 
1.537800 
1.538100 
1.538200 
1.538700 
1.539700 
1.540300 
1.544300 
1.544400 
1.546000 
1.546500 
1.546600 
1.546800 
1.547800 
1.548400 
1.548900 
1.549300 
1.549800 
1.549900 
1.550200 
1.550700 
1.550700 
1.550800 
1.552000 
1.553000 
1.553100 
1.553600 
1.554200 
1.554400 
1.554700 
1.555500 
1.556000 
1.556300 
1.557200 
1.558300 
1.558300 
1.559200 
1.559500 
1.560600 
1.561600 
1.562000 
1.563200 
1.563400 
1.563900 
1.564000 
1.564700 
1.565000 
1.565300 
1.565400 
1.565700 
1.565800 
1.567400 
1.567700 
1.567900 
1.568100 
1.568700 
1.570000 
1.570300 
1.570600 
1.571100 
1.571200 
1.571400 
1.572500 
1.573700 
1.575700 
1.576500 
1.576800 
1.577100 
1.577200 
1.579000 
1.579100 
1.579500 
1.579600 
1.579800 
1.581700 
1.582600 
1.583000 
1.584900 
1.585400 
1.585500 
1.586700 
1.587800 
1.588200 
1.588700 
1.589500 
1.589500 
1.589800 
1.591500 
1.593600 
1.593800 
1.593800 
1.593800 
1.593900 
1.594800 
1.595200 
1.595300 
1.595800 
1.596300 
1.596400 
1.596400 
1.598100 
1.599400 
1.600300 
1.600700 
1.600700 
1.601000 
1.601700 
1.602200 
1.602600 
1.603200 
1.603600 
1.603900 
1.603900 
1.605000 
1.607400 
1.607400 
1.607900 
1.608400 
1.608600 
1.609700 
1.609900 
1.610100 
1.610200 
1.610400 
1.610400 
1.611100 
1.612200 
1.612400 
1.612500 
1.613400 
1.613400 
1.613700 
1.613800 
1.614100 
1.614400 
1.615000 
1.616300 
1.617300 
1.617800 
1.618200 
1.618600 
1.619500 
1.620200 
1.620500 
1.620600 
1.620800 
1.621000 
1.621300 
1.621400 
1.621900 
1.622900 
1.623100 
1.623200 
1.623800 
1.623900 
1.624000 
1.624900 
1.625100 
1.625200 
1.625500 
1.627300 
1.627800 
1.628200 
1.631900 
1.633000 
1.633100 
1.633100 
1.633200 
1.633600 
1.634800 
1.634800 
1.635400 
1.635900 
1.637800 
1.637800 
1.637800 
1.639500 
1.639500 
1.640400 
1.642300 
1.643200 
1.643600 
1.643900 
1.644700 
1.645200 
1.645300 
1.647000 
1.647800 
1.648000 
1.648700 
1.649600 
1.649700 
1.650000 
1.650200 
1.650300 
1.651600 
1.651900 
1.653200 
1.653600 
1.656400 
1.657000 
1.658200 
1.660900 
1.661300 
1.661500 
1.662800 
1.662900 
1.663800 
1.664000 
1.664800 
1.665900 
1.666200 
1.666700 
1.667100 
1.667300 
1.667900 
1.668000 
1.668200 
1.670600 
1.671100 
1.671200 
1.671500 
1.671700 
1.671900 
1.672200 
1.672800 
1.673000 
1.676200 
1.677000 
1.677800 
1.679300 
1.679500 
1.679900 
1.680000 
1.680200 
1.680500 
1.681000 
1.681400 
1.682900 
1.683100 
1.683800 
1.683900 
1.684600 
1.684600 
1.684900 
1.685400 
1.686500 
1.686600 
1.687000 
1.687300 
1.687500 
1.687900 
1.688600 
1.689200 
1.689500 
1.689500 
1.689900 
1.690900 
1.691900 
1.692000 
1.692400 
1.692500 
1.693500 
1.693500 
1.693600 
1.693700 
1.693700 
1.693900 
1.694000 
1.694100 
1.694300 
1.694700 
1.695300 
1.696400 
1.697100 
1.697600 
1.698800 
1.699100 
1.699200 
1.699300 
1.700600 
1.701300 
1.701400 
1.702300 
1.702400 
1.703000 
1.703700 
1.704900 
1.705600 
1.706200 
1.706600 
1.706800 
1.707100 
1.707600 
1.707800 
1.709600 
1.713000 
1.713900 
1.715400 
1.716000 
1.716300 
1.716800 
1.716900 
1.718800 
1.719000 
1.720400 
1.720600 
1.721400 
1.722100 
1.722800 
1.722800 
1.723800 
1.724000 
1.724500 
1.724800 
1.725000 
1.725500 
1.726700 
1.726700 
1.726900 
1.727700 
1.728400 
1.729000 
1.729300 
1.729500 
1.729500 
1.729600 
1.729800 
1.731900 
1.732200 
1.732800 
1.733500 
1.734900 
1.735000 
1.735500 
1.736100 
1.736900 
1.737200 
1.738400 
1.738400 
1.738600 
1.739100 
1.739400 
1.740100 
1.740400 
1.741700 
1.743500 
1.743700 
1.743900 
1.744100 
1.744300 
1.744400 
1.744500 
1.745500 
1.745800 
1.747500 
1.747500 
1.747800 
1.749100 
1.750400 
1.750400 
1.750900 
1.751200 
1.751800 
1.752100 
1.752200 
1.752500 
1.753000 
1.753000 
1.753500 
1.754000 
1.754500 
1.754700 
1.754900 
1.755800 
1.756300 
1.756800 
1.756900 
1.757300 
1.757300 
1.757800 
1.757800 
1.758600 
1.758600 
1.759500 
1.759800 
1.760200 
1.760600 
1.760600 
1.760700 
1.760700 
1.761200 
1.761400 
1.761600 
1.762300 
1.763100 
1.763200 
1.764200 
1.765800 
1.766700 
1.766700 
1.766800 
1.767100 
1.767900 
1.768100 
1.768800 
1.770400 
1.770800 
1.771700 
1.771800 
1.772100 
1.774000 
1.774300 
1.774500 
1.775400 
1.776100 
1.778700 
1.778700 
1.781200 
1.781400 
1.781800 
1.782200 
1.782200 
1.782400 
1.782800 
1.783000 
1.783700 
1.784300 
1.784900 
1.785100 
1.787200 
1.787300 
1.787800 
1.788200 
1.788400 
1.788900 
1.789400 
1.790100 
1.791200 
1.792700 
1.793100 
1.793100 
1.793900 
1.794100 
1.794300 
1.794500 
1.794700 
1.795600 
1.797100 
1.797200 
1.798100 
1.798300 
1.799200 
1.800200 
1.802200 
1.802500 
1.803200 
1.803700 
1.804200 
1.804200 
1.805200 
1.805500 
1.805800 
1.805900 
1.806100 
1.806300 
1.806700 
1.807400 
1.807500 
1.808200 
1.808500 
1.808700 
1.809000 
1.809400 
1.809800 
1.810500 
1.811400 
1.812600 
1.813400 
1.814000 
1.814000 
1.815100 
1.816200 
1.817700 
1.818000 
1.818400 
1.818500 
1.818600 
1.819600 
1.820500 
1.820600 
1.821300 
1.821300 
1.822600 
1.823100 
1.823800 
1.824200 
1.824400 
1.824600 
1.824800 
1.825000 
1.825000 
1.825300 
1.825900 
1.827300 
1.827400 
1.827800 
1.828500 
1.829100 
1.829300 
1.829700 
1.830700 
1.831000 
1.832100 
1.832600 
1.833200 
1.834400 
1.835200 
1.835900 
1.836900 
1.837000 
1.837500 
1.838300 
1.838800 
1.839000 
1.839100 
1.839500 
1.840000 
1.840900 
1.841000 
1.841100 
1.841200 
1.841900 
1.842600 
1.842600 
1.843000 
1.846000 
1.846500 
1.846600 
1.847200 
1.848500 
1.848600 
1.849600 
1.849600 
1.850500 
1.850500 
1.850800 
1.851000 
1.852600 
1.854200 
1.855000 
1.855700 
1.856100 
1.857700 
1.858200 
1.859000 
1.859500 
1.859800 
1.860400 
1.860700 
1.861800 
1.862900 
1.865400 
1.865900 
1.866000 
1.866100 
1.866700 
1.867400 
1.867500 
1.867600 
1.868500 
1.869300 
1.870700 
1.871700 
1.871700 
1.872300 
1.872400 
1.872700 
1.875700 
1.875800 
1.876800 
1.877100 
1.877200 
1.879800 
1.879900 
1.881600 
1.882000 
1.882400 
1.883300 
1.883300 
1.883300 
1.883900 
1.884000 
1.886300 
1.886300 
1.887000 
1.887600 
1.887800 
1.887900 
1.887900 
1.888900 
1.888900 
1.889000 
1.889700 
1.890300 
1.890500 
1.891000 
1.891900 
1.892300 
1.893100 
1.893200 
1.893700 
1.893900 
1.895700 
1.896400 
1.896700 
1.896700 
1.896900 
1.896900 
1.899000 
1.899000 
1.899000 
1.899000 
1.899100 
1.900300 
1.900500 
1.902700 
1.904800 
1.905300 
1.905500 
1.905600 
1.906400 
1.906800 
1.907700 
1.907900 
1.908200 
1.908400 
1.908800 
1.909300 
1.910200 
1.910400 
1.910500 
1.910600 
1.911600 
1.911900 
1.912000 
1.913700 
1.914300 
1.914500 
1.914700 
1.914700 
1.914900 
1.915200 
1.915500 
1.915700 
1.916600 
1.916700 
1.916900 
1.916900 
1.917200 
1.918600 
1.918700 
1.919300 
1.919400 
1.919400 
1.919800 
1.922400 
1.922800 
1.923400 
1.924700 
1.925200 
1.925300 
1.927600 
1.928000 
1.928500 
1.929100 
1.930600 
1.931500 
1.931700 
1.931700 
1.932200 
1.932200 
1.932500 
1.932500 
1.933300 
1.935000 
1.935100 
1.935300 
1.935300 
1.935400 
1.935600 
1.935700 
1.936200 
1.936200 
1.936900 
1.938100 
1.938100 
1.938100 
1.938600 
1.938900 
1.939200 
1.939500 
1.940000 
1.941700 
1.942100 
1.942700 
1.943200 
1.944000 
1.946000 
1.946100 
1.946500 
1.947200 
1.947500 
1.948200 
1.948400 
1.948700 
1.949100 
1.949600 
1.950200 
1.950500 
1.951100 
1.951600 
1.952100 
1.952200 
1.952500 
1.953300 
1.953500 
1.954300 
1.954600 
1.954900 
1.955800 
1.956300 
1.956600 
1.958100 
1.958500 
1.958700 
1.958800 
1.958800 
1.958800 
1.960900 
1.961600 
1.961700 
1.962100 
1.962300 
1.962400 
1.962800 
1.963000 
1.963000 
1.964600 
1.966200 
1.966700 
1.967800 
1.968400 
1.969300 
1.970100 
1.970400 
1.970400 
1.971000 
1.972600 
1.972700 
1.974700 
1.974800 
1.975200 
1.975200 
1.975400 
1.976400 
1.976900 
1.977900 
1.978900 
1.979500 
1.979800 
1.979900 
1.980700 
1.981100 
1.981900 
1.982300 
1.982800 
1.983100 
1.983900 
1.985100 
1.986900 
1.987300 
1.988200 
1.990400 
1.991200 
1.992700 
1.992700 
1.993800 
1.994100 
1.994500 
1.994600 
1.995300 
1.995300 
1.995800 
1.995800 
1.996900 
1.997300 
1.997400 
1.998100 
1.998400 
2.000700 
2.000900 
2.001200 
2.001200 
2.001400 
2.001600 
2.002200 
2.002200 
2.002400 
2.002400 
2.003000 
2.004200 
2.005200 
2.005400 
2.005500 
2.005800 
2.005800 
2.006500 
2.006500 
2.006600 
2.006700 
2.006900 
2.006900 
2.007000 
2.008000 
2.008300 
2.008400 
2.010700 
2.010900 
2.011200 
2.012000 
2.012200 
2.014300 
2.015900 
2.017300 
2.018100 
2.018100 
2.018900 
2.019600 
2.020800 
2.021000 
2.021400 
2.022300 
2.022900 
2.024600 
2.024700 
2.024900 
2.025500 
2.025700 
2.026500 
2.027300 
2.028200 
2.028400 
2.029100 
2.031600 
2.032100 
2.033200 
2.033800 
2.034100 
2.034900 
2.034900 
2.034900 
2.035600 
2.036100 
2.036600 
2.036900 
2.037800 
2.038100 
2.039400 
2.040200 
2.041600 
2.041900 
2.042000 
2.042100 
2.042300 
2.042900 
2.043000 
2.043300 
2.043500 
2.044200 
2.045200 
2.045600 
2.045700 
2.046700 
2.048800 
2.049300 
2.049400 
2.051700 
2.052400 
2.052900 
2.052900 
2.053100 
2.053200 
2.053800 
2.054800 
2.056200 
2.056400 
2.057000 
2.058100 
2.058300 
2.059600 
2.059700 
2.059800 
2.060400 
2.060800 
2.061500 
2.062500 
2.063500 
2.063700 
2.064100 
2.064400 
2.065500 
2.065500 
2.066000 
2.066400 
2.067200 
2.067300 
2.067700 
2.067800 
2.068100 
2.068300 
2.068900 
2.069000 
2.069800 
2.070200 
2.070300 
2.070400 
2.070500 
2.071000 
2.071700 
2.072100 
2.072700 
2.072700 
2.073800 
2.075500 
2.075500 
2.076200 
2.076400 
2.076600 
2.076600 
2.076800 
2.077600 
2.077700 
2.077900 
2.078600 
2.078800 
2.079400 
2.080100 
2.081300 
2.081300 
2.085600 
2.085900 
2.087100 
2.088900 
2.089400 
2.089500 
2.090200 
2.090400 
2.090600 
2.091200 
2.091900 
2.092300 
2.092400 
2.092400 
2.092500 
2.092600 
2.093100 
2.093300 
2.093500 
2.093900 
2.094900 
2.096100 
2.096500 
2.096700 
2.097200 
2.097600 
2.097600 
2.098100 
2.099200 
2.100400 
2.101900 
2.102200 
2.103400 
2.104000 
2.105200 
2.105800 
2.105900 
2.107100 
2.107200 
2.107400 
2.108500 
2.109100 
2.110500 
2.111300 
2.112100 
2.112600 
2.112600 
2.112700 
2.112800 
2.113100 
2.114200 
2.117200 
2.117500 
2.117600 
2.118400 
2.119600 
2.119800 
2.121500 
2.121700 
2.122200 
2.122700 
2.123900 
2.124700 
2.125500 
2.125700 
2.128100 
2.128100 
2.129000 
2.129400 
2.129400 
2.130200 
2.131100 
2.131400 
2.131600 
2.132600 
2.132600 
2.132700 
2.133300 
2.134300 
2.134600 
2.134800 
2.135600 
2.136500 
2.137700 
2.142300 
2.142600 
2.142800 
2.143200 
2.143600 
2.144000 
2.144000 
2.144400 
2.144500 
2.144900 
2.145000 
2.145200 
2.145600 
2.146000 
2.146200 
2.146300 
2.146400 
2.147200 
2.147300 
2.148200 
2.148800 
2.150300 
2.150700 
2.151000 
2.151000 
2.151000 
2.151500 
2.153000 
2.153300 
2.155000 
2.155100 
2.155700 
2.155900 
2.156100 
2.156400 
2.157100 
2.158000 
2.158600 
2.159800 
2.159900 
2.160600 
2.160900 
2.161000 
2.161100 
2.161600 
2.162000 
2.162100 
2.162500 
2.164900 
2.166000 
2.166100 
2.166400 
2.167300 
2.167700 
2.168000 
2.168200 
2.168400 
2.169900 
2.171000 
2.171100 
2.171100 
2.171100 
2.171700 
2.172500 
2.172500 
2.173600 
2.173700 
2.174000 
2.174900 
2.175300 
2.177000 
2.178000 
2.178500 
2.179600 
2.179900 
2.180600 
2.181100 
2.181600 
2.182900 
2.183100 
2.183500 
2.183600 
2.183600 
2.183700 
2.183800 
2.185200 
2.185200 
2.185700 
2.185800 
2.186000 
2.186600 
2.187000 
2.188500 
2.188800 
2.188900 
2.189000 
2.189400 
2.189600 
2.189900 
2.190600 
2.193200 
2.193300 
2.193500 
2.193800 
2.194100 
2.194500 
2.195000 
2.195000 
2.195400 
2.196800 
2.197300 
2.198600 
2.198800 
2.198900 
2.199000 
2.199000 
2.200300 
2.200400 
2.201000 
2.201100 
2.201300 
2.201700 
2.205400 
2.205400 
2.205500 
2.205700 
2.206600 
2.207100 
2.207200 
2.207600 
2.207600 
2.207700 
2.209300 
2.210300 
2.212300 
2.212800 
2.214200 
2.215600 
2.216100 
2.216400 
2.216400 
2.217000 
2.217200 
2.217300 
2.219600 
2.220500 
2.221100 
2.221900 
2.221900 
2.222100 
2.222200 
2.222500 
2.223000 
2.224200 
2.224900 
2.226800 
2.226900 
2.227300 
2.228600 
2.229200 
2.229400 
2.229600 
2.230300 
2.230300 
2.230700 
2.230800 
2.232800 
2.234600 
2.234600 
2.235500 
2.236800 
2.236900 
2.236900 
2.237000 
2.237600 
2.237800 
2.238900 
2.239700 
2.241200 
2.241600 
2.242200 
2.243000 
2.244200 
2.246000 
2.246000 
2.247800 
2.247800 
2.248400 
2.248900 
2.249200 
2.250300 
2.250400 
2.252000 
2.252200 
2.252200 
2.252700 
2.252700 
2.253000 
2.253100 
2.253300 
2.255400 
2.256000 
2.257600 
2.258000 
2.258400 
2.260100 
2.260300 
2.260800 
2.261100 
2.261900 
2.262500 
2.263100 
2.264000 
2.264200 
2.266600 
2.266700 
2.266800 
2.267900 
2.268400 
2.268500 
2.268800 
2.269300 
2.269600 
2.269700 
2.269900 
2.270200 
2.270600 
2.270700 
2.271200 
2.271400 
2.271400 
2.271500 
2.273000 
2.273500 
2.273700 
2.274100 
2.274300 
2.275200 
2.275500 
2.276000 
2.276000 
2.276100 
2.276200 
2.276300 
2.276600 
2.276800 
2.276900 
2.277100 
2.278700 
2.279100 
2.279300 
2.279600 
2.280400 
2.280500 
2.281800 
2.282200 
2.282400 
2.282600 
2.283000 
2.284100 
2.286200 
2.287100 
2.287300 
2.288100 
2.288300 
2.290100 
2.290800 
2.291200 
2.292300 
2.292900 
2.293200 
2.294900 
2.295600 
2.295900 
2.295900 
2.296300 
2.296400 
2.296700 
2.297000 
2.297100 
2.297300 
2.297900 
2.298500 
2.299500 
2.299900 
2.300100 
2.300500 
2.301700 
2.302200 
2.303600 
2.303700 
2.304300 
2.304400 
2.305100 
2.305300 
2.305700 
2.305800 
2.306100 
2.306100 
2.307000 
2.307700 
2.309200 
2.309600 
2.310300 
2.310500 
2.310700 
2.310900 
2.311200 
2.312200 
2.312700 
2.313000 
2.315600 
2.315800 
2.316500 
2.316800 
2.317400 
2.317500 
2.318500 
2.319700 
2.320600 
2.321600 
2.323300 
2.323300 
2.323600 
2.323800 
2.324200 
2.325600 
2.325900 
2.327300 
2.327600 
2.329700 
2.330600 
2.331100 
2.331300 
2.331300 
2.332300 
2.333100 
2.333100 
2.333200 
2.333500 
2.334200 
2.335300 
2.335400 
2.335500 
2.335700 
2.335800 
2.336100 
2.337800 
2.337800 
2.338700 
2.339300 
2.340300 
2.340500 
2.340900 
2.340900 
2.341400 
2.341600 
2.341600 
2.341900 
2.342900 
2.343400 
2.344400 
2.344400 
2.344500 
2.344700 
2.345000 
2.345600 
2.346000 
2.346000 
2.346600 
2.347000 
2.348400 
2.348600 
2.349700 
2.350100 
2.350600 
2.350900 
2.352100 
2.353000 
2.353100 
2.353100 
2.353200 
2.353500 
2.355300 
2.355700 
2.356500 
2.357100 
2.357200 
2.357800 
2.357800 
2.357800 
2.358800 
2.358800 
2.359600 
2.361200 
2.361800 
2.361900 
2.361900 
2.362000 
2.362000 
2.362200 
2.362300 
2.363500 
2.363900 
2.363900 
2.364400 
2.365000 
2.366800 
2.367000 
2.367600 
2.368500 
2.369300 
2.369500 
2.369600 
2.369600 
2.370800 
2.372200 
2.372400 
2.372700 
2.373200 
2.373300 
2.374100 
2.375500 
2.376000 
2.376300 
2.376500 
2.378000 
2.378200 
2.378300 
2.379000 
2.379900 
2.380300 
2.381000 
2.382200 
2.383300 
2.383500 
2.383800 
2.384000 
2.384400 
2.387300 
2.388100 
2.388100 
2.388800 
2.389400 
2.389900 
2.391000 
2.392600 
2.394000 
2.394500 
2.394500 
2.395000 
2.395400 
2.396300 
2.396400 
2.396500 
2.398800 
2.398900 
2.399100 
2.399800 
2.400400 
2.401100 
2.401100 
2.401700 
2.404100 
2.404800 
2.405500 
2.405700 
2.405800 
2.407100 
2.407200 
2.407500 
2.407500 
2.407500 
2.408300 
2.408500 
2.408700 
2.409200 
2.410100 
2.410100 
2.410200 
2.410500 
2.410600 
2.410600 
2.411400 
2.411800 
2.411800 
2.411800 
2.411900 
2.414900 
2.415100 
2.415400 
2.415600 
2.416200 
2.416400 
2.416500 
2.417800 
2.418000 
2.418100 
2.418200 
2.418200 
2.419400 
2.419800 
2.420100 
2.420200 
2.420700 
2.421100 
2.421200 
2.421200 
2.421800 
2.422500 
2.423200 
2.423800 
2.424200 
2.424400 
2.424400 
2.425200 
2.425900 
2.426200 
2.426400 
2.426500 
2.427900 
2.428100 
2.428900 
2.430300 
2.430600 
2.432900 
2.433500 
2.436000 
2.436000 
2.436400 
2.436400 
2.436800 
2.437100 
2.437200 
2.437200 
2.437400 
2.439100 
2.439100 
2.439300 
2.439700 
2.440200 
2.441100 
2.441300 
2.441400 
2.441700 
2.441800 
2.442400 
2.443600 
2.443600 
2.444200 
2.444500 
2.444800 
2.445700 
2.446700 
2.449000 
2.449300 
2.449800 
2.450100 
2.450200 
2.450500 
2.451500 
2.452900 
2.453400 
2.453500 
2.453700 
2.453900 
2.455200 
2.456000 
2.456400 
2.457200 
2.457400 
2.458100 
2.458600 
2.459200 
2.459600 
2.460100 
2.460300 
2.461300 
2.461600 
2.462700 
2.463200 
2.463800 
2.463900 
2.464000 
2.465400 
2.465800 
2.466000 
2.466800 
2.467400 
2.468000 
2.468200 
2.468900 
2.469300 
2.469600 
2.469700 
2.470400 
2.470500 
2.470700 
2.472300 
2.472800 
2.473000 
2.474100 
2.474200 
2.474300 
2.475300 
2.475300 
2.475500 
2.475700 
2.476300 
2.477700 
2.478900 
2.479600 
2.481100 
2.481700 
2.482200 
2.482900 
2.483200 
2.484000 
2.485000 
2.485000 
2.485300 
2.485700 
2.485900 
2.486000 
2.486200 
2.487300 
2.487700 
2.488100 
2.489200 
2.489400 
2.489600 
2.489900 
2.490100 
2.490700 
2.491000 
2.491100 
2.491200 
2.491800 
2.491800 
2.492700 
2.493100 
2.493500 
2.494100 
2.495000 
2.495700 
2.495900 
2.498400 
2.498700 
2.498800 
2.499300 
2.500800 
2.501000 
2.501200 
2.501400 
2.501700 
2.502000 
2.502200 
2.502900 
2.504100 
2.504500 
2.506500 
2.506700 
2.506700 
2.506800 
2.507800 
2.509100 
2.512000 
2.512300 
2.512800 
2.513900 
2.515200 
2.515700 
2.516700 
2.517300 
2.517300 
2.518200 
2.518400 
2.520900 
2.521100 
2.521900 
2.522100 
2.522200 
2.522200 
2.524000 
2.524600 
2.524800 
2.525000 
2.525100 
2.526400 
2.526500 
2.526900 
2.527300 
2.528000 
2.528300 
2.528800 
2.528900 
2.529900 
2.530200 
2.530400 
2.530500 
2.530900 
2.531200 
2.531600 
2.532200 
2.532400 
2.532800 
2.533300 
2.534600 
2.535000 
2.535300 
2.536400 
2.538400 
2.539100 
2.540300 
2.541300 
2.542100 
2.543000 
2.545200 
2.545500 
2.545600 
2.546500 
2.546800 
2.546800 
2.547100 
2.547800 
2.548200 
2.548300 
2.548300 
2.548600 
2.549700 
2.550100 
2.551100 
2.551700 
2.552100 
2.552200 
2.552500 
2.552800 
2.553000 
2.554100 
2.554400 
2.554400 
2.555600 
2.555700 
2.558400 
2.558600 
2.559100 
2.559700 
2.559700 
2.559900 
2.561600 
2.561700 
2.563100 
2.563700 
2.564000 
2.564400 
2.564900 
2.565900 
2.565900 
2.566100 
2.566500 
2.566800 
2.566800 
2.567100 
2.567400 
2.567400 
2.569800 
2.570000 
2.570900 
2.572300 
2.572600 
2.572800 
2.573500 
2.574500 
2.574800 
2.575600 
2.575700 
2.578100 
2.578400 
2.579100 
2.580700 
2.581600 
2.582000 
2.582500 
2.582800 
2.583800 
2.583900 
2.584300 
2.584500 
2.585300 
2.585400 
2.586700 
2.586800 
2.587100 
2.589900 
2.591300 
2.591300 
2.591700 
2.591800 
2.593300 
2.593400 
2.594200 
2.594800 
2.595100 
2.595800 
2.596100 
2.596200 
2.596600 
2.597100 
2.597300 
2.597600 
2.597700 
2.598200 
2.598300 
2.598400 
2.599000 
2.599600 
2.599800 
2.600500 
2.602600 
2.603600 
2.604200 
2.604300 
2.604600 
2.605000 
2.605300 
2.606100 
2.606300 
2.608900 
2.610500 
2.611100 
2.611600 
2.612500 
2.613100 
2.613700 
2.613800 
2.614100 
2.614200 
2.614500 
2.615200 
2.615300 
2.615500 
2.615700 
2.615700 
2.615900 
2.617100 
2.617400 
2.617600 
2.618200 
2.618300 
2.620100 
2.621000 
2.621300 
2.622200 
2.623300 
2.624300 
2.624800 
2.626200 
2.626300 
2.626800 
2.627800 
2.627800 
2.628400 
2.628600 
2.628900 
2.629400 
2.629400 
2.629700 
2.630000 
2.630400 
2.630600 
2.630700 
2.630800 
2.630900 
2.630900 
2.631800 
2.631900 
2.632200 
2.632900 
2.634300 
2.634600 
2.635000 
2.635100 
2.635200 
2.635500 
2.636600 
2.638100 
2.639000 
2.640900 
2.641000 
2.642100 
2.643000 
2.644100 
2.646400 
2.646500 
2.647100 
2.647500 
2.648600 
2.648700 
2.648900 
2.649400 
2.649700 
2.651700 
2.651800 
2.654100 
2.655300 
2.656300 
2.657900 
2.658800 
2.659000 
2.659700 
2.659800 
2.660000 
2.660100 
2.660600 
2.663300 
2.663700 
2.664400 
2.664800 
2.665300 
2.665500 
2.666200 
2.666700 
2.666700 
2.666900 
2.667500 
2.667700 
2.667900 
2.667900 
2.668300 
2.668700 
2.668900 
2.669100 
2.669700 
2.670300 
2.670800 
2.671800 
2.671900 
2.672300 
2.672800 
2.673300 
2.674600 
2.674700 
2.674800 
2.675800 
2.677000 
2.679000 
2.679400 
2.680400 
2.680700 
2.680800 
2.683500 
2.684000 
2.684100 
2.684900 
2.685100 
2.686200 
2.687300 
2.687700 
2.687900 
2.688100 
2.688500 
2.689200 
2.689300 
2.689900 
2.693400 
2.693500 
2.693700 
2.693800 
2.693900 
2.694200 
2.695300 
2.695800 
2.697200 
2.697200 
2.697200 
2.697300 
2.698100 
2.698500 
2.699300 
2.699900 
2.700000 
2.700900 
2.701000 
2.701600 
2.702700 
2.703000 
2.703100 
2.704500 
2.704900 
2.705600 
2.706400 
2.707300 
2.708500 
2.708600 
2.708600 
2.709200 
2.710800 
2.710800 
2.711900 
2.712000 
2.713400 
2.713400 
2.713500 
2.713700 
2.714200 
2.714600 
2.715200 
2.715400 
2.715500 
2.716900 
2.717100 
2.717300 
2.718900 
2.719400 
2.720300 
2.720600 
2.721300 
2.721400 
2.722600 
2.722600 
2.723100 
2.724000 
2.724200 
2.725000 
2.725500 
2.725600 
2.726100 
2.726700 
2.726800 
2.727000 
2.727000 
2.727200 
2.727300 
2.728000 
2.728100 
2.728500 
2.728500 
2.730000 
2.730300 
2.731000 
2.731600 
2.731900 
2.733200 
2.734500 
2.735200 
2.736500 
2.736800 
2.737200 
2.737200 
2.737400 
2.737600 
2.738100 
2.739300 
2.740400 
2.740400 
2.740600 
2.741200 
2.741900 
2.742400 
2.744400 
2.744600 
2.745900 
2.746000 
2.749300 
2.749800 
2.751900 
2.752000 
2.752900 
2.753900 
2.754100 
2.754100 
2.755100 
2.755400 
2.755900 
2.756100 
2.756300 
2.756900 
2.757100 
2.757400 
2.758300 
2.758700 
2.758800 
2.758800 
2.758900 
2.758900 
2.759300 
2.759400 
2.759600 
2.761200 
2.761500 
2.762100 
2.762100 
2.762400 
2.763100 
2.764200 
2.765100 
2.765600 
2.765700 
2.765900 
2.766200 
2.767000 
2.767800 
2.767900 
2.768000 
2.768200 
2.768300 
2.769300 
2.771200 
2.771500 
2.771600 
2.771800 
2.771800 
2.771900 
2.772500 
2.772900 
2.773100 
2.773300 
2.774000 
2.774600 
2.774700 
2.775300 
2.776300 
2.777900 
2.778200 
2.778400 
2.779500 
2.779500 
2.780200 
2.780900 
2.781600 
2.784300 
2.784300 
2.785200 
2.785500 
2.786200 
2.786300 
2.786500 
2.788500 
2.788700 
2.789100 
2.789200 
2.789600 
2.790100 
2.790300 
2.790600 
2.790900 
2.791100 
2.791400 
2.791700 
2.792800 
2.793200 
2.793700 
2.793800 
2.794200 
2.796000 
2.796700 
2.796800 
2.796800 
2.796900 
2.796900 
2.796900 
2.797800 
2.797800 
2.798100 
2.799000 
2.800100 
2.800100 
2.801000 
2.801300 
2.801300 
2.801400 
2.802200 
2.802500 
2.803000 
2.803100 
2.804900 
2.805300 
2.805400 
2.806000 
2.807600 
2.807700 
2.808000 
2.808600 
2.808700 
2.809100 
2.809100 
2.809200 
2.809600 
2.810500 
2.811100 
2.811800 
2.812900 
2.813100 
2.813100 
2.813200 
2.814100 
2.814400 
2.814500 
2.814700 
2.815000 
2.816000 
2.816000 
2.816200 
2.816800 
2.816900 
2.817200 
2.820900 
2.822100 
2.823500 
2.824000 
2.825300 
2.826400 
2.826500 
2.827000 
2.827100 
2.827300 
2.828000 
2.828000 
2.828300 
2.829300 
2.829500 
2.831700 
2.832100 
2.832800 
2.833200 
2.833400 
2.833600 
2.833700 
2.834200 
2.834600 
2.834900 
2.836600 
2.837200 
2.837300 
2.837400 
2.837900 
2.838000 
2.838400 
2.838700 
2.838900 
2.840100 
2.841100 
2.841200 
2.841800 
2.842900 
2.843500 
2.844000 
2.844100 
2.845800 
2.845800 
2.846600 
2.846700 
2.847600 
2.847800 
2.850100 
2.850900 
2.852100 
2.852400 
2.852500 
2.852600 
2.853500 
2.853700 
2.855000 
2.855000 
2.855600 
2.857300 
2.858300 
2.858600 
2.859300 
2.861000 
2.861200 
2.863400 
2.863700 
2.864600 
2.864600 
2.865100 
2.865200 
2.866000 
2.867000 
2.867400 
2.868000 
2.868800 
2.869500 
2.869800 
2.871700 
2.871800 
2.872300 
2.872600 
2.872700 
2.873300 
2.873900 
2.874000 
2.874800 
2.875900 
2.876000 
2.876000 
2.876500 
2.877400 
2.878400 
2.878600 
2.878800 
2.878900 
2.879400 
2.880300 
2.880600 
2.880900 
2.881000 
2.882800 
2.884300 
2.884800 
2.885800 
2.885900 
2.887200 
2.887600 
2.887800 
2.888500 
2.888600 
2.888600 
2.889300 
2.889600 
2.892100 
2.892200 
2.893100 
2.893300 
2.893300 
2.893900 
2.894400 
2.894400 
2.894700 
2.894900 
2.895600 
2.896500 
2.896500 
2.896900 
2.897100 
2.897400 
2.897400 
2.897400 
2.900200 
2.900400 
2.900500 
2.901300 
2.901300 
2.901400 
2.901600 
2.902300 
2.904400 
2.905000 
2.905200 
2.905400 
2.905500 
2.906100 
2.906400 
2.906600 
2.906800 
2.907000 
2.907200 
2.908000 
2.908900 
2.909300 
2.909600 
2.910100 
2.910900 
2.912200 
2.912200 
2.912900 
2.913100 
2.914100 
2.914600 
2.914800 
2.915300 
2.915500 
2.916300 
2.916600 
2.916700 
2.917100 
2.917300 
2.917400 
2.917500 
2.917700 
2.917800 
2.917900 
2.919100 
2.919300 
2.920300 
2.920500 
2.921900 
2.922400 
2.922900 
2.923200 
2.924000 
2.924600 
2.925000 
2.925900 
2.926000 
2.926200 
2.928200 
2.928500 
2.928600 
2.928700 
2.929300 
2.929600 
2.929600 
2.930000 
2.930600 
2.931100 
2.931100 
2.931700 
2.931800 
2.932400 
2.932700 
2.932800 
2.933000 
2.933000 
2.934400 
2.935000 
2.936300 
2.938900 
2.938900 
2.939000 
2.939000 
2.939000 
2.939300 
2.940400 
2.940800 
2.941000 
2.941900 
2.942200 
2.942300 
2.943400 
2.944000 
2.944300 
2.944800 
2.944800 
2.945300 
2.945700 
2.946100 
2.946300 
2.947300 
2.947400 
2.947800 
2.949600 
2.950000 
2.950100 
2.951200 
2.951700 
2.952700 
2.952800 
2.954900 
2.955600 
2.956000 
2.957000 
2.957900 
2.958700 
2.958800 
2.960500 
2.962400 
2.963100 
2.965100 
2.965200 
2.965300 
2.967500 
2.968100 
2.968300 
2.969100 
2.969700 
2.970600 
2.970900 
2.971000 
2.972200 
2.973800 
2.974900 
2.975000 
2.975100 
2.975300 
2.975500 
2.976800 
2.977000 
2.977200 
2.977700 
2.978300 
2.979500 
2.979800 
2.981100 
2.981200 
2.981500 
2.982000 
2.982000 
2.982300 
2.983000 
2.983500 
2.983600 
2.983600 
2.983900 
2.986000 
2.986700 
2.986700 
2.987100 
2.987400 
2.987500 
2.988100 
2.988500 
2.988500 
2.988600 
2.988700 
2.989800 
2.990500 
2.991800 
2.992300 
2.993800 
2.994400 
2.994900 
2.995500 
2.995800 
2.997000 
2.997600 
2.998100 
2.998400 
2.998700 
2.999000 
2.999500 
2.999700 
2.999900 
3.000500 
3.001500 
3.002200 
3.003100 
3.003700 
3.004500 
3.005200 
3.006300 
3.006500 
3.006800 
3.007000 
3.007100 
3.007500 
3.007900 
3.008400 
3.008600 
3.009100 
3.009700 
3.010200 
3.011100 
3.011100 
3.011500 
3.014400 
3.014500 
3.014600 
3.016800 
3.017400 
3.018100 
3.018200 
3.018700 
3.019400 
3.019400 
3.019900 
3.020200 
3.020300 
3.020400 
3.022500 
3.022600 
3.022800 
3.022800 
3.023400 
3.023900 
3.025200 
3.027000 
3.029200 
3.029600 
3.030000 
3.030100 
3.030500 
3.032700 
3.033800 
3.034600 
3.035200 
3.035200 
3.035300 
3.035400 
3.035500 
3.035900 
3.036100 
3.036300 
3.036800 
3.037700 
3.038100 
3.038800 
3.039600 
3.039800 
3.040800 
3.040800 
3.041500 
3.041800 
3.041900 
3.042100 
3.042100 
3.042500 
3.042800 
3.042800 
3.043200 
3.043300 
3.043600 
3.044500 
3.044600 
3.045000 
3.045600 
3.046300 
3.047700 
3.048400 
3.050300 
3.050300 
3.050400 
3.050700 
3.051300 
3.053600 
3.053700 
3.053800 
3.054400 
3.054500 
3.055300 
3.055400 
3.056100 
3.056400 
3.057700 
3.057800 
3.057900 
3.058400 
3.059000 
3.059100 
3.059400 
3.059900 
3.060400 
3.060400 
3.060500 
3.061200 
3.061500 
3.061800 
3.062500 
3.062700 
3.063600 
3.063600 
3.064400 
3.066100 
3.066200 
3.067000 
3.067900 
3.068000 
3.068800 
3.069400 
3.070000 
3.071200 
3.071300 
3.072900 
3.073100 
3.073400 
3.075800 
3.075800 
3.077300 
3.078000 
3.078500 
3.079000 
3.081200 
3.081300 
3.082200 
3.082300 
3.082500 
3.083300 
3.084200 
3.084300 
3.084300 
3.084300 
3.085100 
3.085600 
3.085900 
3.087100 
3.089200 
3.089300 
3.090000 
3.092400 
3.092800 
3.097700 
3.098600 
3.100800 
3.101100 
3.101500 
3.101500 
3.102200 
3.102300 
3.103100 
3.103300 
3.103300 
3.103900 
3.104700 
3.104900 
3.105300 
3.105300 
3.105300 
3.105800 
3.106500 
3.106700 
3.107100 
3.107200 
3.108200 
3.108200 
3.108300 
3.108300 
3.108900 
3.110400 
3.111100 
3.112900 
3.113200 
3.114100 
3.115800 
3.116400 
3.116500 
3.117500 
3.118600 
3.118800 
3.119500 
3.120300 
3.120400 
3.120400 
3.120900 
3.120900 
3.121500 
3.121600 
3.121700 
3.122600 
3.122700 
3.123400 
3.125200 
3.125600 
3.125600 
3.128000 
3.128700 
3.129000 
3.129200 
3.129300 
3.129300 
3.129400 
3.130000 
3.131400 
3.132000 
3.132300 
3.132500 
3.133100 
3.133300 
3.134300 
3.134800 
3.135000 
3.136300 
3.136300 
3.136800 
3.136800 
3.136800 
3.137300 
3.138500 
3.139600 
3.139900 
3.140700 
3.143400 
3.143700 
3.144400 
3.144500 
3.144700 
3.144900 
3.145300 
3.149100 
3.149100 
3.149500 
3.150100 
3.150200 
3.150600 
3.151300 
3.151300 
3.151600 
3.152200 
3.152700 
3.153000 
3.154400 
3.156300 
3.156300 
3.156800 
3.158200 
3.159800 
3.160900 
3.162600 
3.162700 
3.163100 
3.163200 
3.163700 
3.164100 
3.164200 
3.164300 
3.164500 
3.164600 
3.164600 
3.166100 
3.166300 
3.167400 
3.169300 
3.171700 
3.172200 
3.173600 
3.174000 
3.174100 
3.174100 
3.174600 
3.174600 
3.174800 
3.174900 
3.175800 
3.176200 
3.177300 
3.177500 
3.177600 
3.177800 
3.180700 
3.181000 
3.181500 
3.181900 
3.182200 
3.182700 
3.182900 
3.183100 
3.183500 
3.185800 
3.186300 
3.186800 
3.188400 
3.188800 
3.189000 
3.189300 
3.190100 
3.191800 
3.191800 
3.191900 
3.192000 
3.192200 
3.192400 
3.192700 
3.192800 
3.193000 
3.194500 
3.195800 
3.195800 
3.196800 
3.197000 
3.197700 
3.198000 
3.198900 
3.199400 
3.199500 
3.199800 
3.199800 
3.201300 
3.201400 
3.203800 
3.204100 
3.205200 
3.205600 
3.205600 
3.206000 
3.207400 
3.209200 
3.209700 
3.210700 
3.211600 
3.213900 
3.215600 
3.215800 
3.215900 
3.217400 
3.218000 
3.218200 
3.220600 
3.220900 
3.221000 
3.223500 
3.223600 
3.225800 
3.226500 
3.227200 
3.227500 
3.227900 
3.228400 
3.228900 
3.228900 
3.229500 
3.229500 
3.230500 
3.231800 
3.231900 
3.234100 
3.235400 
3.238000 
3.238800 
3.238900 
3.239300 
3.239500 
3.239600 
3.239700 
3.240100 
3.241300 
3.241500 
3.242200 
3.242400 
3.243000 
3.243200 
3.243700 
3.244500 
3.244500 
3.244700 
3.244700 
3.244800 
3.245400 
3.245700 
3.245800 
3.246100 
3.246200 
3.247400 
3.248100 
3.248100 
3.248300 
3.251500 
3.251800 
3.251900 
3.253400 
3.254500 
3.256700 
3.256900 
3.257000 
3.257700 
3.257700 
3.258000 
3.258900 
3.259000 
3.259200 
3.259300 
3.259600 
3.260200 
3.260400 
3.260600 
3.260700 
3.261200 
3.261300 
3.262200 
3.262500 
3.262800 
3.263100 
3.263600 
3.263600 
3.263700 
3.263900 
3.264500 
3.264700 
3.264900 
3.267200 
3.268000 
3.268800 
3.269300 
3.269300 
3.270400 
3.270500 
3.271100 
3.271600 
3.272700 
3.273400 
3.273500 
3.275200 
3.276300 
3.277300 
3.278900 
3.279000 
3.280600 
3.280900 
3.281000 
3.281900 
3.282200 
3.282600 
3.282700 
3.282800 
3.285400 
3.286100 
3.287200 
3.287400 
3.287600 
3.288400 
3.288700 
3.289300 
3.289700 
3.290400 
3.290600 
3.290600 
3.290700 
3.290900 
3.291100 
3.294400 
3.294500 
3.295400 
3.296000 
3.296300 
3.296700 
3.297300 
3.297400 
3.297500 
3.298800 
3.298900 
3.299400 
3.300600 
3.301000 
3.304300 
3.305700 
3.306400 
3.307200 
3.307200 
3.309500 
3.310100 
3.310700 
3.311600 
3.311600 
3.311700 
3.312400 
3.313900 
3.313900 
3.314900 
3.315400 
3.315700 
3.316900 
3.317100 
3.317400 
3.318900 
3.319500 
3.320000 
3.320600 
3.322000 
3.322900 
3.323200 
3.323600 
3.324300 
3.324700 
3.325100 
3.325300 
3.325700 
3.326100 
3.326200 
3.326400 
3.326600 
3.327000 
3.327100 
3.327200 
3.327800 
3.328200 
3.328900 
3.329400 
3.329500 
3.329800 
3.329900 
3.330100 
3.330300 
3.330700 
3.331000 
3.331200 
3.331300 
3.331400 
3.331800 
3.332300 
3.332500 
3.332500 
3.333400 
3.333800 
3.334000 
3.334200 
3.335000 
3.335300 
3.336100 
3.337400 
3.337400 
3.338300 
3.338400 
3.339500 
3.339700 
3.340100 
3.340100 
3.340300 
3.340300 
3.340600 
3.340800 
3.341600 
3.341800 
3.342300 
3.343300 
3.344500 
3.344700 
3.345000 
3.345600 
3.346100 
3.348200 
3.348700 
3.349500 
3.349800 
3.350200 
3.352500 
3.353200 
3.354100 
3.354400 
3.354700 
3.354800 
3.355100 
3.356700 
3.357400 
3.357500 
3.358400 
3.359200 
3.359700 
3.360100 
3.360600 
3.360800 
3.360800 
3.362300 
3.362400 
3.362700 
3.364600 
3.364700 
3.365200 
3.366200 
3.366500 
3.366900 
3.367000 
3.367000 
3.367100 
3.368300 
3.368500 
3.368700 
3.369000 
3.370400 
3.370500 
3.370600 
3.370700 
3.370800 
3.371300 
3.371800 
3.372100 
3.372300 
3.372300 
3.373300 
3.374800 
3.374800 
3.374900 
3.375500 
3.376300 
3.378000 
3.379800 
3.380000 
3.380400 
3.380800 
3.382900 
3.383200 
3.383500 
3.383900 
3.384100 
3.385100 
3.385200 
3.385600 
3.386800 
3.387400 
3.389000 
3.389200 
3.389400 
3.389500 
3.390100 
3.390400 
3.390800 
3.391100 
3.391100 
3.391700 
3.391800 
3.392000 
3.392500 
3.393100 
3.393200 
3.394100 
3.394600 
3.395000 
3.395000 
3.395100 
3.395400 
3.395800 
3.395900 
3.396100 
3.396600 
3.396800 
3.397400 
3.397600 
3.398500 
3.398700 
3.399600 
3.399700 
3.399900 
3.400100 
3.400800 
3.401200 
3.401200 
3.401400 
3.401400 
3.402000 
3.402600 
3.402800 
3.402900 
3.402900 
3.403800 
3.403900 
3.405400 
3.405600 
3.406400 
3.406700 
3.407100 
3.407400 
3.407700 
3.408100 
3.408400 
3.408900 
3.409000 
3.409400 
3.410200 
3.410200 
3.411300 
3.411600 
3.411600 
3.412300 
3.412300 
3.412600 
3.413000 
3.413500 
3.413600 
3.414000 
3.415300 
3.415600 
3.416600 
3.418800 
3.419300 
3.419500 
3.420500 
3.421700 
3.422200 
3.422400 
3.422900 
3.423100 
3.423200 
3.423200 
3.423800 
3.425700 
3.426300 
3.426700 
3.426700 
3.428100 
3.428300 
3.428400 
3.428400 
3.430400 
3.430400 
3.431400 
3.432100 
3.434100 
3.434100 
3.435800 
3.437700 
3.437800 
3.438100 
3.438200 
3.438400 
3.438800 
3.439200 
3.439500 
3.440500 
3.440500 
3.440900 
3.441300 
3.441600 
3.442100 
3.442300 
3.442400 
3.443900 
3.445200 
3.445800 
3.446300 
3.446700 
3.446800 
3.447300 
3.448800 
3.449500 
3.449900 
3.449900 
3.449900 
3.450500 
3.450600 
3.451200 
3.451400 
3.451700 
3.451800 
3.452000 
3.452200 
3.452500 
3.453000 
3.453100 
3.454100 
3.454300 
3.455100 
3.455200 
3.456700 
3.456700 
3.456700 
3.457700 
3.457800 
3.458600 
3.459100 
3.459700 
3.460500 
3.460500 
3.461200 
3.461700 
3.461700 
3.462600 
3.462700 
3.462900 
3.463400 
3.464100 
3.464500 
3.467300 
3.467400 
3.467400 
3.467500 
3.467500 
3.467600 
3.467900 
3.469100 
3.469400 
3.469500 
3.469700 
3.471100 
3.471300 
3.471800 
3.471900 
3.472100 
3.472300 
3.472700 
3.473300 
3.473900 
3.474500 
3.474600 
3.475200 
3.475700 
3.476100 
3.476200 
3.476200 
3.476600 
3.476600 
3.477200 
3.477300 
3.477700 
3.478100 
3.478400 
3.482700 
3.482800 
3.483200 
3.483700 
3.485900 
3.487000 
3.487400 
3.487900 
3.487900 
3.488700 
3.489000 
3.489100 
3.489300 
3.489400 
3.489800 
3.489900 
3.491100 
3.491400 
3.493000 
3.493000 
3.494200 
3.494200 
3.494800 
3.495100 
3.495800 
3.495900 
3.496200 
3.496400 
3.496700 
3.497400 
3.500400 
3.500800 
3.501000 
3.501200 
3.501500 
3.501900 
3.502300 
3.502500 
3.502500 
3.503900 
3.504000 
3.504000 
3.504700 
3.505100 
3.505100 
3.506000 
3.506200 
3.506800 
3.508800 
3.508900 
3.510600 
3.511100 
3.511200 
3.511400 
3.511800 
3.512500 
3.512600 
3.512800 
3.513400 
3.513400 
3.513800 
3.515200 
3.515400 
3.515700 
3.516600 
3.516800 
3.517700 
3.518300 
3.518500 
3.518800 
3.518900 
3.520200 
3.520700 
3.521200 
3.521300 
3.522200 
3.525300 
3.526700 
3.527300 
3.527400 
3.527900 
3.528500 
3.528600 
3.529000 
3.529100 
3.530500 
3.530800 
3.531300 
3.532700 
3.532900 
3.533800 
3.534100 
3.535000 
3.535900 
3.536000 
3.536800 
3.537100 
3.537400 
3.537700 
3.538000 
3.538900 
3.539000 
3.539700 
3.540800 
3.541200 
3.541700 
3.543100 
3.543600 
3.544900 
3.545500 
3.546300 
3.546400 
3.547000 
3.548400 
3.549200 
3.550200 
3.550600 
3.553600 
3.554600 
3.555100 
3.555400 
3.555400 
3.555400 
3.555600 
3.556300 
3.556300 
3.556900 
3.557600 
3.558000 
3.558200 
3.559100 
3.559400 
3.559500 
3.563100 
3.563200 
3.563500 
3.563900 
3.565300 
3.565400 
3.566100 
3.566100 
3.566200 
3.566200 
3.568200 
3.568700 
3.569400 
3.570500 
3.571500 
3.572800 
3.573100 
3.574100 
3.576500 
3.577300 
3.578900 
3.579600 
3.580700 
3.580700 
3.581900 
3.582000 
3.583200 
3.583500 
3.585000 
3.587300 
3.588000 
3.588400 
3.589300 
3.589600 
3.591500 
3.591700 
3.591800 
3.591900 
3.592000 
3.592100 
3.592800 
3.593100 
3.593700 
3.594800 
3.595200 
3.595700 
3.595700 
3.595700 
3.596000 
3.596200 
3.596600 
3.596700 
3.598200 
3.598500 
3.598600 
3.599600 
3.599800 
3.600800 
3.601500 
3.601700 
3.602000 
3.602700 
3.602800 
3.603400 
3.603900 
3.604500 
3.604500 
3.607900 
3.608500 
3.608900 
3.610100 
3.610100 
3.610600 
3.610700 
3.611000 
3.612500 
3.612600 
3.613900 
3.613900 
3.614600 
3.615500 
3.616000 
3.616400 
3.616800 
3.617100 
3.617400 
3.617500 
3.618700 
3.619000 
3.619100 
3.619200 
3.619600 
3.619700 
3.620400 
3.620400 
3.620800 
3.621600 
3.622000 
3.622100 
3.622300 
3.622300 
3.622700 
3.623100 
3.623700 
3.625000 
3.625200 
3.625900 
3.627100 
3.627400 
3.627600 
3.628000 
3.628400 
3.628500 
3.628900 
3.629400 
3.629500 
3.629800 
3.632900 
3.633300 
3.634300 
3.635000 
3.636300 
3.637800 
3.639900 
3.639900 
3.642200 
3.642400 
3.642700 
3.642900 
3.643300 
3.644000 
3.644100 
3.644500 
3.644700 
3.644800 
3.646100 
3.646900 
3.648100 
3.649200 
3.649600 
3.649900 
3.650900 
3.651300 
3.652200 
3.652300 
3.653000 
3.653200 
3.653700 
3.653800 
3.655700 
3.656200 
3.656200 
3.656300 
3.656600 
3.657200 
3.657600 
3.658500 
3.658500 
3.658600 
3.659000 
3.659400 
3.660800 
3.660800 
3.661000 
3.661200 
3.662400 
3.663600 
3.664800 
3.664800 
3.664900 
3.665200 
3.665700 
3.666700 
3.666700 
3.667200 
3.668000 
3.668100 
3.669100 
3.669500 
3.669500 
3.669800 
3.670400 
3.670700 
3.671300 
3.671400 
3.673100 
3.673300 
3.674100 
3.674400 
3.674700 
3.675600 
3.675600 
3.675700 
3.675800 
3.675900 
3.676000 
3.676300 
3.676500 
3.676500 
3.676800 
3.678500 
3.678500 
3.679500 
3.679800 
3.680300 
3.681700 
3.682100 
3.683000 
3.683300 
3.683300 
3.684000 
3.684200 
3.684200 
3.684600 
3.685800 
3.686400 
3.687000 
3.687200 
3.687700 
3.690200 
3.690500 
3.690700 
3.692600 
3.692600 
3.693200 
3.693700 
3.694600 
3.696000 
3.698100 
3.699000 
3.699200 
3.699400 
3.700100 
3.701600 
3.702500 
3.702600 
3.702900 
3.702900 
3.703200 
3.704100 
3.705300 
3.705900 
3.706500 
3.706500 
3.706900 
3.707300 
3.707700 
3.708000 
3.708300 
3.708600 
3.708800 
3.709500 
3.710300 
3.710700 
3.710700 
3.710800 
3.711500 
3.713400 
3.714200 
3.714300 
3.716800 
3.717300 
3.719300 
3.720600 
3.720900 
3.721200 
3.721200 
3.721300 
3.721300 
3.722900 
3.723300 
3.723600 
3.724500 
3.724700 
3.725900 
3.725900 
3.726500 
3.726600 
3.727000 
3.727000 
3.727900 
3.728100 
3.728200 
3.728600 
3.729900 
3.730800 
3.730800 
3.732100 
3.732500 
3.732600 
3.732800 
3.733100 
3.734700 
3.735000 
3.735100 
3.735300 
3.735300 
3.736300 
3.736400 
3.736800 
3.738300 
3.739700 
3.740100 
3.741300 
3.741400 
3.742200 
3.743100 
3.744100 
3.744600 
3.744800 
3.745500 
3.745600 
3.746000 
3.746200 
3.746600 
3.747600 
3.748400 
3.748700 
3.749300 
3.750700 
3.751000 
3.751000 
3.751100 
3.751300 
3.752500 
3.753400 
3.753600 
3.753800 
3.754000 
3.755300 
3.756300 
3.757400 
3.757800 
3.758000 
3.758500 
3.760200 
3.760500 
3.761100 
3.761500 
3.762300 
3.762600 
3.763100 
3.763200 
3.765000 
3.767200 
3.767500 
3.768200 
3.768300 
3.768600 
3.769400 
3.770200 
3.770500 
3.770600 
3.771900 
3.772300 
3.772500 
3.773100 
3.773200 
3.774400 
3.775000 
3.775100 
3.775200 
3.775200 
3.775400 
3.775600 
3.776200 
3.776900 
3.777000 
3.777000 
3.777200 
3.778100 
3.779300 
3.779300 
3.779500 
3.780400 
3.781000 
3.781300 
3.781400 
3.781500 
3.783000 
3.783500 
3.784200 
3.784400 
3.786000 
3.786500 
3.788300 
3.788500 
3.788700 
3.789000 
3.789700 
3.791800 
3.792400 
3.792900 
3.792900 
3.793100 
3.793500 
3.794400 
3.795100 
3.795200 
3.795300 
3.795700 
3.796300 
3.797600 
3.798200 
3.798500 
3.799000 
3.799000 
3.799700 
3.800500 
3.800700 
3.802100 
3.802200 
3.802200 
3.803100 
3.803500 
3.804500 
3.805100 
3.805400 
3.805500 
3.806600 
3.807300 
3.807300 
3.807500 
3.808500 
3.808500 
3.810100 
3.810200 
3.810400 
3.810900 
3.811000 
3.811100 
3.811200 
3.811400 
3.811600 
3.811900 
3.813300 
3.813800 
3.814700 
3.815000 
3.815100 
3.815200 
3.815300 
3.815900 
3.816200 
3.816300 
3.816400 
3.816600 
3.818600 
3.819200 
3.820000 
3.820000 
3.820100 
3.821200 
3.821500 
3.821900 
3.822900 
3.823200 
3.823700 
3.824200 
3.825200 
3.825300 
3.825900 
3.826600 
3.827500 
3.828500 
3.829100 
3.829800 
3.830200 
3.830300 
3.831400 
3.831600 
3.832100 
3.833100 
3.834900 
3.835200 
3.835900 
3.836500 
3.837000 
3.837300 
3.837300 
3.838100 
3.839300 
3.839500 
3.839800 
3.840800 
3.842100 
3.843800 
3.843800 
3.843800 
3.843900 
3.844100 
3.844200 
3.845600 
3.846900 
3.848300 
3.848800 
3.851600 
3.851600 
3.851900 
3.852700 
3.853300 
3.854200 
3.854400 
3.854600 
3.854700 
3.854900 
3.855000 
3.855700 
3.856600 
3.857000 
3.857100 
3.857400 
3.857600 
3.858100 
3.858100 
3.859300 
3.859500 
3.859600 
3.860800 
3.861100 
3.862600 
3.862700 
3.862800 
3.863200 
3.863400 
3.864600 
3.864700 
3.864800 
3.865100 
3.865500 
3.866000 
3.867400 
3.867800 
3.868300 
3.869100 
3.870200 
3.871700 
3.872100 
3.872500 
3.872800 
3.873000 
3.873600 
3.873800 
3.873900 
3.875000 
3.875200 
3.875700 
3.876100 
3.877900 
3.879100 
3.880500 
3.882200 
3.882500 
3.882800 
3.882800 
3.883400 
3.883900 
3.884500 
3.885700 
3.886400 
3.886800 
3.887900 
3.888100 
3.888500 
3.888700 
3.889400 
3.890000 
3.890000 
3.891400 
3.892900 
3.893100 
3.893700 
3.894000 
3.894500 
3.894900 
3.895400 
3.895700 
3.895800 
3.896000 
3.896100 
3.896800 
3.897300 
3.898500 
3.899200 
3.899300 
3.899700 
3.899800 
3.900200 
3.901200 
3.901400 
3.901400 
3.901900 
3.902600 
3.902700 
3.902700 
3.903100 
3.904500 
3.905700 
3.906200 
3.906600 
3.907000 
3.907000 
3.907300 
3.907800 
3.908000 
3.908300 
3.908500 
3.908600 
3.909400 
3.909800 
3.910800 
3.912000 
3.912300 
3.912500 
3.913200 
3.913700 
3.914300 
3.914500 
3.914600 
3.914700 
3.914900 
3.915200 
3.916400 
3.917000 
3.917800 
3.917900 
3.918800 
3.920500 
3.920600 
3.921100 
3.922900 
3.923500 
3.924200 
3.925000 
3.925800 
3.926600 
3.927100 
3.927500 
3.928500 
3.929000 
3.929600 
3.929700 
3.930300 
3.931300 
3.931500 
3.931600 
3.931900 
3.932200 
3.932600 
3.932900 
3.936000 
3.936500 
3.936500 
3.938200 
3.938500 
3.938500 
3.938600 
3.939600 
3.939700 
3.939800 
3.940700 
3.942600 
3.943300 
3.943300 
3.943500 
3.943700 
3.943900 
3.944700 
3.945100 
3.945100 
3.945900 
3.946900 
3.947200 
3.947500 
3.947500 
3.947700 
3.948000 
3.948600 
3.948700 
3.949500 
3.949900 
3.950700 
3.951300 
3.951500 
3.952100 
3.952300 
3.953600 
3.954800 
3.955400 
3.956300 
3.957100 
3.957200 
3.957300 
3.958600 
3.959100 
3.960000 
3.961900 
3.962400 
3.962600 
3.962600 
3.962900 
3.963500 
3.963800 
3.964600 
3.967000 
3.967300 
3.967900 
3.967900 
3.968000 
3.968000 
3.968300 
3.968400 
3.968900 
3.969600 
3.970200 
3.970400 
3.971200 
3.971500 
3.971700 
3.972100 
3.972200 
3.972900 
3.973800 
3.974100 
3.974600 
3.975200 
3.975700 
3.975800 
3.977000 
3.977300 
3.978100 
3.979900 
3.982200 
3.983100 
3.983500 
3.983600 
3.983700 
3.984800 
3.985000 
3.985100 
3.985100 
3.985100 
3.985600 
3.986600 
3.987600 
3.987600 
3.987900 
3.988200 
3.988800 
3.989000 
3.990200 
3.991200 
3.992000 
3.993400 
3.993500 
3.993900 
3.994500 
3.994600 
3.994800 
3.995500 
3.995600 
3.997400 
3.997800 
