907 
240 
572 
432 
367 
896 
58 
671 
930 
783 
111 
693 
291 
603 
825 
316 
994 
769 
283 
2 
827 
558 
362 
450 
335 
956 
751 
677 
730 
784 
353 
348 
279 
101 
397 
996 
585 
130 
519 
860 
170 
471 
1018 
936 
20 
978 
891 
804 
934 
218 
739 
869 
269 
663 
418 
400 
411 
586 
900 
83 
308 
817 
972 
451 
49 
18 
564 
527 
697 
197 
650 
323 
26 
997 
726 
326 
420 
152 
419 
172 
392 
1056 
691 
1043 
27 
58 
86 
687 
320 
210 
104 
551 
639 
917 
768 
425 
478 
412 
863 
530 
930 
911 
618 
100 
245 
622 
1047 
772 
909 
567 
566 
576 
837 
488 
305 
375 
572 
1049 
645 
971 
636 
22 
557 
353 
739 
540 
862 
573 
468 
590 
66 
261 
92 
705 
436 
246 
156 
945 
219 
146 
884 
571 
374 
595 
757 
682 
490 
666 
495 
239 
985 
77 
456 
549 
667 
749 
266 
929 
418 
730 
569 
25 
825 
425 
627 
237 
926 
819 
711 
128 
676 
794 
513 
579 
41 
988 
1057 
914 
1047 
326 
368 
114 
649 
358 
377 
725 
1005 
895 
416 
440 
654 
434 
192 
302 
828 
802 
79 
260 
264 
818 
204 
1032 
256 
561 
255 
312 
574 
251 
994 
655 
316 
618 
82 
943 
402 
54 
938 
715 
611 
84 
987 
109 
830 
867 
71 
306 
288 
790 
509 
803 
962 
102 
28 
1007 
520 
842 
918 
127 
694 
480 
206 
678 
638 
108 
621 
740 
517 
558 
765 
939 
989 
810 
149 
293 
576 
202 
513 
143 
522 
781 
908 
353 
262 
832 
145 
277 
997 
287 
314 
529 
767 
237 
17 
1039 
950 
419 
308 
95 
544 
349 
700 
13 
116 
819 
940 
447 
207 
107 
945 
456 
1030 
384 
988 
742 
751 
135 
446 
706 
406 
390 
783 
882 
980 
328 
695 
248 
63 
173 
890 
461 
728 
89 
724 
570 
60 
279 
475 
324 
474 
828 
550 
104 
1005 
998 
841 
533 
439 
625 
463 
342 
210 
552 
105 
565 
516 
971 
374 
386 
918 
18 
312 
1018 
470 
722 
935 
829 
88 
818 
137 
575 
529 
535 
375 
382 
125 
664 
323 
877 
705 
601 
781 
793 
590 
577 
816 
1039 
115 
357 
148 
413 
993 
844 
987 
983 
893 
438 
819 
513 
680 
253 
643 
945 
778 
916 
348 
1009 
318 
155 
1055 
234 
240 
193 
773 
265 
734 
785 
743 
585 
789 
78 
489 
774 
835 
1004 
889 
807 
254 
331 
67 
880 
132 
951 
859 
302 
114 
1054 
946 
110 
632 
578 
1037 
1057 
394 
654 
440 
145 
1038 
250 
973 
402 
296 
491 
611 
210 
753 
112 
925 
272 
72 
484 
207 
535 
233 
106 
31 
317 
273 
1020 
1050 
886 
140 
239 
514 
815 
169 
668 
755 
1023 
398 
1048 
780 
71 
242 
32 
891 
117 
135 
258 
177 
493 
565 
683 
763 
295 
157 
5 
28 
458 
154 
497 
691 
138 
205 
721 
459 
84 
993 
749 
109 
1013 
517 
437 
843 
740 
747 
271 
68 
896 
423 
209 
646 
664 
241 
797 
253 
627 
946 
1041 
685 
1017 
491 
739 
479 
510 
794 
407 
289 
240 
121 
123 
806 
810 
473 
877 
828 
340 
119 
79 
551 
481 
1051 
998 
470 
604 
1029 
1035 
844 
468 
57 
404 
61 
1022 
736 
86 
948 
962 
595 
94 
431 
298 
345 
305 
659 
210 
16 
358 
723 
137 
415 
395 
570 
904 
651 
981 
138 
182 
960 
397 
418 
868 
211 
631 
750 
917 
954 
621 
275 
56 
338 
55 
246 
727 
834 
448 
32 
486 
829 
546 
407 
76 
108 
231 
20 
36 
266 
726 
635 
500 
323 
204 
776 
283 
22 
382 
1011 
403 
217 
638 
427 
258 
537 
493 
95 
402 
408 
613 
641 
23 
1042 
466 
883 
888 
882 
587 
929 
492 
842 
235 
963 
880 
498 
578 
185 
34 
488 
1031 
274 
976 
264 
973 
986 
714 
571 
1024 
920 
395 
552 
670 
912 
507 
669 
347 
96 
326 
167 
276 
685 
51 
606 
197 
574 
682 
4 
781 
928 
761 
803 
449 
1045 
345 
139 
172 
438 
82 
526 
971 
765 
278 
289 
1028 
778 
873 
209 
213 
562 
71 
471 
611 
523 
629 
369 
62 
495 
815 
366 
125 
140 
332 
442 
886 
320 
81 
533 
540 
380 
905 
1036 
226 
329 
954 
854 
1019 
564 
8 
1012 
33 
74 
315 
352 
943 
18 
669 
605 
372 
1054 
217 
317 
825 
1055 
239 
703 
842 
162 
376 
338 
981 
613 
323 
253 
430 
891 
40 
1060 
32 
723 
831 
956 
134 
454 
155 
44 
768 
109 
178 
903 
687 
192 
405 
328 
435 
1014 
994 
241 
646 
395 
771 
269 
850 
7 
599 
712 
335 
616 
971 
476 
906 
193 
741 
265 
305 
539 
938 
133 
603 
212 
181 
787 
531 
998 
1045 
1015 
222 
312 
472 
1035 
1049 
634 
982 
877 
160 
880 
447 
311 
211 
215 
427 
97 
80 
142 
443 
220 
536 
31 
756 
670 
42 
655 
420 
444 
720 
259 
626 
788 
912 
674 
905 
196 
11 
984 
573 
732 
910 
180 
230 
167 
778 
37 
184 
705 
996 
1004 
363 
354 
414 
262 
410 
356 
373 
481 
403 
445 
973 
773 
1050 
32 
565 
566 
209 
1030 
515 
331 
719 
326 
485 
116 
726 
709 
718 
559 
645 
708 
678 
534 
733 
665 
759 
162 
198 
1034 
329 
1002 
111 
560 
932 
397 
779 
313 
761 
758 
936 
935 
901 
853 
148 
334 
706 
374 
268 
919 
841 
56 
831 
29 
990 
1022 
174 
648 
868 
679 
106 
518 
2 
800 
862 
604 
632 
749 
104 
114 
220 
321 
501 
464 
522 
966 
849 
437 
385 
572 
598 
287 
344 
766 
954 
1012 
83 
263 
1043 
969 
623 
621 
491 
797 
744 
113 
658 
186 
1006 
276 
701 
420 
176 
42 
447 
503 
215 
722 
118 
308 
638 
523 
563 
454 
885 
91 
15 
182 
55 
1019 
348 
850 
1014 
674 
630 
432 
116 
170 
1005 
1023 
217 
802 
452 
290 
294 
1052 
94 
870 
490 
187 
409 
948 
666 
1058 
1053 
77 
717 
210 
595 
381 
495 
640 
27 
270 
463 
342 
352 
912 
24 
535 
685 
299 
651 
316 
1051 
629 
793 
720 
37 
580 
553 
785 
68 
985 
684 
1033 
719 
320 
469 
223 
67 
639 
257 
300 
929 
32 
545 
440 
631 
976 
480 
159 
149 
288 
196 
98 
363 
534 
705 
343 
279 
54 
173 
415 
1021 
828 
972 
818 
805 
258 
554 
657 
746 
869 
12 
927 
280 
975 
596 
578 
311 
5 
843 
158 
110 
201 
131 
467 
465 
515 
323 
30 
222 
565 
710 
233 
360 
698 
949 
1046 
357 
541 
165 
489 
682 
847 
583 
721 
727 
286 
890 
208 
391 
375 
147 
712 
156 
564 
588 
754 
398 
272 
549 
368 
1045 
212 
941 
6 
1035 
762 
866 
876 
193 
200 
713 
356 
768 
967 
637 
660 
370 
687 
99 
317 
318 
988 
128 
648 
115 
483 
717 
711 
780 
293 
140 
344 
435 
786 
369 
242 
1024 
40 
382 
213 
831 
607 
997 
586 
926 
542 
908 
182 
774 
609 
347 
462 
85 
277 
745 
101 
724 
709 
527 
695 
389 
661 
221 
177 
635 
227 
1003 
1028 
844 
1055 
392 
325 
589 
72 
1027 
315 
3 
694 
276 
833 
405 
171 
767 
592 
151 
42 
313 
245 
553 
203 
598 
986 
1047 
899 
228 
936 
943 
918 
7 
794 
773 
267 
148 
190 
376 
1030 
422 
701 
486 
195 
821 
781 
136 
702 
365 
956 
120 
778 
282 
719 
396 
36 
34 
942 
355 
584 
404 
638 
996 
498 
946 
188 
723 
748 
803 
746 
827 
411 
916 
109 
127 
92 
251 
885 
176 
154 
1034 
790 
733 
78 
269 
29 
808 
555 
955 
59 
951 
868 
732 
574 
784 
501 
684 
715 
848 
888 
575 
617 
1017 
431 
491 
703 
454 
102 
751 
973 
156 
764 
1008 
202 
596 
238 
371 
612 
952 
556 
52 
537 
541 
978 
15 
871 
302 
412 
879 
829 
71 
304 
451 
429 
953 
674 
146 
628 
153 
619 
856 
806 
377 
280 
810 
455 
927 
322 
90 
386 
780 
546 
1007 
576 
149 
977 
236 
137 
597 
639 
69 
474 
160 
384 
378 
222 
255 
545 
125 
540 
586 
98 
736 
80 
41 
997 
1037 
328 
358 
805 
281 
912 
787 
84 
1035 
219 
568 
580 
976 
264 
1036 
417 
770 
64 
399 
470 
23 
119 
192 
860 
476 
359 
416 
444 
850 
81 
748 
807 
1044 
447 
1038 
10 
62 
948 
418 
257 
577 
191 
591 
46 
401 
993 
715 
777 
217 
170 
548 
954 
881 
256 
313 
689 
935 
117 
221 
465 
914 
134 
941 
515 
522 
301 
539 
1048 
250 
833 
142 
750 
326 
916 
625 
872 
1020 
483 
460 
667 
226 
108 
150 
536 
187 
289 
621 
132 
185 
620 
760 
75 
237 
61 
547 
744 
601 
273 
163 
1010 
376 
673 
917 
566 
937 
7 
983 
1051 
701 
690 
549 
114 
155 
686 
677 
696 
355 
284 
1039 
635 
893 
624 
74 
719 
127 
710 
199 
1022 
887 
43 
966 
838 
781 
1056 
526 
263 
36 
84 
111 
167 
265 
733 
982 
544 
724 
385 
665 
631 
152 
832 
352 
633 
240 
892 
278 
159 
133 
691 
787 
846 
370 
835 
271 
687 
120 
475 
865 
603 
693 
697 
922 
634 
825 
737 
1006 
462 
945 
534 
863 
6 
450 
795 
30 
413 
809 
609 
779 
268 
974 
105 
895 
928 
144 
461 
732 
316 
953 
987 
582 
593 
646 
53 
1036 
550 
741 
811 
145 
121 
433 
180 
287 
310 
587 
281 
432 
808 
764 
272 
827 
140 
251 
82 
842 
485 
944 
343 
48 
367 
721 
472 
21 
743 
814 
307 
39 
72 
800 
712 
386 
990 
1031 
306 
291 
243 
589 
792 
110 
563 
890 
205 
670 
660 
902 
970 
256 
735 
694 
229 
678 
122 
989 
93 
766 
627 
1059 
653 
412 
833 
40 
854 
332 
74 
744 
464 
931 
5 
684 
727 
194 
104 
505 
216 
486 
405 
830 
826 
998 
426 
752 
176 
347 
91 
41 
160 
676 
780 
318 
558 
584 
175 
491 
207 
299 
654 
804 
1 
89 
257 
468 
765 
417 
29 
188 
1043 
522 
952 
1018 
847 
549 
1012 
209 
810 
477 
446 
722 
691 
571 
763 
889 
555 
363 
960 
13 
348 
441 
68 
1044 
1020 
3 
246 
38 
1047 
604 
378 
339 
199 
621 
624 
394 
356 
948 
162 
967 
875 
383 
554 
319 
431 
820 
908 
784 
525 
997 
918 
182 
365 
4 
556 
731 
150 
293 
943 
466 
368 
269 
489 
248 
821 
1028 
143 
867 
1055 
271 
8 
641 
231 
533 
590 
165 
578 
236 
115 
96 
636 
965 
483 
972 
400 
112 
312 
425 
985 
643 
919 
964 
448 
325 
838 
27 
234 
44 
1033 
1049 
570 
1007 
149 
60 
1029 
715 
444 
1035 
396 
393 
122 
308 
926 
222 
266 
725 
395 
776 
1025 
954 
774 
757 
531 
177 
452 
135 
855 
1041 
289 
1002 
315 
962 
729 
640 
488 
992 
667 
36 
449 
562 
773 
890 
129 
253 
86 
438 
740 
665 
697 
503 
872 
247 
352 
388 
451 
936 
141 
493 
893 
187 
233 
534 
467 
815 
861 
537 
631 
996 
350 
662 
748 
259 
355 
98 
734 
59 
955 
213 
942 
63 
1056 
252 
79 
235 
600 
928 
975 
685 
454 
52 
111 
113 
602 
973 
630 
243 
249 
552 
265 
526 
346 
689 
700 
414 
669 
148 
463 
885 
541 
207 
18 
484 
744 
834 
45 
580 
944 
333 
876 
39 
142 
496 
549 
970 
707 
327 
96 
168 
406 
64 
423 
701 
272 
551 
292 
447 
627 
882 
107 
927 
394 
639 
426 
457 
969 
254 
695 
450 
38 
881 
77 
81 
750 
62 
403 
336 
810 
683 
53 
1030 
342 
371 
610 
32 
218 
256 
95 
117 
291 
106 
918 
731 
782 
959 
263 
666 
746 
431 
99 
19 
739 
573 
410 
267 
987 
830 
595 
348 
515 
1023 
771 
652 
832 
660 
679 
1049 
946 
892 
509 
841 
176 
411 
0 
313 
465 
33 
160 
353 
287 
375 
471 
498 
894 
1036 
925 
775 
974 
154 
68 
538 
776 
686 
844 
464 
804 
361 
22 
1015 
156 
1025 
831 
330 
223 
249 
108 
988 
257 
514 
929 
499 
366 
270 
294 
628 
226 
236 
354 
797 
764 
785 
977 
7 
719 
435 
1059 
819 
584 
376 
759 
188 
88 
36 
694 
1040 
461 
391 
8 
332 
724 
432 
890 
934 
298 
314 
89 
469 
329 
497 
58 
67 
137 
848 
28 
976 
687 
693 
379 
501 
580 
847 
614 
828 
951 
481 
900 
70 
396 
872 
849 
369 
613 
555 
416 
671 
215 
453 
530 
800 
164 
842 
1061 
23 
781 
553 
211 
260 
835 
567 
575 
565 
965 
1004 
84 
677 
906 
651 
271 
4 
871 
649 
1035 
672 
101 
882 
697 
331 
169 
605 
755 
799 
389 
341 
9 
159 
162 
997 
398 
474 
286 
548 
44 
362 
591 
656 
78 
935 
689 
237 
648 
796 
750 
585 
698 
891 
41 
91 
111 
837 
277 
464 
113 
1007 
250 
123 
1058 
730 
120 
794 
892 
127 
725 
631 
503 
81 
85 
668 
569 
274 
112 
735 
197 
517 
720 
751 
316 
189 
184 
338 
100 
295 
352 
1008 
373 
915 
813 
265 
1002 
292 
1 
173 
427 
632 
532 
884 
412 
747 
380 
463 
1037 
272 
51 
851 
888 
30 
279 
1038 
326 
18 
53 
429 
24 
1032 
941 
1013 
221 
299 
477 
866 
1055 
114 
998 
1051 
976 
621 
754 
395 
512 
943 
399 
595 
869 
527 
607 
510 
858 
75 
307 
282 
609 
1003 
823 
487 
826 
180 
206 
492 
496 
933 
167 
1046 
448 
568 
936 
1001 
913 
436 
23 
564 
994 
192 
198 
384 
810 
420 
843 
908 
850 
151 
864 
50 
281 
1054 
744 
1009 
643 
203 
526 
37 
437 
308 
128 
578 
824 
1011 
461 
753 
35 
470 
499 
986 
110 
66 
625 
588 
1059 
291 
637 
745 
862 
49 
134 
838 
722 
262 
130 
228 
594 
900 
1048 
763 
147 
576 
1027 
657 
769 
781 
533 
597 
904 
546 
381 
954 
171 
433 
715 
115 
628 
493 
711 
876 
63 
930 
1000 
912 
521 
855 
22 
393 
746 
91 
209 
667 
260 
450 
220 
89 
14 
245 
313 
1016 
330 
491 
349 
369 
762 
787 
33 
166 
705 
1047 
504 
608 
979 
213 
76 
475 
795 
354 
217 
111 
268 
191 
808 
997 
760 
556 
664 
627 
759 
817 
614 
227 
149 
174 
348 
502 
458 
230 
831 
777 
958 
1019 
165 
135 
820 
520 
883 
239 
778 
641 
408 
694 
561 
417 
1021 
617 
651 
1055 
10 
916 
857 
974 
136 
81 
468 
721 
965 
441 
1041 
1043 
102 
586 
25 
632 
293 
957 
358 
1045 
712 
677 
190 
243 
249 
623 
902 
698 
153 
911 
719 
751 
742 
384 
62 
1058 
620 
752 
784 
304 
950 
853 
222 
238 
435 
648 
454 
344 
1060 
92 
501 
320 
839 
854 
323 
455 
558 
397 
868 
545 
737 
333 
80 
679 
69 
724 
1036 
363 
327 
833 
933 
93 
659 
583 
550 
815 
754 
375 
548 
1040 
59 
638 
668 
235 
419 
570 
67 
155 
909 
42 
697 
85 
37 
963 
350 
887 
431 
9 
253 
700 
1061 
544 
792 
753 
340 
418 
380 
58 
428 
1003 
777 
1017 
152 
1025 
543 
219 
229 
771 
1009 
6 
82 
704 
1011 
175 
601 
214 
106 
45 
290 
399 
665 
1008 
829 
266 
339 
255 
966 
877 
938 
908 
800 
516 
379 
315 
338 
348 
874 
563 
513 
240 
630 
460 
842 
996 
488 
336 
13 
390 
459 
903 
907 
504 
690 
91 
895 
992 
723 
281 
586 
873 
269 
572 
613 
87 
739 
474 
167 
1000 
361 
819 
646 
947 
650 
709 
151 
633 
711 
60 
352 
31 
351 
279 
955 
1026 
68 
221 
534 
345 
392 
447 
335 
898 
695 
902 
884 
844 
1039 
416 
568 
851 
114 
575 
481 
137 
745 
1053 
599 
538 
937 
588 
259 
569 
512 
818 
54 
764 
894 
107 
161 
651 
920 
1021 
812 
260 
916 
821 
888 
688 
268 
422 
1038 
491 
969 
649 
191 
1001 
923 
926 
23 
53 
150 
558 
919 
199 
562 
772 
782 
108 
642 
668 
725 
869 
625 
444 
398 
129 
576 
490 
271 
308 
698 
657 
667 
21 
93 
333 
729 
301 
567 
36 
365 
457 
309 
140 
775 
973 
215 
16 
58 
55 
536 
648 
1037 
790 
641 
799 
1051 
742 
590 
276 
834 
478 
464 
486 
482 
550 
350 
29 
436 
244 
451 
579 
458 
707 
1057 
342 
940 
797 
375 
105 
697 
455 
718 
1002 
848 
95 
475 
847 
197 
866 
267 
79 
1006 
1007 
75 
767 
285 
96 
620 
22 
660 
614 
804 
154 
1046 
283 
210 
477 
382 
1048 
245 
339 
533 
88 
700 
947 
911 
123 
978 
78 
922 
1040 
972 
298 
580 
155 
300 
42 
802 
753 
1026 
619 
387 
748 
265 
1055 
751 
532 
434 
719 
292 
368 
597 
1054 
583 
878 
522 
480 
367 
584 
328 
376 
581 
476 
553 
769 
932 
591 
373 
495 
326 
547 
249 
666 
327 
677 
606 
1000 
401 
201 
609 
644 
777 
186 
969 
179 
1042 
357 
900 
213 
139 
144 
798 
639 
867 
207 
450 
510 
35 
982 
1024 
559 
822 
191 
884 
649 
203 
652 
101 
374 
654 
391 
28 
103 
808 
6 
899 
377 
208 
560 
291 
274 
629 
968 
979 
1022 
514 
774 
227 
496 
41 
299 
1016 
116 
150 
509 
66 
723 
9 
1043 
696 
157 
687 
231 
470 
260 
443 
24 
596 
840 
851 
1059 
295 
72 
168 
310 
311 
843 
1005 
89 
280 
461 
985 
440 
473 
122 
782 
417 
879 
397 
493 
868 
269 
785 
895 
63 
73 
890 
345 
880 
566 
7 
80 
916 
688 
500 
234 
556 
174 
294 
587 
293 
780 
464 
76 
621 
399 
692 
26 
127 
442 
251 
1054 
192 
751 
169 
592 
45 
766 
15 
126 
11 
332 
401 
78 
81 
631 
870 
490 
375 
731 
601 
271 
721 
573 
894 
86 
389 
865 
329 
523 
645 
466 
908 
491 
221 
750 
521 
927 
137 
943 
186 
576 
898 
971 
518 
734 
728 
1044 
348 
215 
921 
141 
781 
1060 
467 
143 
575 
449 
738 
474 
1048 
930 
318 
58 
336 
307 
761 
334 
172 
717 
887 
204 
542 
705 
660 
231 
66 
964 
975 
591 
21 
402 
795 
901 
853 
722 
563 
489 
763 
386 
107 
961 
123 
600 
783 
461 
557 
1017 
1004 
937 
602 
1037 
547 
85 
418 
285 
144 
220 
664 
1012 
1046 
638 
658 
1002 
65 
142 
801 
140 
183 
988 
749 
753 
508 
752 
509 
339 
606 
179 
869 
411 
54 
1028 
383 
994 
981 
862 
875 
1030 
928 
49 
754 
202 
679 
1057 
603 
444 
284 
158 
1020 
288 
877 
634 
260 
608 
633 
437 
319 
541 
102 
635 
17 
90 
274 
188 
337 
683 
787 
51 
743 
494 
377 
426 
791 
216 
979 
977 
543 
120 
935 
741 
304 
544 
184 
472 
114 
924 
993 
236 
811 
809 
995 
393 
1034 
61 
79 
14 
193 
176 
912 
205 
72 
390 
503 
637 
674 
119 
16 
246 
619 
450 
967 
244 
355 
599 
0 
827 
86 
1055 
860 
95 
582 
793 
77 
99 
21 
537 
379 
704 
1043 
517 
1033 
757 
774 
717 
185 
375 
1031 
556 
240 
802 
100 
430 
101 
462 
939 
30 
155 
702 
469 
398 
1032 
1027 
750 
684 
278 
732 
820 
113 
290 
649 
1056 
372 
656 
25 
109 
1001 
307 
558 
961 
255 
630 
891 
629 
962 
442 
703 
458 
824 
1005 
882 
234 
420 
654 
1008 
715 
589 
161 
243 
459 
641 
841 
869 
441 
424 
1002 
963 
712 
76 
1039 
870 
389 
1050 
1009 
418 
68 
559 
617 
454 
1044 
410 
720 
358 
911 
803 
577 
306 
357 
794 
614 
975 
349 
872 
714 
92 
384 
625 
151 
378 
976 
564 
988 
404 
608 
187 
569 
432 
519 
713 
539 
1020 
758 
392 
328 
734 
496 
197 
785 
345 
685 
513 
18 
129 
339 
1025 
273 
930 
146 
297 
1047 
97 
173 
326 
143 
650 
932 
865 
904 
956 
594 
1040 
62 
690 
541 
729 
952 
974 
765 
316 
721 
136 
529 
463 
657 
899 
888 
24 
557 
828 
115 
915 
807 
846 
78 
310 
550 
762 
287 
622 
296 
325 
924 
979 
354 
1053 
567 
353 
28 
1007 
347 
2 
464 
798 
788 
825 
168 
374 
82 
295 
401 
494 
313 
983 
691 
58 
397 
141 
412 
512 
262 
850 
45 
549 
962 
583 
960 
706 
593 
333 
782 
266 
937 
1017 
123 
337 
638 
575 
6 
165 
327 
653 
949 
942 
750 
871 
208 
666 
858 
117 
806 
85 
309 
485 
837 
627 
421 
303 
330 
57 
224 
321 
160 
423 
1 
722 
600 
992 
38 
878 
749 
921 
1014 
107 
705 
379 
244 
118 
844 
385 
912 
843 
1049 
422 
398 
186 
1015 
90 
991 
74 
543 
955 
801 
980 
662 
411 
976 
21 
561 
822 
519 
429 
723 
441 
1018 
1029 
3 
874 
654 
1056 
355 
386 
70 
471 
985 
13 
900 
1043 
634 
753 
480 
590 
260 
180 
779 
362 
614 
535 
696 
84 
611 
959 
375 
724 
610 
699 
930 
580 
438 
1045 
650 
399 
286 
501 
461 
738 
254 
1052 
513 
606 
250 
659 
167 
388 
554 
607 
629 
404 
812 
271 
1050 
473 
137 
175 
918 
940 
578 
752 
235 
108 
263 
126 
619 
138 
406 
364 
203 
495 
212 
232 
278 
345 
737 
30 
437 
839 
376 
613 
1009 
712 
97 
302 
1039 
214 
143 
433 
220 
252 
99 
897 
282 
80 
372 
1022 
869 
970 
361 
498 
615 
921 
306 
1038 
161 
62 
367 
829 
435 
277 
41 
88 
238 
1008 
542 
664 
499 
393 
668 
523 
649 
197 
245 
990 
671 
739 
257 
1048 
689 
675 
1057 
229 
242 
1033 
465 
753 
350 
948 
728 
539 
524 
114 
757 
178 
926 
544 
624 
236 
799 
625 
708 
994 
704 
860 
536 
878 
627 
594 
297 
313 
758 
218 
397 
21 
413 
577 
698 
29 
596 
980 
454 
849 
491 
562 
216 
291 
295 
258 
942 
637 
10 
846 
710 
417 
91 
369 
73 
471 
476 
915 
39 
196 
575 
995 
1 
331 
628 
84 
460 
979 
537 
468 
338 
658 
905 
893 
976 
947 
296 
584 
1041 
81 
894 
965 
550 
527 
957 
569 
432 
937 
1047 
475 
857 
591 
368 
660 
506 
779 
436 
841 
152 
777 
129 
395 
571 
520 
443 
240 
392 
459 
951 
888 
138 
558 
452 
14 
294 
522 
714 
791 
958 
833 
825 
968 
272 
647 
77 
209 
270 
640 
891 
683 
387 
389 
1045 
89 
462 
901 
391 
131 
111 
790 
324 
104 
28 
109 
622 
754 
1031 
415 
521 
717 
518 
348 
56 
770 
394 
634 
32 
33 
892 
624 
377 
513 
543 
469 
284 
962 
185 
351 
424 
264 
516 
1036 
429 
283 
1008 
1061 
226 
449 
740 
656 
323 
679 
720 
153 
616 
176 
926 
1030 
125 
898 
581 
221 
501 
16 
688 
414 
560 
11 
320 
808 
162 
576 
638 
135 
776 
944 
182 
388 
83 
271 
5 
1050 
691 
248 
568 
816 
349 
19 
267 
163 
308 
847 
767 
611 
975 
1000 
725 
771 
278 
696 
361 
956 
538 
682 
234 
373 
989 
677 
286 
148 
922 
572 
327 
608 
578 
484 
751 
655 
1059 
760 
50 
59 
855 
789 
946 
964 
809 
726 
290 
270 
444 
529 
140 
325 
673 
57 
279 
642 
695 
843 
663 
45 
219 
220 
991 
731 
17 
200 
764 
1007 
579 
27 
1025 
904 
447 
207 
259 
170 
304 
84 
830 
425 
231 
36 
204 
257 
445 
536 
227 
376 
601 
132 
1056 
1026 
205 
8 
367 
952 
710 
614 
829 
23 
977 
400 
814 
328 
681 
900 
15 
867 
796 
1052 
466 
734 
818 
862 
1055 
396 
94 
418 
134 
822 
860 
468 
478 
488 
719 
749 
421 
602 
865 
643 
778 
840 
609 
262 
49 
366 
521 
690 
398 
861 
523 
332 
544 
125 
232 
3 
224 
984 
253 
87 
329 
1019 
930 
737 
765 
461 
599 
711 
73 
256 
66 
55 
928 
54 
732 
775 
202 
943 
172 
391 
564 
722 
210 
799 
167 
81 
236 
703 
798 
1043 
735 
184 
14 
535 
1009 
360 
967 
192 
357 
670 
671 
632 
218 
356 
729 
91 
907 
513 
658 
175 
783 
987 
838 
968 
705 
147 
0 
983 
563 
501 
494 
715 
273 
853 
509 
910 
64 
874 
803 
960 
949 
264 
280 
324 
223 
1049 
550 
74 
657 
631 
330 
152 
1032 
571 
852 
914 
583 
199 
769 
869 
159 
408 
26 
842 
188 
650 
663 
1013 
966 
945 
586 
88 
893 
452 
383 
140 
990 
5 
1039 
348 
790 
1034 
572 
806 
187 
250 
407 
756 
143 
411 
79 
727 
693 
415 
1041 
119 
90 
222 
365 
456 
940 
638 
289 
976 
1060 
382 
574 
785 
347 
453 
161 
439 
473 
395 
469 
269 
605 
520 
364 
857 
30 
92 
399 
103 
410 
284 
626 
632 
313 
679 
827 
248 
777 
388 
648 
286 
761 
237 
963 
392 
9 
320 
973 
554 
239 
431 
336 
137 
373 
811 
195 
196 
529 
684 
127 
164 
238 
29 
307 
797 
522 
296 
664 
1059 
244 
310 
455 
600 
555 
717 
881 
459 
680 
153 
1037 
55 
77 
1014 
996 
440 
628 
618 
919 
1052 
176 
326 
989 
312 
840 
766 
775 
370 
413 
293 
971 
356 
860 
710 
981 
1030 
839 
898 
233 
507 
353 
1019 
447 
779 
383 
764 
460 
560 
47 
355 
357 
61 
928 
282 
234 
810 
417 
376 
292 
458 
953 
124 
1038 
1023 
859 
387 
465 
685 
295 
358 
5 
671 
141 
115 
67 
784 
681 
50 
689 
475 
918 
279 
76 
888 
721 
542 
1010 
258 
424 
758 
419 
51 
837 
262 
861 
125 
903 
994 
565 
100 
112 
687 
58 
294 
422 
504 
738 
56 
215 
219 
23 
519 
793 
838 
706 
1015 
452 
616 
97 
924 
539 
732 
315 
393 
220 
983 
105 
609 
871 
333 
750 
684 
607 
804 
13 
27 
433 
288 
461 
467 
1016 
739 
147 
627 
63 
547 
712 
905 
1032 
472 
143 
658 
299 
530 
391 
913 
32 
206 
914 
1051 
633 
725 
128 
842 
998 
414 
1046 
999 
249 
199 
579 
754 
748 
820 
24 
965 
477 
832 
168 
362 
351 
492 
865 
959 
1018 
225 
654 
107 
350 
371 
1004 
1009 
335 
486 
442 
305 
581 
474 
90 
996 
293 
916 
1048 
80 
329 
893 
697 
980 
8 
65 
978 
325 
117 
42 
962 
646 
720 
202 
301 
592 
741 
622 
229 
307 
281 
961 
742 
401 
418 
372 
535 
145 
815 
399 
597 
310 
352 
430 
709 
431 
576 
772 
487 
620 
484 
510 
970 
421 
381 
84 
703 
321 
588 
554 
1012 
574 
753 
543 
406 
270 
677 
403 
602 
177 
438 
259 
337 
911 
817 
564 
7 
1058 
1026 
822 
43 
71 
213 
976 
1047 
83 
531 
780 
525 
835 
551 
263 
18 
133 
545 
265 
1043 
617 
917 
244 
649 
713 
318 
238 
837 
804 
529 
410 
841 
188 
606 
390 
340 
988 
702 
300 
566 
411 
758 
409 
1003 
224 
1005 
237 
149 
311 
242 
274 
661 
688 
40 
92 
232 
760 
194 
1013 
100 
779 
485 
700 
552 
521 
57 
417 
644 
450 
538 
1059 
973 
737 
989 
282 
608 
435 
253 
4 
412 
1056 
333 
167 
951 
707 
847 
506 
985 
791 
99 
217 
364 
892 
678 
745 
16 
436 
628 
181 
130 
546 
839 
1027 
899 
560 
153 
555 
979 
49 
155 
252 
398 
994 
500 
54 
570 
474 
497 
366 
247 
429 
396 
360 
706 
136 
666 
776 
127 
942 
456 
936 
151 
580 
605 
241 
1044 
195 
1057 
257 
966 
832 
425 
122 
615 
444 
1051 
55 
807 
445 
671 
427 
717 
658 
961 
80 
246 
755 
777 
516 
848 
881 
15 
1025 
949 
548 
175 
391 
567 
641 
827 
342 
903 
25 
471 
1053 
461 
557 
504 
245 
211 
858 
165 
324 
550 
203 
879 
509 
233 
93 
20 
922 
354 
1022 
647 
673 
74 
693 
944 
275 
652 
829 
222 
938 
585 
769 
720 
8 
539 
594 
17 
562 
824 
582 
336 
347 
262 
953 
154 
308 
1012 
499 
630 
115 
405 
186 
31 
783 
919 
168 
62 
541 
1001 
0 
294 
248 
284 
430 
694 
945 
800 
345 
228 
763 
729 
341 
28 
818 
588 
383 
95 
815 
886 
1047 
674 
216 
989 
387 
1034 
179 
624 
1000 
864 
728 
508 
1003 
1052 
63 
479 
649 
107 
370 
1018 
995 
889 
212 
351 
587 
843 
893 
986 
260 
618 
554 
767 
523 
627 
748 
263 
931 
1039 
969 
399 
382 
712 
191 
602 
298 
977 
457 
511 
37 
192 
680 
428 
53 
679 
711 
46 
950 
4 
806 
611 
408 
339 
648 
420 
98 
149 
615 
58 
1058 
708 
890 
362 
1057 
871 
959 
861 
787 
846 
608 
331 
350 
509 
971 
909 
752 
389 
934 
606 
359 
981 
449 
330 
217 
47 
137 
295 
840 
532 
772 
353 
1002 
407 
536 
718 
80 
662 
401 
435 
593 
911 
69 
395 
355 
757 
671 
379 
1040 
49 
470 
434 
979 
159 
574 
891 
458 
406 
747 
187 
67 
521 
86 
234 
349 
612 
156 
510 
1038 
52 
70 
579 
607 
495 
591 
942 
686 
16 
994 
800 
993 
617 
524 
902 
200 
893 
78 
706 
73 
154 
660 
361 
684 
717 
844 
506 
795 
437 
294 
264 
605 
518 
962 
492 
832 
237 
737 
373 
396 
105 
781 
190 
104 
922 
947 
918 
342 
228 
1041 
142 
1031 
306 
808 
315 
343 
988 
679 
622 
254 
411 
661 
769 
640 
39 
790 
601 
12 
117 
847 
631 
973 
1017 
958 
928 
176 
452 
693 
788 
829 
461 
966 
916 
304 
531 
515 
209 
460 
99 
548 
842 
618 
148 
907 
652 
118 
992 
1005 
855 
408 
986 
109 
459 
586 
659 
798 
157 
384 
884 
793 
837 
782 
517 
614 
1054 
413 
445 
301 
194 
551 
974 
423 
346 
305 
738 
778 
933 
689 
48 
876 
152 
276 
639 
1061 
440 
573 
13 
44 
83 
904 
850 
728 
638 
327 
692 
233 
77 
345 
122 
1042 
275 
11 
577 
664 
245 
491 
560 
830 
216 
490 
854 
730 
407 
416 
754 
259 
183 
685 
1011 
288 
708 
263 
943 
167 
225 
171 
872 
191 
166 
106 
762 
421 
3 
455 
211 
53 
195 
637 
836 
212 
999 
363 
270 
282 
249 
935 
350 
797 
642 
124 
1026 
512 
388 
272 
929 
529 
720 
594 
1025 
134 
623 
540 
1028 
412 
770 
581 
274 
856 
250 
752 
5 
600 
641 
55 
628 
253 
449 
739 
290 
538 
18 
111 
1036 
501 
383 
711 
264 
419 
735 
351 
674 
42 
243 
30 
293 
773 
713 
774 
589 
81 
772 
102 
9 
475 
874 
494 
627 
234 
308 
1051 
996 
389 
993 
188 
476 
364 
824 
220 
614 
901 
527 
417 
353 
528 
299 
952 
678 
280 
339 
988 
469 
897 
229 
970 
158 
145 
756 
113 
865 
129 
695 
98 
20 
743 
333 
651 
1014 
267 
626 
8 
537 
955 
74 
873 
569 
477 
926 
792 
921 
604 
1038 
334 
76 
472 
116 
523 
738 
51 
833 
386 
511 
108 
240 
820 
43 
465 
254 
201 
26 
342 
927 
938 
1019 
666 
941 
36 
429 
605 
631 
573 
671 
685 
174 
162 
410 
850 
718 
359 
179 
279 
193 
103 
696 
499 
611 
73 
464 
615 
753 
869 
1022 
565 
804 
976 
954 
497 
268 
331 
210 
949 
507 
403 
500 
433 
283 
652 
397 
892 
164 
676 
2 
1013 
155 
88 
1016 
633 
348 
69 
821 
490 
405 
227 
247 
714 
225 
983 
322 
449 
917 
100 
286 
662 
609 
644 
1059 
522 
910 
365 
1049 
621 
457 
226 
454 
710 
1058 
373 
915 
428 
288 
180 
23 
597 
332 
432 
571 
181 
895 
715 
959 
1025 
183 
629 
728 
772 
580 
115 
137 
303 
396 
658 
787 
39 
470 
558 
414 
1054 
236 
56 
904 
826 
66 
471 
10 
1034 
401 
442 
64 
157 
1029 
569 
313 
659 
207 
719 
592 
385 
479 
563 
49 
172 
730 
934 
677 
544 
328 
159 
590 
82 
316 
372 
561 
223 
958 
465 
12 
1000 
424 
209 
797 
858 
166 
205 
491 
908 
622 
169 
156 
526 
650 
214 
145 
978 
18 
760 
649 
795 
987 
275 
1057 
344 
148 
482 
366 
387 
994 
808 
855 
314 
779 
485 
493 
922 
220 
295 
564 
83 
1033 
903 
503 
278 
968 
966 
1030 
578 
852 
423 
30 
567 
346 
358 
941 
756 
837 
603 
349 
356 
337 
716 
824 
309 
270 
195 
990 
559 
55 
682 
883 
821 
509 
428 
307 
411 
763 
336 
519 
774 
834 
907 
380 
7 
293 
697 
888 
86 
357 
1008 
21 
150 
197 
634 
277 
1055 
722 
110 
624 
455 
783 
89 
1015 
481 
646 
568 
439 
102 
547 
609 
892 
894 
334 
231 
849 
565 
680 
17 
859 
732 
790 
645 
1060 
361 
122 
94 
689 
961 
416 
870 
229 
181 
657 
332 
147 
939 
5 
753 
864 
141 
106 
284 
719 
664 
377 
536 
754 
15 
162 
623 
996 
221 
461 
444 
1024 
441 
710 
282 
434 
451 
460 
383 
660 
367 
729 
570 
993 
909 
34 
1047 
670 
217 
610 
327 
45 
1004 
831 
402 
512 
886 
2 
619 
794 
323 
858 
280 
658 
921 
71 
142 
287 
480 
400 
714 
505 
134 
818 
733 
69 
850 
137 
403 
64 
979 
633 
1023 
1022 
537 
442 
224 
139 
107 
1051 
29 
632 
869 
191 
123 
533 
315 
550 
414 
717 
467 
399 
521 
760 
212 
33 
647 
25 
308 
860 
225 
266 
190 
1061 
243 
328 
694 
144 
931 
37 
72 
682 
183 
540 
906 
488 
691 
624 
364 
504 
854 
299 
757 
164 
923 
649 
957 
575 
808 
42 
44 
896 
617 
661 
125 
828 
745 
846 
1049 
593 
511 
793 
662 
468 
262 
376 
276 
590 
959 
41 
298 
329 
393 
425 
574 
812 
234 
1002 
113 
666 
651 
249 
6 
446 
958 
824 
396 
560 
382 
643 
352 
630 
642 
188 
548 
250 
794 
54 
999 
687 
899 
843 
874 
1027 
1030 
20 
613 
122 
14 
156 
207 
466 
1060 
604 
283 
440 
215 
603 
611 
536 
345 
935 
1059 
1056 
2 
829 
585 
165 
1053 
626 
561 
988 
319 
863 
806 
940 
799 
803 
388 
851 
939 
102 
862 
158 
205 
581 
706 
941 
315 
665 
279 
499 
89 
437 
349 
820 
464 
151 
133 
380 
901 
907 
1050 
518 
429 
282 
172 
55 
903 
27 
695 
725 
285 
405 
394 
493 
564 
99 
306 
553 
106 
407 
952 
33 
686 
470 
174 
523 
554 
441 
390 
146 
490 
898 
936 
220 
288 
1042 
639 
211 
742 
291 
660 
826 
118 
418 
1023 
598 
610 
1013 
845 
646 
733 
184 
676 
947 
758 
426 
912 
727 
734 
52 
255 
767 
530 
531 
778 
435 
869 
476 
768 
751 
753 
419 
991 
392 
979 
883 
798 
136 
730 
413 
149 
250 
934 
972 
669 
293 
868 
292 
855 
258 
605 
1031 
386 
28 
737 
674 
333 
513 
549 
678 
735 
978 
797 
677 
246 
547 
519 
21 
233 
268 
580 
153 
18 
10 
225 
403 
101 
815 
593 
853 
96 
410 
615 
507 
154 
61 
631 
9 
308 
752 
259 
14 
138 
763 
479 
962 
276 
53 
840 
1022 
759 
1006 
378 
253 
484 
939 
827 
876 
570 
825 
630 
886 
196 
239 
312 
76 
685 
599 
811 
1039 
281 
363 
428 
87 
943 
427 
494 
508 
90 
526 
370 
1056 
126 
682 
40 
591 
920 
917 
711 
157 
576 
62 
335 
249 
572 
908 
703 
705 
795 
837 
892 
303 
366 
415 
832 
859 
155 
937 
1057 
377 
550 
602 
1029 
266 
166 
938 
445 
970 
596 
982 
135 
813 
652 
967 
688 
992 
600 
506 
839 
1038 
573 
1004 
636 
648 
783 
638 
360 
199 
29 
322 
221 
387 
51 
268 
408 
637 
895 
663 
23 
454 
984 
147 
697 
1053 
382 
702 
969 
546 
583 
606 
460 
796 
352 
237 
489 
50 
424 
273 
747 
558 
949 
340 
532 
434 
264 
620 
211 
854 
127 
195 
512 
242 
438 
345 
111 
709 
758 
589 
1010 
986 
736 
957 
862 
182 
822 
864 
618 
75 
490 
1034 
673 
741 
138 
541 
809 
193 
379 
119 
1016 
597 
766 
376 
640 
725 
95 
712 
1027 
46 
1003 
612 
423 
782 
933 
915 
983 
888 
985 
471 
353 
263 
649 
617 
249 
468 
959 
777 
437 
946 
993 
113 
961 
1014 
635 
549 
85 
619 
272 
753 
411 
310 
313 
871 
269 
452 
568 
349 
863 
960 
284 
49 
1018 
163 
650 
98 
693 
324 
687 
1035 
366 
884 
16 
187 
299 
515 
861 
117 
83 
810 
230 
1017 
972 
738 
508 
587 
525 
856 
799 
365 
882 
146 
744 
445 
511 
607 
105 
481 
999 
683 
743 
560 
828 
3 
577 
847 
453 
918 
474 
517 
726 
32 
498 
772 
305 
839 
919 
413 
710 
965 
505 
152 
588 
253 
458 
203 
995 
519 
823 
722 
8 
186 
493 
790 
135 
966 
876 
410 
958 
770 
951 
1030 
657 
432 
1031 
407 
204 
1 
116 
319 
704 
872 
894 
222 
431 
64 
34 
404 
601 
940 
202 
427 
412 
594 
440 
171 
89 
1056 
948 
550 
354 
796 
77 
323 
308 
97 
892 
337 
279 
1061 
897 
1052 
43 
581 
720 
962 
934 
1044 
719 
831 
527 
259 
19 
509 
984 
837 
915 
1024 
840 
943 
2 
898 
1060 
827 
506 
488 
377 
558 
745 
393 
888 
118 
733 
939 
108 
921 
1041 
291 
223 
825 
313 
757 
717 
732 
371 
369 
414 
70 
542 
576 
399 
61 
703 
520 
562 
680 
767 
677 
39 
749 
425 
878 
1000 
512 
955 
373 
691 
645 
1028 
341 
18 
349 
15 
251 
154 
227 
765 
901 
1009 
922 
611 
107 
249 
531 
729 
37 
99 
391 
1038 
408 
423 
364 
195 
746 
11 
575 
490 
583 
627 
124 
926 
792 
910 
436 
383 
1049 
178 
1045 
561 
136 
191 
301 
546 
1033 
864 
753 
596 
754 
952 
654 
103 
905 
344 
67 
715 
569 
84 
428 
895 
480 
247 
639 
670 
606 
245 
705 
111 
271 
817 
389 
397 
933 
815 
1053 
940 
337 
504 
566 
501 
156 
522 
875 
718 
7 
443 
190 
999 
614 
28 
372 
438 
310 
415 
24 
813 
343 
384 
320 
906 
42 
315 
612 
964 
338 
804 
555 
137 
879 
489 
304 
908 
916 
866 
973 
1057 
21 
622 
237 
419 
830 
38 
353 
283 
584 
168 
286 
449 
550 
355 
872 
486 
385 
210 
560 
115 
533 
630 
96 
406 
1026 
669 
800 
345 
16 
785 
727 
235 
506 
375 
391 
426 
758 
502 
662 
260 
503 
187 
958 
205 
778 
294 
193 
1031 
268 
497 
928 
325 
491 
688 
333 
299 
693 
198 
436 
565 
554 
17 
143 
73 
956 
968 
107 
974 
246 
39 
33 
182 
35 
75 
927 
396 
284 
971 
625 
772 
959 
955 
404 
996 
681 
788 
204 
868 
109 
63 
510 
263 
1005 
160 
711 
421 
452 
445 
771 
55 
274 
125 
696 
431 
72 
634 
106 
336 
412 
891 
946 
475 
621 
796 
67 
779 
528 
689 
600 
379 
462 
481 
318 
48 
810 
529 
737 
303 
403 
1025 
18 
155 
632 
219 
740 
467 
937 
783 
377 
20 
573 
706 
642 
108 
500 
482 
809 
23 
272 
459 
820 
890 
592 
538 
901 
724 
369 
312 
69 
516 
799 
776 
276 
643 
578 
552 
980 
1003 
1013 
824 
457 
729 
302 
660 
562 
416 
1020 
535 
730 
932 
280 
763 
30 
960 
309 
273 
878 
258 
138 
761 
514 
370 
568 
173 
46 
422 
570 
832 
785 
297 
111 
292 
266 
95 
906 
4 
288 
540 
380 
148 
88 
291 
734 
142 
172 
24 
673 
992 
846 
206 
745 
825 
208 
637 
882 
490 
328 
631 
657 
921 
794 
99 
605 
807 
923 
110 
493 
534 
873 
122 
417 
658 
769 
324 
695 
1015 
448 
240 
355 
1044 
896 
450 
518 
818 
840 
1006 
281 
647 
1054 
40 
979 
86 
738 
797 
569 
902 
511 
682 
970 
576 
203 
939 
866 
68 
123 
33 
481 
680 
322 
893 
719 
897 
213 
177 
279 
269 
591 
698 
143 
161 
905 
872 
972 
778 
451 
686 
982 
235 
67 
26 
261 
531 
289 
1050 
530 
1017 
1003 
91 
49 
845 
58 
276 
885 
929 
349 
515 
220 
930 
969 
182 
332 
721 
85 
201 
766 
1023 
907 
199 
347 
672 
285 
363 
345 
255 
527 
1048 
464 
479 
681 
323 
37 
1057 
342 
226 
210 
424 
700 
590 
112 
814 
697 
366 
365 
1018 
596 
868 
469 
936 
991 
953 
660 
360 
311 
708 
125 
150 
491 
707 
1019 
626 
19 
560 
368 
8 
711 
819 
48 
419 
250 
744 
651 
850 
389 
746 
416 
92 
307 
456 
599 
263 
447 
83 
563 
745 
808 
87 
1056 
796 
987 
300 
684 
551 
94 
155 
601 
270 
631 
715 
26 
197 
774 
799 
1008 
108 
338 
526 
694 
741 
310 
586 
284 
665 
887 
256 
773 
372 
127 
392 
907 
116 
559 
768 
214 
43 
452 
664 
175 
207 
908 
989 
895 
843 
789 
107 
503 
433 
1026 
875 
692 
857 
249 
867 
727 
470 
944 
728 
148 
726 
1036 
353 
547 
973 
883 
