0.012700 
0.017600 
0.018900 
0.022300 
0.022800 
0.025100 
0.025100 
0.031000 
0.037500 
0.040000 
0.041600 
0.043300 
0.043700 
0.044800 
0.055300 
0.056500 
0.060000 
0.060800 
0.061000 
0.068300 
0.075900 
0.078500 
0.080700 
0.086400 
0.086600 
0.087600 
0.091100 
0.093100 
0.093400 
0.094800 
0.097100 
0.098200 
0.099300 
0.101100 
0.102700 
0.103300 
0.104400 
0.108800 
0.109300 
0.110200 
0.110900 
0.111600 
0.112600 
0.112700 
0.113500 
0.113600 
0.115500 
0.115700 
0.117900 
0.120000 
0.126500 
0.131500 
0.131700 
0.132300 
0.133900 
0.136300 
0.137900 
0.140400 
0.142400 
0.144900 
0.146200 
0.146300 
0.146800 
0.149800 
0.150200 
0.153100 
0.154800 
0.156600 
0.156600 
0.159600 
0.160200 
0.161100 
0.163200 
0.164700 
0.166700 
0.167400 
0.168000 
0.172000 
0.173900 
0.174600 
0.177900 
0.178200 
0.178800 
0.179000 
0.179500 
0.181200 
0.181900 
0.182400 
0.183500 
0.185700 
0.187400 
0.188000 
0.188800 
0.189100 
0.192400 
0.195700 
0.197700 
0.202600 
0.204400 
0.207000 
0.210900 
0.213700 
0.215600 
0.215800 
0.218400 
0.219400 
0.223700 
0.225800 
0.227200 
0.230100 
0.233700 
0.234300 
0.234900 
0.239100 
0.240000 
0.240100 
0.241400 
0.247600 
0.248100 
0.249000 
0.250400 
0.252100 
0.252700 
0.254200 
0.255700 
0.256800 
0.256800 
0.257600 
0.262900 
0.263400 
0.264200 
0.264800 
0.268800 
0.269000 
0.270700 
0.271400 
0.271400 
0.280400 
0.282500 
0.283100 
0.284700 
0.285800 
0.286500 
0.288400 
0.289000 
0.291000 
0.293100 
0.293600 
0.294400 
0.296800 
0.299100 
0.300100 
0.301200 
0.301300 
0.302600 
0.303700 
0.304000 
0.320900 
0.323400 
0.324100 
0.324100 
0.328400 
0.338500 
0.342300 
0.342500 
0.343300 
0.345400 
0.346000 
0.347300 
0.348100 
0.348500 
0.351300 
0.353000 
0.355100 
0.357300 
0.359900 
0.361700 
0.362600 
0.362800 
0.364100 
0.367400 
0.368500 
0.369700 
0.370100 
0.370800 
0.371900 
0.375200 
0.375800 
0.376600 
0.377200 
0.384500 
0.384800 
0.385000 
0.386200 
0.388000 
0.389400 
0.394500 
0.394900 
0.399300 
0.401000 
0.401100 
0.401500 
0.402200 
0.403600 
0.404600 
0.404800 
0.406600 
0.406800 
0.412100 
0.415300 
0.416900 
0.417200 
0.419400 
0.420300 
0.421800 
0.422400 
0.424600 
0.424600 
0.426100 
0.430800 
0.432500 
0.433100 
0.437300 
0.439400 
0.440100 
0.440500 
0.443600 
0.446400 
0.448400 
0.449300 
0.449800 
0.451500 
0.452600 
0.456600 
0.457100 
0.458200 
0.460100 
0.463000 
0.464800 
0.468100 
0.469000 
0.471100 
0.475000 
0.475500 
0.476200 
0.477000 
0.477000 
0.480800 
0.482200 
0.482900 
0.487100 
0.487100 
0.490000 
0.490100 
0.493100 
0.493400 
0.494400 
0.496200 
0.496400 
0.498800 
0.500700 
0.501000 
0.502000 
0.506400 
0.506500 
0.506600 
0.508400 
0.512200 
0.515700 
0.516900 
0.518000 
0.520600 
0.521300 
0.522800 
0.525400 
0.526700 
0.527600 
0.527700 
0.531300 
0.532000 
0.540900 
0.543700 
0.543900 
0.545400 
0.547900 
0.549200 
0.549300 
0.550400 
0.551500 
0.553000 
0.553800 
0.556400 
0.557800 
0.565300 
0.567300 
0.568100 
0.568400 
0.568600 
0.569800 
0.573900 
0.574100 
0.580800 
0.581100 
0.583600 
0.584300 
0.589000 
0.589700 
0.593400 
0.594600 
0.595600 
0.596500 
0.601100 
0.602300 
0.602600 
0.604400 
0.611500 
0.612600 
0.614000 
0.616300 
0.617100 
0.618000 
0.619900 
0.620400 
0.623600 
0.624900 
0.629400 
0.632100 
0.634400 
0.634500 
0.639700 
0.641300 
0.645100 
0.646400 
0.647200 
0.650400 
0.656900 
0.657200 
0.657600 
0.658000 
0.660700 
0.661200 
0.664400 
0.667500 
0.667600 
0.667800 
0.670900 
0.674900 
0.675100 
0.675600 
0.676700 
0.677800 
0.677900 
0.679800 
0.679800 
0.683800 
0.689300 
0.690600 
0.692300 
0.698500 
0.703700 
0.706500 
0.706600 
0.707500 
0.707800 
0.708400 
0.709400 
0.711500 
0.712000 
0.712700 
0.714300 
0.714500 
0.717100 
0.717400 
0.718600 
0.720600 
0.723500 
0.727000 
0.729300 
0.729800 
0.730700 
0.732500 
0.738000 
0.739800 
0.740300 
0.740500 
0.743300 
0.748600 
0.750600 
0.750800 
0.751000 
0.752600 
0.759800 
0.760500 
0.764500 
0.766500 
0.772000 
0.772600 
0.772800 
0.773000 
0.773600 
0.774700 
0.775800 
0.777000 
0.777700 
0.777900 
0.778200 
0.779600 
0.780300 
0.783600 
0.784100 
0.791100 
0.791400 
0.794600 
0.794900 
0.796100 
0.798600 
0.802600 
0.804700 
0.804800 
0.805700 
0.809400 
0.810000 
0.810200 
0.812100 
0.812300 
0.812600 
0.813100 
0.813500 
0.813500 
0.822700 
0.826800 
0.828800 
0.829500 
0.830000 
0.832400 
0.835600 
0.838900 
0.840000 
0.841700 
0.842900 
0.845200 
0.850600 
0.851800 
0.857900 
0.858600 
0.859200 
0.859400 
0.861300 
0.861500 
0.863300 
0.865000 
0.866700 
0.867300 
0.868700 
0.870900 
0.871600 
0.872300 
0.873000 
0.878500 
0.879300 
0.880200 
0.882800 
0.883900 
0.889900 
0.901100 
0.905900 
0.910300 
0.910500 
0.911500 
0.911600 
0.913200 
0.913500 
0.913700 
0.914900 
0.917400 
0.917500 
0.917800 
0.917900 
0.919600 
0.919900 
0.920200 
0.925000 
0.926200 
0.927600 
0.931700 
0.934500 
0.936500 
0.936600 
0.936900 
0.939000 
0.941500 
0.945000 
0.946100 
0.947500 
0.948800 
0.949600 
0.950900 
0.951800 
0.953600 
0.953800 
0.956000 
0.956600 
0.959800 
0.962100 
0.963100 
0.965700 
0.966500 
0.968700 
0.968800 
0.970900 
0.976000 
0.984500 
0.984600 
0.984600 
0.989800 
0.990500 
0.991700 
0.993800 
0.995200 
0.995400 
0.996500 
0.998100 
0.999000 
1.000900 
1.001100 
1.001400 
1.002300 
1.003600 
1.004100 
1.006500 
1.011300 
1.012900 
1.013300 
1.013500 
1.014800 
1.016300 
1.017600 
1.020500 
1.021200 
1.024000 
1.024200 
1.025700 
1.026200 
1.027000 
1.029600 
1.030300 
1.031000 
1.033300 
1.037800 
1.041100 
1.042200 
1.045800 
1.048600 
1.048600 
1.050600 
1.051700 
1.053000 
1.054400 
1.054900 
1.059800 
1.061000 
1.061600 
1.062400 
1.064000 
1.065500 
1.065800 
1.065900 
1.066000 
1.067400 
1.070700 
1.071100 
1.074800 
1.075500 
1.076300 
1.078900 
1.082500 
1.084200 
1.084400 
1.085500 
1.086200 
1.087300 
1.087400 
1.088000 
1.089000 
1.090000 
1.091200 
1.091500 
1.092600 
1.094500 
1.094600 
1.095000 
1.095500 
1.097300 
1.098300 
1.100600 
1.101800 
1.103000 
1.103200 
1.105300 
1.111400 
1.111500 
1.114700 
1.115000 
1.115400 
1.115500 
1.115800 
1.119300 
1.120000 
1.121400 
1.123000 
1.127200 
1.127400 
1.127700 
1.130800 
1.131800 
1.132000 
1.132100 
1.132400 
1.132600 
1.132800 
1.133000 
1.136100 
1.136900 
1.137500 
1.137900 
1.140300 
1.142300 
1.146000 
1.147200 
1.147500 
1.150000 
1.151100 
1.152500 
1.153400 
1.153600 
1.157400 
1.157400 
1.158700 
1.158800 
1.158900 
1.159800 
1.161100 
1.162200 
1.162900 
1.163500 
1.164700 
1.165700 
1.165900 
1.168000 
1.170100 
1.171000 
1.171100 
1.172100 
1.172800 
1.173200 
1.176000 
1.176600 
1.177300 
1.183400 
1.186000 
1.187400 
1.189800 
1.189900 
1.190200 
1.191100 
1.195900 
1.196000 
1.196100 
1.197200 
1.198200 
1.199800 
1.201100 
1.203100 
1.203400 
1.203800 
1.206600 
1.207400 
1.209300 
1.214600 
1.217500 
1.218700 
1.218800 
1.219000 
1.220700 
1.223600 
1.224000 
1.226000 
1.226800 
1.228000 
1.229300 
1.229500 
1.230000 
1.230200 
1.232100 
1.232900 
1.233400 
1.235700 
1.236700 
1.238800 
1.239300 
1.239400 
1.240100 
1.241600 
1.242400 
1.244600 
1.245000 
1.245700 
1.246400 
1.247100 
1.249400 
1.249800 
1.250400 
1.250800 
1.251200 
1.252000 
1.253000 
1.254900 
1.255400 
1.258900 
1.259400 
1.261500 
1.262100 
1.262800 
1.263200 
1.263300 
1.263300 
1.266100 
1.270600 
1.270700 
1.271700 
1.273500 
1.273800 
1.275000 
1.275000 
1.275700 
1.276400 
1.276700 
1.276700 
1.277700 
1.278100 
1.278400 
1.279100 
1.280500 
1.281200 
1.281700 
1.281800 
1.282600 
1.282700 
1.284200 
1.284700 
1.285400 
1.287400 
1.288200 
1.290100 
1.291600 
1.292200 
1.293700 
1.296100 
1.298400 
1.299300 
1.301000 
1.303500 
1.305900 
1.308100 
1.308600 
1.311400 
1.312400 
1.312700 
1.313900 
1.315500 
1.316300 
1.318100 
1.319500 
1.319700 
1.321200 
1.321800 
1.323400 
1.324900 
1.325800 
1.326100 
1.326500 
1.327900 
1.328300 
1.328500 
1.328700 
1.329500 
1.329900 
1.333200 
1.333300 
1.334500 
1.336100 
1.339000 
1.339400 
1.341500 
1.341700 
1.342900 
1.344600 
1.344800 
1.349400 
1.350200 
1.350300 
1.352100 
1.356300 
1.357800 
1.360000 
1.361600 
1.363200 
1.363500 
1.363700 
1.365900 
1.369000 
1.369200 
1.371300 
1.372400 
1.374000 
1.375300 
1.375800 
1.377700 
1.378200 
1.378600 
1.378700 
1.378700 
1.379600 
1.381300 
1.382700 
1.383100 
1.383100 
1.387700 
1.387700 
1.388500 
1.389100 
1.389700 
1.391300 
1.391500 
1.392400 
1.394400 
1.395400 
1.396200 
1.397700 
1.398700 
1.399200 
1.399800 
1.400600 
1.402100 
1.406200 
1.407600 
1.407700 
1.408200 
1.409000 
1.411300 
1.411800 
1.414600 
1.414700 
1.415100 
1.415400 
1.418200 
1.418500 
1.418700 
1.419000 
1.419200 
1.419400 
1.419700 
1.422700 
1.422900 
1.423000 
1.425200 
1.426000 
1.426100 
1.428700 
1.429600 
1.430500 
1.433900 
1.437000 
1.437400 
1.437600 
1.438300 
1.439400 
1.440800 
1.442100 
1.442700 
1.443900 
1.443900 
1.447000 
1.448700 
1.449100 
1.451300 
1.451300 
1.451700 
1.452600 
1.453800 
1.454000 
1.454600 
1.454900 
1.455600 
1.459300 
1.460500 
1.466500 
1.466600 
1.468300 
1.468400 
1.468500 
1.468800 
1.471800 
1.472300 
1.472500 
1.475900 
1.476400 
1.476900 
1.478300 
1.478600 
1.479100 
1.479300 
1.480900 
1.481900 
1.482800 
1.483200 
1.483500 
1.484800 
1.485500 
1.486100 
1.486500 
1.488100 
1.488800 
1.490100 
1.492200 
1.492400 
1.492500 
1.494400 
1.496800 
1.497000 
1.498000 
1.499300 
1.500100 
1.503300 
1.503600 
1.504200 
1.505600 
1.505900 
1.506300 
1.507100 
1.508800 
1.509600 
1.511200 
1.512400 
1.515100 
1.515100 
1.516000 
1.516300 
1.519500 
1.521300 
1.524300 
1.525500 
1.526400 
1.529600 
1.531500 
1.532200 
1.532400 
1.532500 
1.533100 
1.533700 
1.533700 
1.534300 
1.536700 
1.537100 
1.538900 
1.540400 
1.541900 
1.543800 
1.545000 
1.547200 
1.547800 
1.549200 
1.549300 
1.549500 
1.550300 
1.550700 
1.551600 
1.553500 
1.555400 
1.555800 
1.556600 
1.556600 
1.556900 
1.557700 
1.558800 
1.560600 
1.561300 
1.562600 
1.563300 
1.563300 
1.564200 
1.564600 
1.565200 
1.565500 
1.566100 
1.566500 
1.566700 
1.567300 
1.568700 
1.568800 
1.569000 
1.569000 
1.570500 
1.570800 
1.571500 
1.572800 
1.572800 
1.573000 
1.574400 
1.576200 
1.578100 
1.578200 
1.579400 
1.579800 
1.580000 
1.580200 
1.583100 
1.583300 
1.583500 
1.585600 
1.586300 
1.589000 
1.590000 
1.590600 
1.594800 
1.596200 
1.596600 
1.596700 
1.596800 
1.597000 
1.600400 
1.601200 
1.601500 
1.603100 
1.603300 
1.603800 
1.604300 
1.604700 
1.608300 
1.609400 
1.610600 
1.610800 
1.610800 
1.611500 
1.612000 
1.613200 
1.613600 
1.615000 
1.615300 
1.616400 
1.618000 
1.618200 
1.618500 
1.621300 
1.621500 
1.623000 
1.623700 
1.623900 
1.624700 
1.625300 
1.625400 
1.625600 
1.627200 
1.628100 
1.628600 
1.628700 
1.629700 
1.630500 
1.634400 
1.634700 
1.636800 
1.637800 
1.639500 
1.640800 
1.641000 
1.642900 
1.642900 
1.648800 
1.649300 
1.650000 
1.650900 
1.652300 
1.653700 
1.654000 
1.654100 
1.657000 
1.658700 
1.660700 
1.662400 
1.662900 
1.663800 
1.665300 
1.665500 
1.666300 
1.666800 
1.666900 
1.667800 
1.668500 
1.669100 
1.671200 
1.671800 
1.672400 
1.672900 
1.673800 
1.681300 
1.683000 
1.686100 
1.686800 
1.689000 
1.689300 
1.689400 
1.689400 
1.689400 
1.690400 
1.694100 
1.694800 
1.697100 
1.697700 
1.698200 
1.698800 
1.699600 
1.701200 
1.702100 
1.702600 
1.702800 
1.704900 
1.706100 
1.706500 
1.707300 
1.707900 
1.714300 
1.716400 
1.716400 
1.716800 
1.719600 
1.720200 
1.720800 
1.723100 
1.723600 
1.725100 
1.725300 
1.725500 
1.726200 
1.727300 
1.727900 
1.728600 
1.728900 
1.729800 
1.729800 
1.730000 
1.730000 
1.730300 
1.732100 
1.732400 
1.734400 
1.735500 
1.738300 
1.739500 
1.739900 
1.740400 
1.741800 
1.744200 
1.744600 
1.744900 
1.745000 
1.745200 
1.747500 
1.748100 
1.748200 
1.748600 
1.750500 
1.752100 
1.752700 
1.752700 
1.753100 
1.755500 
1.755900 
1.756700 
1.757200 
1.758400 
1.759900 
1.760300 
1.760900 
1.761000 
1.762300 
1.762400 
1.762600 
1.763100 
1.766600 
1.767200 
1.767500 
1.767900 
1.768800 
1.769000 
1.769600 
1.771300 
1.774800 
1.776800 
1.777600 
1.779400 
1.779600 
1.780700 
1.782400 
1.783500 
1.783800 
1.783800 
1.783800 
1.785500 
1.786300 
1.787900 
1.787900 
1.788900 
1.789300 
1.792100 
1.793500 
1.793600 
1.794200 
1.795100 
1.795900 
1.797800 
1.798400 
1.799600 
1.801200 
1.801500 
1.803500 
1.804200 
1.806700 
1.806900 
1.810600 
1.812200 
1.813300 
1.813300 
1.814000 
1.814900 
1.815800 
1.819400 
1.819800 
1.820900 
1.821000 
1.822100 
1.822500 
1.823500 
1.823700 
1.824500 
1.825500 
1.826000 
1.827900 
1.828900 
1.829100 
1.829900 
1.831200 
1.833700 
1.838000 
1.838500 
1.838800 
1.840500 
1.841100 
1.841800 
1.843000 
1.843000 
1.843100 
1.843500 
1.845100 
1.847700 
1.848600 
1.848800 
1.849700 
1.850000 
1.850800 
1.851000 
1.851200 
1.855300 
1.855500 
1.856400 
1.856500 
1.858700 
1.860800 
1.860900 
1.864000 
1.865600 
1.865800 
1.865800 
1.866700 
1.868800 
1.870100 
1.873000 
1.876300 
1.877400 
1.877400 
1.877700 
1.880100 
1.881400 
1.883900 
1.885200 
1.885800 
1.886900 
1.887900 
1.889600 
1.889700 
1.889700 
1.891200 
1.891300 
1.891700 
1.892400 
1.893300 
1.893700 
1.893800 
1.894200 
1.894400 
1.894900 
1.900000 
1.900600 
1.904400 
1.905500 
1.908400 
1.908900 
1.910300 
1.911000 
1.911100 
1.911200 
1.911200 
1.911400 
1.912000 
1.915000 
1.916200 
1.916300 
1.917300 
1.917500 
1.917600 
1.919600 
1.919700 
1.919700 
1.919900 
1.920100 
1.921000 
1.923300 
1.923500 
1.923800 
1.924000 
1.925300 
1.925800 
1.927800 
1.928600 
1.932100 
1.932200 
1.932400 
1.932700 
1.932800 
1.933000 
1.935100 
1.937000 
1.937100 
1.938600 
1.938700 
1.938900 
1.938900 
1.939800 
1.940100 
1.942600 
1.944000 
1.944900 
1.946300 
1.947600 
1.948000 
1.948300 
1.949900 
1.950700 
1.950900 
1.951800 
1.955000 
1.955300 
1.955800 
1.958900 
1.959200 
1.959400 
1.959400 
1.960500 
1.961700 
1.962400 
1.963000 
1.963200 
1.963400 
1.963600 
1.963600 
1.965200 
1.965900 
1.967500 
1.968200 
1.969000 
1.970500 
1.971300 
1.971400 
1.973100 
1.973200 
1.975400 
1.977300 
1.979000 
1.980400 
1.981000 
1.984200 
1.984500 
1.988000 
1.993500 
1.994900 
1.995000 
1.995500 
1.995900 
1.996000 
1.996400 
1.996900 
1.999100 
2.000400 
2.001300 
2.002700 
2.003500 
2.003700 
2.004000 
2.005700 
2.007000 
2.007400 
2.007600 
2.007600 
2.008000 
2.008100 
2.008300 
2.008400 
2.009200 
2.009900 
2.010700 
2.011600 
2.011600 
2.014700 
2.016800 
2.018600 
2.019300 
2.020500 
2.022200 
2.023900 
2.024200 
2.025300 
2.026200 
2.028000 
2.031100 
2.033400 
2.034300 
2.035700 
2.038800 
2.039100 
2.040000 
2.040600 
2.042900 
2.043100 
2.043700 
2.043800 
2.044100 
2.045500 
2.045900 
2.046300 
2.046500 
2.050000 
2.051700 
2.052700 
2.053000 
2.053800 
2.053900 
2.054100 
2.055000 
2.057100 
2.057200 
2.061300 
2.061500 
2.061900 
2.062600 
2.064600 
2.066100 
2.066100 
2.069300 
2.070600 
2.071100 
2.071800 
2.072800 
2.073300 
2.073800 
2.073900 
2.075200 
2.075400 
2.076200 
2.078300 
2.078300 
2.078500 
2.079500 
2.080000 
2.083600 
2.084800 
2.086300 
2.088100 
2.091600 
2.093400 
2.093600 
2.094300 
2.094400 
2.096300 
2.098000 
2.098300 
2.098400 
2.098600 
2.100100 
2.100800 
2.102900 
2.103600 
2.105800 
2.106400 
2.106800 
2.108500 
2.112600 
2.113200 
2.117600 
2.118100 
2.118700 
2.120200 
2.122000 
2.124300 
2.126200 
2.126400 
2.126500 
2.129500 
2.129900 
2.131400 
2.132100 
2.132500 
2.132900 
2.133100 
2.133200 
2.134300 
2.136200 
2.138200 
2.142800 
2.143700 
2.144100 
2.144300 
2.145000 
2.146700 
2.147200 
2.147200 
2.148500 
2.150600 
2.151500 
2.151800 
2.153700 
2.154000 
2.155700 
2.155800 
2.156000 
2.156400 
2.157300 
2.158600 
2.159300 
2.159400 
2.160000 
2.161000 
2.161300 
2.162200 
2.162300 
2.163600 
2.164800 
2.165300 
2.166000 
2.167800 
2.168600 
2.168600 
2.169200 
2.169200 
2.169800 
2.171600 
2.173200 
2.174000 
2.174800 
2.177400 
2.180000 
2.180300 
2.180400 
2.183800 
2.184300 
2.184700 
2.186300 
2.187000 
2.187100 
2.187400 
2.188000 
2.188100 
2.189400 
2.189500 
2.189500 
2.190800 
2.191900 
2.195000 
2.195200 
2.195300 
2.195500 
2.196000 
2.201800 
2.202300 
2.205500 
2.206600 
2.207800 
2.214000 
2.216400 
2.216700 
2.220300 
2.220600 
2.221800 
2.222400 
2.222500 
2.223300 
2.226100 
2.228000 
2.229600 
2.231400 
2.231700 
2.232000 
2.233600 
2.233900 
2.235300 
2.236200 
2.237600 
2.238300 
2.239100 
2.239500 
2.241600 
2.242400 
2.244400 
2.246600 
2.248600 
2.249700 
2.251900 
2.252000 
2.252600 
2.253400 
2.253800 
2.254000 
2.254100 
2.257100 
2.257800 
2.259300 
2.260700 
2.261700 
2.262300 
2.266600 
2.269400 
2.270300 
2.270600 
2.270900 
2.271300 
2.271300 
2.276300 
2.276400 
2.277200 
2.277700 
2.277800 
2.277900 
2.278100 
2.279700 
2.279900 
2.280000 
2.280700 
2.281200 
2.282400 
2.283100 
2.283200 
2.283700 
2.285200 
2.286900 
2.287700 
2.288000 
2.290900 
2.291800 
2.296700 
2.296700 
2.296900 
2.297800 
2.297800 
2.298300 
2.299300 
2.300700 
2.301400 
2.301600 
2.303100 
2.304600 
2.306800 
2.306900 
2.308600 
2.309700 
2.309900 
2.310500 
2.310700 
2.311500 
2.311600 
2.312500 
2.312800 
2.316100 
2.317400 
2.318100 
2.318500 
2.318700 
2.319700 
2.324200 
2.324800 
2.325700 
2.326200 
2.326700 
2.328100 
2.328400 
2.330200 
2.331600 
2.332800 
2.333700 
2.335000 
2.335800 
2.336400 
2.336600 
2.337000 
2.337100 
2.339400 
2.340000 
2.341500 
2.342500 
2.342700 
2.345100 
2.346300 
2.347200 
2.348100 
2.348800 
2.349900 
2.351400 
2.352600 
2.352600 
2.353600 
2.353700 
2.353800 
2.355000 
2.357800 
2.358300 
2.359400 
2.359500 
2.360100 
2.361700 
2.362700 
2.362900 
2.364900 
2.365400 
2.365900 
2.366400 
2.367400 
2.369600 
2.369800 
2.371500 
2.373600 
2.374000 
2.375400 
2.375900 
2.376800 
2.377500 
2.377800 
2.378400 
2.378500 
2.378700 
2.379500 
2.381300 
2.385000 
2.387700 
2.388400 
2.388900 
2.389200 
2.390700 
2.391600 
2.393500 
2.394400 
2.394800 
2.395300 
2.396700 
2.396900 
2.399500 
2.401500 
2.402200 
2.402700 
2.403500 
2.405300 
2.405500 
2.406500 
2.406700 
2.406900 
2.408100 
2.408400 
2.409300 
2.410000 
2.410900 
2.412200 
2.412300 
2.413100 
2.415100 
2.415400 
2.416000 
2.416100 
2.416200 
2.416500 
2.418400 
2.418900 
2.420600 
2.421000 
2.421600 
2.421900 
2.422500 
2.422600 
2.422600 
2.422600 
2.423400 
2.424600 
2.425200 
2.425600 
2.428100 
2.430300 
2.431100 
2.431400 
2.433700 
2.436700 
2.436900 
2.437900 
2.438400 
2.438400 
2.438800 
2.439300 
2.439700 
2.440400 
2.440900 
2.441000 
2.442300 
2.442900 
2.444000 
2.444700 
2.445000 
2.445200 
2.447600 
2.451200 
2.452000 
2.452100 
2.452400 
2.454600 
2.455900 
2.456800 
2.457700 
2.458000 
2.458700 
2.458900 
2.459400 
2.459400 
2.460600 
2.461500 
2.463200 
2.463200 
2.464800 
2.466500 
2.467200 
2.470100 
2.470500 
2.470800 
2.471500 
2.472000 
2.472600 
2.473100 
2.474100 
2.474600 
2.475000 
2.476000 
2.476400 
2.476600 
2.477400 
2.479100 
2.480200 
2.481400 
2.482000 
2.482600 
2.483400 
2.484500 
2.485300 
2.486100 
2.486400 
2.486800 
2.486900 
2.487700 
2.488100 
2.488600 
2.490000 
2.490100 
2.492700 
2.492700 
2.493200 
2.494200 
2.495200 
2.504200 
2.506100 
2.507400 
2.508100 
2.508400 
2.510400 
2.513300 
2.513600 
2.516000 
2.518300 
2.519100 
2.519800 
2.522200 
2.524300 
2.525200 
2.525400 
2.525500 
2.525500 
2.527100 
2.527200 
2.528800 
2.528900 
2.530000 
2.530700 
2.530700 
2.530900 
2.530900 
2.532700 
2.532800 
2.533400 
2.533500 
2.535000 
2.535800 
2.537700 
2.541100 
2.543400 
2.545800 
2.546300 
2.546400 
2.548100 
2.548500 
2.548900 
2.549200 
2.550300 
2.551900 
2.553100 
2.553600 
2.553700 
2.555000 
2.555700 
2.555800 
2.556100 
2.557300 
2.559000 
2.560800 
2.560900 
2.563700 
2.564000 
2.564000 
2.564000 
2.565200 
2.567300 
2.568000 
2.568200 
2.571400 
2.572800 
2.573300 
2.573900 
2.575400 
2.575600 
2.576600 
2.576800 
2.579400 
2.581500 
2.582300 
2.584500 
2.584800 
2.586100 
2.587100 
2.589000 
2.590200 
2.590700 
2.591700 
2.592500 
2.593900 
2.596400 
2.596900 
2.598200 
2.598400 
2.598500 
2.600500 
2.600600 
2.601200 
2.603000 
2.603300 
2.604900 
2.605000 
2.607000 
2.609200 
2.612000 
2.613200 
2.613200 
2.613600 
2.614800 
2.615000 
2.616000 
2.616400 
2.616400 
2.616900 
2.617600 
2.618500 
2.620700 
2.622000 
2.627100 
2.627600 
2.628900 
2.629300 
2.629900 
2.630000 
2.632300 
2.633000 
2.633200 
2.633300 
2.633400 
2.633800 
2.634100 
2.636200 
2.637400 
2.641500 
2.644000 
2.644800 
2.644900 
2.646300 
2.647600 
2.648000 
2.648700 
2.649100 
2.650700 
2.652300 
2.652300 
2.654400 
2.659500 
2.660400 
2.660900 
2.661400 
2.661400 
2.664800 
2.665000 
2.666100 
2.666600 
2.667600 
2.667800 
2.667900 
2.668000 
2.668200 
2.669700 
2.669800 
2.670400 
2.671200 
2.672300 
2.673000 
2.673200 
2.674400 
2.675000 
2.675100 
2.676600 
2.681100 
2.681200 
2.682000 
2.683900 
2.684500 
2.686000 
2.688200 
2.688300 
2.688700 
2.688900 
2.689900 
2.690000 
2.690100 
2.692600 
2.694100 
2.694500 
2.695900 
2.696100 
2.697800 
2.698700 
2.701400 
2.701600 
2.702000 
2.703100 
2.703400 
2.703500 
2.703800 
2.706100 
2.707000 
2.709100 
2.709600 
2.710100 
2.714600 
2.714600 
2.715300 
2.715800 
2.716600 
2.716900 
2.717800 
2.718200 
2.720000 
2.721300 
2.723800 
2.725000 
2.725500 
2.728100 
2.728200 
2.728900 
2.729100 
2.729300 
2.729700 
2.730700 
2.731500 
2.732300 
2.733600 
2.734800 
2.736300 
2.736500 
2.737300 
2.737700 
2.738000 
2.738000 
2.738300 
2.739600 
2.739800 
2.742400 
2.743500 
2.746500 
2.749700 
2.750000 
2.750200 
2.753700 
2.754500 
2.755500 
2.755800 
2.756900 
2.757000 
2.757800 
2.757900 
2.758200 
2.759100 
2.759700 
2.760300 
2.761100 
2.761900 
2.764000 
2.764900 
2.765600 
2.766100 
2.767100 
2.768400 
2.768800 
2.768800 
2.769700 
2.770100 
2.770800 
2.771700 
2.772300 
2.773000 
2.773600 
2.773700 
2.774100 
2.774900 
2.775600 
2.776400 
2.776600 
2.777000 
2.778400 
2.778700 
2.778900 
2.780000 
2.781000 
2.784700 
2.785300 
2.786000 
2.786000 
2.786900 
2.787300 
2.790200 
2.790200 
2.790500 
2.791700 
2.792200 
2.793800 
2.794300 
2.794600 
2.795800 
2.797000 
2.797400 
2.798300 
2.798300 
2.798500 
2.798700 
2.799000 
2.801400 
2.801700 
2.803400 
2.803800 
2.804400 
2.804700 
2.807300 
2.808500 
2.808600 
2.808600 
2.809300 
2.809500 
2.809900 
2.810100 
2.812400 
2.813400 
2.813500 
2.813600 
2.813800 
2.814800 
2.815100 
2.815900 
2.816600 
2.816700 
2.818000 
2.819600 
2.820300 
2.821500 
2.822400 
2.823300 
2.823300 
2.824200 
2.824600 
2.828400 
2.828500 
2.829800 
2.830500 
2.830700 
2.833500 
2.834400 
2.834900 
2.835300 
2.836000 
2.836200 
2.838500 
2.838600 
2.838900 
2.839700 
2.840900 
2.842600 
2.844100 
2.846300 
2.847600 
2.848100 
2.848500 
2.852000 
2.855900 
2.859100 
2.861600 
2.861900 
2.863900 
2.865800 
2.867500 
2.867600 
2.869100 
2.871200 
2.872400 
2.873200 
2.873400 
2.873800 
2.874800 
2.876500 
2.876800 
2.877300 
2.879000 
2.879500 
2.881100 
2.881600 
2.881900 
2.883200 
2.884600 
2.885600 
2.887800 
2.889100 
2.890200 
2.890300 
2.892800 
2.893300 
2.894200 
2.894500 
2.895000 
2.895200 
2.896100 
2.896700 
2.897100 
2.897700 
2.897800 
2.897900 
2.898500 
2.901000 
2.901000 
2.905500 
2.905600 
2.906500 
2.907400 
2.907400 
2.907800 
2.908000 
2.908200 
2.910500 
2.911600 
2.913200 
2.913600 
2.913800 
2.915500 
2.915700 
2.917000 
2.917100 
2.918200 
2.918400 
2.918500 
2.918800 
2.920300 
2.920700 
2.921300 
2.921300 
2.923900 
2.924600 
2.929100 
2.929800 
2.930700 
2.932100 
2.933300 
2.933500 
2.933600 
2.934500 
2.935400 
2.938000 
2.938100 
2.939500 
2.940000 
2.940100 
2.940400 
2.943500 
2.945200 
2.945400 
2.946100 
2.946300 
2.946800 
2.947200 
2.948000 
2.948800 
2.950200 
2.950700 
2.951800 
2.953300 
2.954600 
2.956200 
2.956600 
2.959100 
2.959200 
2.961300 
2.961900 
2.967200 
2.969800 
2.970900 
2.971200 
2.974100 
2.974200 
2.975300 
2.976600 
2.977500 
2.979500 
2.980100 
2.981500 
2.982400 
2.982900 
2.983200 
2.983400 
2.984700 
2.986300 
2.987800 
2.988900 
2.989100 
2.990500 
2.990900 
2.992800 
2.993100 
2.995100 
2.997700 
2.998300 
2.998800 
2.999000 
3.000000 
3.000100 
3.000600 
3.005400 
3.006200 
3.007900 
3.008000 
3.008500 
3.008600 
3.009200 
3.009700 
3.010000 
3.010300 
3.010800 
3.011600 
3.011900 
3.012200 
3.016300 
3.019900 
3.020000 
3.020600 
3.020600 
3.021600 
3.023300 
3.023400 
3.023500 
3.024100 
3.024100 
3.024700 
3.025700 
3.030800 
3.030800 
3.032600 
3.033800 
3.035200 
3.035200 
3.036600 
3.036700 
3.038300 
3.039300 
3.040100 
3.040400 
3.041500 
3.042000 
3.042100 
3.042800 
3.043500 
3.044700 
3.045500 
3.045800 
3.046100 
3.046300 
3.047300 
3.048300 
3.048400 
3.049400 
3.049500 
3.051300 
3.055800 
3.056400 
3.057100 
3.058600 
3.059100 
3.060600 
3.062800 
3.063000 
3.063200 
3.063500 
3.064400 
3.064700 
3.066500 
3.068600 
3.069400 
3.069600 
3.072100 
3.073200 
3.073400 
3.078200 
3.078300 
3.078300 
3.078700 
3.079600 
3.083000 
3.084600 
3.085000 
3.085600 
3.086200 
3.086300 
3.086700 
3.089600 
3.091100 
3.091600 
3.093500 
3.098100 
3.099300 
3.101500 
3.103500 
3.103500 
3.104200 
3.105300 
3.106700 
3.107500 
3.107600 
3.108600 
3.108800 
3.109000 
3.109600 
3.109700 
3.110800 
3.114300 
3.114800 
3.117100 
3.120600 
3.122300 
3.122500 
3.125000 
3.126600 
3.127100 
3.130300 
3.130700 
3.132900 
3.133000 
3.133600 
3.134600 
3.136700 
3.137500 
3.138000 
3.138100 
3.138400 
3.138700 
3.140200 
3.141500 
3.141600 
3.142400 
3.143900 
3.144700 
3.145100 
3.145200 
3.145300 
3.145600 
3.149500 
3.150500 
3.150800 
3.151000 
3.151400 
3.151500 
3.153300 
3.154700 
3.156700 
3.157600 
3.161400 
3.163300 
3.164400 
3.164500 
3.164700 
3.165000 
3.165600 
3.167400 
3.169800 
3.172400 
3.172600 
3.173400 
3.174200 
3.174600 
3.175200 
3.176000 
3.176600 
3.178000 
3.178200 
3.179000 
3.183300 
3.183900 
3.188000 
3.189200 
3.190400 
3.192500 
3.193100 
3.193800 
3.194000 
3.195600 
3.195700 
3.198800 
3.200800 
3.204600 
3.206200 
3.206300 
3.206300 
3.208300 
3.209800 
3.213200 
3.215900 
3.218000 
3.218400 
3.220700 
3.220800 
3.220800 
3.220900 
3.221300 
3.221800 
3.222400 
3.224200 
3.224700 
3.226000 
3.227100 
3.228000 
3.229200 
3.230200 
3.231100 
3.234500 
3.235900 
3.237500 
3.238800 
3.239700 
3.239800 
3.240500 
3.241700 
3.242900 
3.244100 
3.245400 
3.245800 
3.246500 
3.247100 
3.249100 
3.252200 
3.252400 
3.252900 
3.253400 
3.257000 
3.257400 
3.258800 
3.259800 
3.262300 
3.262500 
3.263300 
3.263400 
3.263800 
3.264300 
3.266100 
3.268500 
3.269000 
3.269200 
3.270000 
3.270100 
3.270400 
3.271400 
3.271800 
3.275900 
3.279000 
3.279800 
3.281800 
3.282000 
3.282000 
3.283100 
3.283500 
3.286000 
3.286500 
3.287300 
3.288300 
3.289200 
3.289800 
3.291200 
3.292500 
3.294900 
3.295800 
3.296900 
3.297300 
3.298800 
3.299500 
3.299600 
3.300000 
3.300600 
3.304200 
3.304700 
3.306600 
3.307700 
3.307900 
3.308800 
3.310800 
3.312000 
3.313400 
3.316200 
3.317800 
3.318000 
3.320300 
3.321600 
3.323800 
3.324000 
3.324100 
3.327900 
3.328000 
3.328400 
3.329000 
3.331000 
3.331300 
3.331700 
3.332300 
3.332900 
3.332900 
3.333200 
3.334300 
3.334400 
3.336600 
3.336600 
3.337600 
3.338100 
3.339300 
3.340100 
3.340700 
3.340900 
3.341100 
3.341100 
3.341500 
3.342700 
3.344400 
3.345900 
3.348800 
3.349200 
3.349900 
3.350100 
3.353000 
3.354600 
3.357900 
3.357900 
3.358000 
3.359500 
3.360600 
3.361700 
3.362900 
3.363800 
3.364000 
3.364200 
3.365200 
3.365200 
3.367700 
3.367700 
3.368000 
3.369100 
3.369600 
3.370800 
3.371300 
3.371300 
3.371500 
3.371600 
3.372600 
3.373600 
3.375200 
3.375800 
3.376400 
3.376700 
3.377700 
3.378500 
3.379300 
3.381000 
3.381800 
3.382700 
3.384100 
3.384600 
3.384800 
3.388800 
3.391100 
3.395000 
3.396000 
3.396100 
3.396900 
3.397300 
3.399500 
3.399700 
3.399900 
3.400100 
3.400700 
3.401000 
3.401600 
3.401700 
3.401700 
3.402500 
3.404300 
3.404400 
3.404700 
3.405300 
3.405600 
3.406500 
3.408600 
3.410200 
3.410700 
3.411300 
3.411300 
3.413800 
3.414200 
3.414700 
3.415600 
3.415800 
3.417200 
3.418400 
3.423100 
3.423500 
3.424300 
3.425700 
3.426200 
3.427200 
3.428500 
3.428600 
3.431000 
3.431200 
3.431700 
3.432900 
3.434300 
3.436200 
3.436400 
3.438200 
3.438800 
3.438800 
3.438900 
3.439100 
3.439500 
3.440200 
3.440500 
3.441200 
3.441800 
3.441900 
3.442300 
3.444400 
3.446100 
3.447800 
3.449600 
3.449700 
3.451000 
3.452000 
3.452300 
3.452500 
3.453200 
3.453200 
3.453700 
3.455300 
3.455400 
3.457800 
3.457900 
3.458700 
3.460300 
3.461100 
3.462100 
3.462200 
3.463000 
3.463400 
3.464700 
3.469200 
3.469500 
3.470100 
3.470700 
3.471500 
3.472900 
3.473500 
3.473600 
3.475000 
3.475000 
3.475100 
3.476600 
3.477300 
3.477300 
3.484100 
3.484700 
3.485500 
3.486500 
3.487700 
3.487800 
3.488400 
3.489200 
3.490200 
3.490300 
3.491700 
3.494600 
3.495000 
3.495100 
3.496000 
3.497500 
3.497800 
3.501200 
3.501700 
3.501800 
3.502300 
3.502400 
3.502900 
3.502900 
3.504600 
3.504900 
3.506500 
3.510300 
3.511300 
3.511600 
3.511600 
3.512200 
3.513300 
3.513800 
3.514800 
3.516100 
3.516900 
3.517100 
3.519200 
3.519300 
3.520500 
3.520700 
3.520900 
3.521600 
3.521600 
3.522500 
3.524900 
3.527600 
3.528000 
3.529200 
3.529400 
3.530400 
3.532100 
3.533100 
3.535600 
3.536500 
3.537200 
3.539500 
3.540000 
3.540900 
3.541200 
3.541400 
3.541500 
3.544200 
3.546000 
3.556300 
3.557600 
3.557600 
3.558400 
3.558900 
3.558900 
3.560100 
3.561500 
3.564100 
3.565100 
3.566900 
3.568600 
3.570600 
3.571500 
3.571800 
3.572400 
3.573100 
3.573800 
3.575600 
3.577000 
3.577800 
3.579600 
3.581400 
3.582200 
3.582600 
3.585500 
3.587500 
3.588300 
3.588900 
3.591600 
3.592200 
3.592600 
3.593600 
3.593700 
3.593800 
3.595700 
3.595700 
3.596600 
3.597500 
3.598300 
3.598500 
3.599000 
3.599400 
3.600400 
3.602400 
3.602700 
3.605000 
3.605400 
3.606600 
3.606900 
3.609000 
3.609600 
3.611300 
3.614800 
3.615000 
3.615900 
3.617000 
3.618100 
3.618200 
3.619100 
3.619500 
3.619600 
3.619900 
3.621700 
3.621900 
3.622600 
3.622900 
3.623400 
3.626300 
3.626500 
3.626600 
3.626700 
3.627100 
3.627600 
3.629600 
3.631000 
3.631400 
3.633800 
3.639200 
3.639400 
3.642800 
3.643000 
3.643100 
3.643300 
3.644200 
3.644700 
3.645300 
3.647100 
3.648500 
3.648600 
3.649600 
3.650100 
3.652300 
3.652600 
3.654100 
3.654900 
3.655200 
3.656600 
3.656700 
3.656700 
3.656800 
3.659000 
3.661400 
3.663400 
3.664700 
3.665400 
3.665600 
3.665600 
3.667900 
3.669300 
3.669700 
3.671100 
3.673800 
3.676500 
3.677300 
3.677500 
3.678000 
3.678500 
3.678500 
3.679000 
3.679300 
3.679800 
3.681200 
3.683400 
3.684900 
3.685100 
3.685800 
3.688600 
3.689300 
3.691000 
3.691900 
3.695200 
3.695700 
3.698500 
3.698700 
3.700200 
3.700500 
3.700900 
3.704300 
3.706100 
3.707100 
3.707900 
3.708200 
3.709300 
3.710000 
3.712400 
3.712900 
3.713600 
3.714900 
3.720000 
3.722800 
3.723900 
3.725200 
3.725900 
3.726000 
3.727200 
3.727500 
3.728300 
3.728600 
3.728600 
3.729400 
3.730300 
3.733300 
3.733700 
3.734300 
3.737800 
3.737900 
3.740900 
3.742600 
3.743400 
3.744500 
3.745700 
3.745800 
3.746900 
3.748200 
3.749000 
3.750600 
3.751100 
3.751600 
3.751900 
3.752800 
3.754300 
3.755700 
3.755900 
3.756500 
3.756800 
3.758200 
3.759100 
3.759500 
3.760600 
3.760800 
3.761900 
3.763400 
3.763900 
3.767500 
3.768000 
3.768800 
3.769400 
3.770800 
3.771100 
3.773300 
3.773600 
3.773900 
3.774500 
3.776100 
3.777000 
3.778000 
3.778100 
3.780600 
3.780800 
3.781000 
3.781700 
3.784800 
3.785000 
3.785200 
3.785500 
3.787400 
3.789600 
3.790900 
3.791500 
3.793200 
3.793500 
3.793600 
3.793900 
3.794600 
3.795400 
3.796300 
3.796800 
3.797600 
3.798100 
3.799500 
3.800400 
3.801400 
3.801700 
3.804200 
3.804500 
3.805700 
3.805700 
3.805900 
3.807900 
3.809200 
3.810400 
3.810400 
3.811800 
3.811900 
3.812600 
3.812700 
3.813400 
3.815000 
3.815900 
3.816300 
3.816800 
3.818500 
3.819300 
3.819800 
3.820400 
3.820500 
3.820900 
3.821500 
3.823700 
3.824600 
3.825500 
3.825800 
3.827100 
3.829500 
3.830800 
3.831400 
3.832400 
3.832500 
3.836600 
3.837000 
3.837800 
3.839400 
3.840400 
3.843300 
3.843400 
3.844100 
3.845000 
3.845300 
3.847000 
3.847600 
3.852600 
3.853800 
3.855200 
3.855300 
3.855600 
3.857600 
3.858900 
3.860100 
3.861300 
3.861500 
3.861800 
3.862700 
3.863100 
3.863200 
3.865100 
3.865900 
3.866700 
3.867000 
3.867900 
3.868600 
3.868600 
3.871000 
3.873000 
3.873500 
3.874000 
3.874300 
3.874700 
3.874900 
3.875700 
3.875800 
3.880800 
3.881200 
3.883800 
3.885000 
3.885300 
3.886000 
3.886500 
3.887200 
3.890500 
3.892500 
3.892700 
3.894800 
3.895000 
3.896400 
3.896600 
3.896600 
3.898100 
3.898300 
3.899800 
3.899800 
3.899900 
3.901700 
3.902300 
3.902900 
3.903200 
3.903500 
3.903500 
3.904600 
3.905700 
3.906900 
3.907300 
3.910100 
3.911600 
3.911600 
3.911800 
3.914300 
3.915000 
3.915300 
3.916200 
3.919500 
3.920700 
3.921400 
3.921500 
3.924700 
3.925700 
3.927100 
3.927900 
3.927900 
3.928900 
3.929100 
3.929900 
3.930300 
3.932300 
3.933100 
3.936900 
3.937700 
3.938600 
3.939300 
3.942600 
3.943400 
3.943700 
3.943900 
3.944700 
3.946500 
3.946600 
3.946700 
3.948100 
3.948400 
3.949900 
3.952500 
3.952700 
3.952800 
3.953800 
3.955800 
3.957300 
3.959000 
3.962700 
3.963500 
3.966600 
3.968500 
3.968600 
3.969500 
3.970500 
3.972200 
3.972300 
3.973200 
3.974100 
3.975500 
3.975800 
3.976300 
3.976400 
3.976500 
3.977900 
3.978700 
3.978800 
3.980100 
3.984200 
3.985600 
3.985900 
3.986100 
3.987100 
3.989400 
3.990200 
3.991500 
3.991900 
3.992700 
3.994100 
3.996000 
3.997300 
3.997800 
3.999000 
