160 
170 
72 
47 
157 
109 
139 
162 
52 
21 
73 
87 
50 
91 
152 
13 
36 
18 
138 
140 
118 
82 
25 
74 
101 
138 
162 
11 
161 
40 
160 
168 
145 
143 
84 
132 
44 
35 
179 
170 
162 
40 
140 
60 
24 
166 
4 
109 
132 
36 
75 
79 
162 
92 
173 
167 
117 
86 
25 
67 
74 
66 
70 
114 
29 
93 
178 
33 
175 
94 
72 
153 
27 
171 
131 
142 
137 
48 
12 
77 
2 
59 
169 
13 
138 
61 
137 
94 
70 
76 
80 
87 
36 
114 
32 
86 
163 
26 
27 
5 
77 
160 
101 
76 
163 
62 
105 
52 
157 
42 
164 
57 
130 
44 
11 
38 
181 
18 
128 
89 
131 
180 
169 
27 
97 
55 
126 
172 
178 
32 
122 
4 
168 
78 
124 
73 
88 
56 
36 
169 
173 
12 
103 
155 
115 
45 
53 
131 
25 
38 
183 
148 
51 
121 
179 
122 
42 
86 
6 
30 
135 
31 
77 
143 
121 
70 
98 
181 
182 
86 
173 
156 
74 
41 
138 
37 
101 
82 
107 
84 
44 
155 
162 
78 
181 
45 
122 
149 
92 
155 
114 
127 
158 
145 
70 
51 
124 
89 
67 
29 
113 
175 
80 
95 
28 
187 
184 
87 
94 
9 
53 
171 
131 
42 
153 
66 
63 
117 
157 
155 
8 
140 
92 
40 
12 
100 
63 
34 
67 
154 
161 
35 
66 
36 
122 
144 
119 
166 
48 
176 
9 
159 
87 
55 
146 
119 
133 
136 
8 
101 
92 
180 
93 
149 
158 
25 
56 
1 
37 
121 
3 
151 
17 
38 
104 
162 
85 
132 
97 
120 
58 
160 
88 
36 
9 
66 
133 
153 
67 
40 
161 
76 
44 
176 
141 
48 
39 
180 
41 
187 
84 
38 
17 
60 
163 
108 
89 
162 
185 
129 
5 
136 
120 
45 
121 
77 
39 
61 
28 
7 
35 
133 
144 
118 
148 
149 
171 
65 
105 
2 
134 
122 
28 
68 
21 
95 
79 
29 
9 
85 
135 
130 
141 
111 
102 
29 
105 
166 
115 
48 
117 
92 
171 
57 
139 
187 
61 
19 
58 
120 
84 
59 
166 
175 
6 
39 
86 
80 
49 
144 
29 
2 
127 
67 
27 
3 
131 
171 
167 
117 
11 
78 
136 
169 
155 
110 
96 
123 
184 
158 
30 
0 
151 
118 
172 
168 
52 
98 
24 
25 
86 
171 
150 
113 
8 
48 
185 
141 
69 
102 
147 
137 
163 
78 
155 
30 
111 
20 
177 
185 
156 
134 
133 
26 
6 
24 
139 
166 
51 
130 
29 
116 
85 
123 
46 
21 
54 
20 
64 
101 
107 
173 
6 
114 
152 
158 
9 
170 
134 
96 
14 
84 
118 
28 
4 
76 
77 
34 
0 
107 
95 
48 
151 
106 
40 
73 
53 
124 
140 
133 
7 
10 
144 
175 
95 
138 
10 
148 
94 
144 
136 
60 
31 
161 
139 
13 
53 
42 
100 
57 
107 
186 
115 
56 
97 
121 
131 
95 
90 
9 
103 
167 
15 
169 
12 
9 
116 
107 
68 
170 
134 
144 
100 
98 
163 
156 
136 
91 
107 
88 
64 
137 
71 
155 
145 
38 
57 
47 
37 
97 
27 
40 
85 
84 
74 
161 
79 
176 
134 
116 
180 
90 
33 
179 
64 
27 
110 
26 
93 
83 
25 
182 
174 
176 
2 
92 
137 
120 
61 
115 
82 
1 
10 
14 
17 
85 
161 
30 
37 
50 
122 
75 
112 
185 
41 
1 
105 
71 
142 
83 
162 
119 
16 
54 
149 
34 
9 
44 
19 
41 
124 
118 
50 
155 
95 
40 
92 
151 
160 
179 
139 
152 
33 
37 
134 
135 
25 
178 
79 
34 
113 
182 
55 
167 
147 
8 
54 
127 
50 
66 
142 
173 
57 
101 
172 
166 
0 
10 
60 
50 
44 
17 
153 
105 
141 
61 
98 
137 
66 
90 
22 
60 
45 
132 
11 
71 
123 
63 
42 
160 
154 
150 
33 
181 
187 
152 
96 
23 
92 
185 
58 
31 
141 
139 
88 
71 
98 
166 
118 
39 
165 
103 
144 
55 
155 
156 
181 
135 
90 
167 
73 
48 
133 
75 
29 
170 
151 
56 
89 
51 
48 
4 
101 
118 
65 
160 
115 
180 
141 
50 
3 
175 
28 
137 
59 
37 
125 
24 
25 
121 
151 
186 
171 
120 
150 
56 
73 
98 
23 
132 
2 
72 
176 
32 
81 
43 
22 
100 
33 
155 
167 
140 
123 
3 
48 
60 
27 
144 
88 
40 
93 
42 
119 
151 
17 
139 
84 
104 
65 
67 
169 
75 
171 
51 
68 
156 
130 
167 
53 
73 
71 
11 
48 
182 
178 
168 
17 
183 
49 
90 
111 
160 
156 
76 
113 
84 
117 
63 
15 
92 
11 
122 
57 
31 
162 
42 
97 
88 
3 
96 
112 
55 
6 
66 
22 
2 
106 
105 
91 
159 
40 
99 
118 
183 
23 
143 
152 
109 
26 
127 
87 
154 
116 
99 
124 
104 
57 
14 
33 
92 
67 
115 
172 
94 
112 
9 
149 
71 
12 
5 
175 
182 
117 
1 
80 
48 
63 
90 
162 
131 
40 
42 
135 
159 
97 
60 
88 
128 
16 
157 
11 
94 
59 
167 
3 
177 
129 
79 
164 
89 
15 
54 
5 
126 
10 
63 
183 
68 
150 
187 
163 
169 
102 
35 
157 
137 
70 
69 
104 
78 
31 
162 
33 
119 
35 
138 
83 
50 
84 
133 
42 
165 
142 
69 
22 
2 
175 
27 
58 
15 
176 
138 
49 
116 
168 
33 
106 
13 
168 
80 
68 
22 
30 
86 
148 
20 
41 
152 
38 
125 
163 
71 
64 
57 
114 
51 
167 
88 
37 
81 
5 
151 
11 
150 
119 
9 
96 
50 
109 
97 
154 
25 
103 
180 
26 
183 
113 
67 
21 
110 
141 
85 
57 
8 
44 
164 
184 
123 
133 
37 
92 
63 
8 
175 
101 
83 
57 
69 
81 
20 
71 
79 
148 
84 
182 
78 
115 
95 
174 
75 
5 
55 
70 
28 
87 
85 
57 
50 
154 
172 
38 
131 
138 
122 
137 
19 
176 
27 
115 
171 
88 
39 
120 
93 
48 
110 
64 
165 
66 
53 
23 
61 
28 
91 
49 
29 
119 
139 
127 
140 
65 
19 
160 
1 
52 
155 
47 
183 
54 
151 
60 
147 
180 
31 
21 
156 
134 
48 
106 
105 
175 
53 
60 
57 
139 
56 
111 
76 
69 
181 
91 
28 
178 
49 
30 
124 
15 
154 
131 
80 
159 
125 
24 
71 
13 
96 
129 
158 
169 
17 
134 
7 
176 
8 
43 
26 
1 
45 
62 
65 
142 
52 
114 
55 
162 
46 
149 
108 
67 
80 
53 
178 
95 
132 
16 
63 
68 
41 
152 
175 
8 
37 
99 
135 
76 
86 
140 
131 
123 
90 
89 
93 
115 
32 
120 
39 
177 
7 
33 
139 
28 
64 
174 
124 
126 
52 
70 
44 
67 
22 
37 
14 
132 
56 
20 
6 
158 
169 
66 
24 
1 
134 
145 
168 
59 
181 
123 
183 
128 
149 
137 
30 
155 
182 
122 
48 
16 
37 
54 
92 
160 
98 
158 
56 
110 
142 
15 
168 
126 
29 
153 
74 
75 
81 
27 
25 
92 
160 
116 
9 
8 
3 
6 
99 
147 
52 
187 
181 
136 
126 
111 
118 
11 
131 
135 
42 
137 
95 
3 
24 
52 
39 
86 
75 
114 
123 
106 
142 
64 
53 
156 
99 
140 
52 
13 
28 
147 
90 
142 
97 
170 
177 
70 
87 
133 
126 
163 
37 
67 
124 
78 
103 
164 
1 
158 
132 
88 
65 
148 
41 
55 
124 
171 
31 
16 
138 
137 
174 
6 
8 
93 
143 
140 
44 
112 
85 
74 
179 
60 
108 
91 
159 
135 
28 
63 
180 
183 
5 
47 
94 
96 
174 
176 
10 
68 
13 
92 
173 
132 
164 
74 
21 
184 
156 
141 
95 
150 
66 
96 
93 
1 
168 
159 
18 
3 
154 
131 
95 
178 
103 
117 
145 
91 
56 
46 
169 
161 
136 
15 
25 
72 
36 
107 
118 
22 
187 
86 
150 
171 
67 
87 
100 
54 
13 
24 
144 
114 
161 
71 
5 
147 
78 
2 
112 
108 
15 
40 
47 
175 
169 
27 
59 
79 
29 
159 
160 
162 
65 
117 
168 
68 
49 
180 
140 
143 
151 
56 
84 
27 
38 
63 
165 
101 
159 
1 
54 
185 
134 
18 
142 
114 
73 
57 
108 
48 
169 
105 
39 
88 
133 
30 
121 
145 
177 
50 
179 
71 
96 
2 
168 
33 
27 
54 
81 
95 
111 
92 
148 
59 
11 
49 
23 
5 
56 
163 
134 
168 
55 
108 
143 
129 
175 
174 
84 
157 
138 
149 
127 
66 
25 
14 
82 
71 
43 
143 
162 
69 
155 
145 
139 
118 
140 
11 
186 
136 
73 
138 
164 
150 
153 
182 
60 
160 
97 
54 
58 
141 
108 
130 
76 
180 
107 
187 
80 
39 
14 
147 
0 
160 
162 
176 
144 
31 
18 
155 
164 
175 
103 
69 
139 
15 
180 
186 
179 
44 
89 
14 
23 
12 
3 
137 
75 
181 
165 
122 
123 
136 
160 
4 
39 
98 
90 
119 
162 
99 
139 
65 
168 
181 
109 
40 
7 
8 
170 
115 
81 
34 
156 
64 
187 
53 
37 
109 
163 
20 
77 
178 
88 
147 
104 
186 
117 
68 
35 
85 
75 
63 
174 
76 
164 
110 
88 
103 
92 
84 
38 
9 
181 
50 
47 
132 
136 
180 
141 
4 
161 
137 
99 
144 
15 
127 
1 
88 
152 
105 
80 
5 
150 
169 
173 
153 
149 
65 
82 
116 
91 
55 
106 
170 
130 
159 
13 
162 
94 
53 
116 
12 
182 
122 
166 
85 
169 
64 
129 
152 
54 
79 
76 
109 
49 
105 
41 
160 
142 
46 
130 
163 
141 
52 
19 
86 
101 
153 
75 
176 
85 
110 
57 
20 
178 
96 
15 
56 
62 
48 
74 
28 
133 
77 
156 
180 
78 
82 
31 
147 
47 
61 
12 
13 
158 
142 
177 
182 
26 
90 
117 
42 
135 
146 
127 
72 
57 
114 
53 
16 
143 
153 
10 
33 
69 
180 
77 
162 
18 
43 
170 
30 
65 
97 
67 
117 
150 
5 
79 
112 
54 
147 
41 
82 
29 
39 
63 
107 
96 
7 
163 
175 
44 
51 
70 
116 
161 
150 
115 
47 
53 
120 
136 
122 
66 
107 
20 
104 
55 
176 
67 
41 
172 
110 
69 
97 
169 
94 
75 
116 
101 
156 
100 
30 
19 
60 
58 
80 
70 
22 
118 
26 
77 
91 
108 
160 
134 
105 
40 
186 
34 
182 
72 
74 
62 
61 
76 
47 
38 
52 
102 
176 
101 
15 
93 
160 
94 
11 
147 
77 
140 
165 
149 
4 
7 
20 
122 
35 
174 
167 
23 
123 
42 
129 
184 
50 
98 
143 
157 
102 
49 
2 
107 
164 
14 
178 
185 
70 
106 
65 
12 
183 
120 
180 
115 
96 
124 
175 
157 
2 
123 
41 
186 
179 
149 
136 
4 
112 
16 
169 
131 
177 
25 
68 
129 
146 
178 
156 
170 
155 
137 
81 
98 
54 
74 
64 
27 
121 
19 
152 
127 
114 
130 
116 
100 
126 
148 
2 
44 
139 
24 
103 
181 
15 
3 
124 
170 
68 
0 
98 
84 
49 
79 
162 
174 
186 
133 
141 
137 
109 
60 
135 
87 
138 
160 
44 
164 
91 
67 
82 
61 
41 
123 
68 
165 
159 
74 
36 
90 
95 
63 
27 
75 
174 
161 
10 
129 
45 
134 
49 
151 
165 
69 
137 
8 
153 
168 
16 
172 
96 
175 
36 
38 
47 
42 
12 
111 
138 
179 
22 
92 
66 
39 
108 
0 
14 
67 
34 
15 
87 
4 
141 
133 
12 
73 
124 
120 
134 
6 
69 
97 
70 
116 
111 
16 
112 
96 
126 
179 
87 
146 
23 
58 
49 
139 
99 
37 
159 
177 
181 
153 
178 
95 
14 
11 
154 
111 
57 
113 
120 
158 
103 
180 
112 
48 
122 
154 
49 
90 
179 
165 
42 
64 
162 
14 
99 
71 
17 
36 
121 
76 
109 
110 
174 
1 
146 
141 
107 
4 
70 
54 
90 
162 
63 
96 
29 
129 
81 
17 
127 
67 
142 
76 
46 
89 
182 
27 
98 
7 
129 
153 
133 
37 
150 
127 
5 
116 
77 
121 
13 
183 
173 
103 
15 
157 
66 
10 
112 
144 
81 
183 
99 
76 
33 
44 
162 
175 
177 
163 
92 
86 
36 
5 
153 
123 
137 
128 
95 
110 
107 
181 
60 
14 
25 
99 
61 
32 
183 
109 
46 
80 
53 
124 
153 
29 
172 
24 
33 
136 
114 
142 
109 
5 
67 
20 
103 
30 
121 
175 
38 
177 
155 
129 
94 
18 
176 
22 
123 
163 
72 
27 
152 
15 
51 
52 
158 
112 
102 
29 
172 
128 
160 
95 
90 
178 
33 
68 
110 
69 
170 
180 
86 
181 
147 
139 
82 
2 
19 
132 
25 
87 
56 
69 
8 
23 
67 
88 
176 
163 
31 
17 
81 
60 
87 
121 
64 
8 
22 
145 
139 
28 
116 
4 
178 
105 
161 
184 
183 
135 
5 
110 
75 
87 
132 
123 
0 
80 
138 
179 
57 
37 
50 
158 
187 
90 
71 
156 
172 
185 
17 
128 
151 
88 
73 
18 
106 
58 
114 
131 
173 
42 
103 
87 
130 
95 
180 
81 
115 
65 
156 
105 
169 
137 
78 
97 
143 
71 
151 
38 
101 
11 
124 
8 
15 
55 
18 
99 
49 
183 
75 
50 
53 
178 
2 
144 
156 
102 
103 
28 
176 
171 
66 
10 
116 
32 
44 
58 
153 
6 
158 
131 
125 
137 
122 
54 
66 
126 
154 
43 
132 
35 
135 
79 
142 
133 
41 
38 
134 
162 
90 
116 
84 
70 
94 
157 
23 
1 
43 
179 
181 
76 
50 
156 
126 
184 
17 
129 
121 
113 
165 
49 
35 
21 
166 
29 
105 
82 
150 
76 
13 
85 
45 
102 
174 
131 
151 
129 
47 
168 
105 
56 
101 
125 
89 
0 
75 
182 
140 
9 
184 
68 
37 
186 
160 
179 
52 
102 
40 
105 
139 
113 
99 
30 
42 
135 
187 
130 
31 
104 
177 
84 
111 
18 
98 
65 
182 
183 
52 
118 
7 
19 
103 
94 
54 
78 
14 
105 
29 
21 
12 
36 
99 
185 
30 
25 
103 
34 
27 
80 
171 
178 
55 
50 
21 
145 
122 
53 
167 
114 
11 
176 
184 
112 
76 
183 
152 
79 
113 
37 
161 
34 
27 
74 
174 
78 
120 
167 
16 
162 
119 
142 
111 
20 
83 
139 
114 
140 
41 
48 
26 
176 
135 
132 
77 
94 
116 
51 
186 
129 
74 
32 
9 
75 
35 
30 
83 
92 
39 
163 
171 
151 
121 
115 
114 
90 
154 
117 
3 
42 
18 
140 
53 
157 
81 
41 
101 
19 
59 
102 
20 
150 
96 
135 
27 
98 
44 
97 
131 
9 
161 
155 
76 
111 
167 
109 
178 
93 
153 
23 
118 
45 
174 
59 
15 
38 
42 
108 
131 
75 
172 
182 
115 
123 
50 
40 
178 
100 
187 
88 
138 
169 
87 
90 
113 
35 
77 
111 
29 
39 
62 
83 
183 
6 
82 
135 
81 
21 
173 
73 
38 
115 
122 
32 
56 
154 
156 
3 
63 
138 
37 
12 
69 
81 
137 
178 
165 
158 
16 
67 
6 
0 
28 
21 
107 
157 
49 
122 
182 
166 
42 
102 
19 
24 
61 
67 
176 
106 
159 
91 
80 
165 
81 
105 
176 
141 
185 
159 
108 
42 
146 
12 
38 
76 
137 
54 
14 
59 
112 
96 
133 
117 
11 
174 
80 
66 
166 
114 
68 
88 
0 
24 
128 
77 
17 
104 
31 
13 
96 
76 
2 
179 
183 
39 
3 
140 
87 
68 
171 
55 
160 
141 
96 
60 
159 
8 
129 
70 
186 
110 
25 
119 
147 
108 
64 
11 
91 
83 
94 
138 
74 
161 
89 
107 
162 
100 
140 
75 
24 
77 
180 
57 
130 
38 
93 
157 
9 
166 
12 
127 
152 
108 
90 
15 
145 
86 
18 
175 
168 
4 
131 
12 
66 
82 
59 
61 
21 
127 
53 
137 
130 
176 
121 
36 
28 
172 
9 
132 
4 
39 
133 
11 
34 
129 
150 
13 
76 
178 
135 
119 
37 
114 
181 
79 
36 
173 
154 
146 
174 
38 
59 
47 
105 
118 
32 
9 
53 
143 
76 
15 
161 
164 
98 
142 
21 
33 
107 
49 
51 
117 
137 
68 
162 
87 
152 
81 
66 
39 
30 
74 
25 
117 
120 
88 
1 
85 
126 
174 
107 
125 
15 
135 
111 
74 
138 
151 
168 
13 
86 
130 
77 
109 
134 
156 
44 
47 
17 
185 
98 
169 
26 
136 
39 
2 
81 
63 
160 
3 
8 
111 
118 
184 
176 
185 
187 
17 
21 
31 
24 
61 
16 
178 
22 
26 
104 
159 
57 
123 
155 
170 
20 
58 
143 
171 
175 
72 
77 
117 
168 
30 
21 
67 
169 
137 
32 
140 
83 
69 
133 
54 
0 
28 
46 
113 
57 
187 
35 
93 
104 
66 
177 
45 
180 
48 
12 
184 
114 
130 
105 
106 
150 
2 
35 
53 
36 
111 
22 
15 
42 
135 
172 
51 
179 
127 
46 
141 
65 
142 
96 
106 
54 
70 
144 
62 
174 
74 
42 
180 
28 
173 
97 
140 
40 
25 
13 
102 
135 
148 
67 
99 
65 
104 
132 
30 
6 
156 
7 
115 
36 
184 
45 
61 
48 
5 
11 
63 
43 
3 
174 
157 
87 
111 
183 
34 
33 
129 
182 
136 
27 
51 
70 
117 
137 
56 
181 
21 
167 
178 
145 
172 
71 
46 
0 
30 
109 
174 
150 
85 
96 
102 
164 
144 
147 
90 
156 
69 
7 
14 
121 
123 
127 
152 
42 
77 
110 
182 
180 
81 
26 
8 
89 
63 
44 
13 
166 
86 
69 
145 
17 
85 
174 
83 
55 
42 
116 
97 
172 
67 
23 
64 
36 
35 
37 
76 
24 
187 
128 
111 
117 
62 
39 
13 
77 
32 
58 
109 
181 
179 
36 
127 
59 
86 
176 
79 
122 
92 
44 
100 
126 
35 
112 
108 
89 
19 
128 
69 
49 
25 
93 
58 
167 
169 
170 
68 
63 
42 
46 
50 
156 
70 
97 
18 
118 
178 
66 
143 
55 
43 
41 
22 
20 
47 
21 
58 
174 
115 
40 
95 
166 
51 
72 
13 
181 
77 
113 
161 
150 
131 
142 
41 
155 
110 
24 
35 
47 
159 
109 
129 
68 
51 
187 
12 
127 
63 
38 
20 
43 
108 
158 
11 
180 
169 
113 
148 
40 
114 
0 
13 
4 
61 
185 
59 
33 
178 
6 
107 
115 
186 
25 
53 
99 
139 
114 
70 
67 
27 
98 
85 
174 
96 
168 
130 
44 
16 
92 
112 
161 
172 
169 
93 
26 
114 
46 
187 
69 
50 
171 
51 
183 
53 
145 
57 
58 
131 
118 
127 
134 
135 
30 
149 
120 
151 
122 
97 
13 
121 
96 
119 
30 
148 
113 
7 
92 
46 
178 
81 
105 
96 
69 
108 
12 
15 
26 
75 
154 
70 
102 
125 
94 
185 
103 
145 
105 
13 
63 
66 
84 
21 
80 
117 
45 
138 
93 
28 
19 
85 
59 
2 
24 
36 
99 
4 
172 
174 
167 
132 
164 
0 
57 
169 
15 
71 
1 
137 
92 
135 
186 
49 
149 
70 
121 
100 
31 
166 
182 
118 
54 
104 
48 
36 
122 
53 
59 
73 
98 
29 
40 
175 
162 
126 
4 
22 
96 
148 
56 
153 
152 
172 
45 
0 
121 
32 
102 
93 
125 
150 
76 
73 
115 
111 
140 
18 
38 
14 
167 
74 
41 
64 
180 
27 
94 
129 
172 
186 
169 
105 
168 
161 
109 
117 
39 
131 
97 
108 
35 
78 
114 
163 
121 
67 
139 
153 
59 
29 
159 
80 
86 
177 
105 
152 
34 
88 
46 
61 
165 
65 
0 
38 
26 
157 
84 
124 
176 
87 
187 
135 
166 
129 
125 
20 
80 
150 
67 
186 
139 
104 
111 
90 
183 
98 
175 
53 
35 
100 
147 
73 
20 
68 
113 
22 
140 
60 
65 
101 
152 
174 
127 
34 
132 
25 
19 
144 
163 
42 
18 
70 
50 
58 
69 
6 
67 
83 
119 
10 
53 
73 
124 
76 
51 
183 
74 
145 
58 
121 
29 
26 
149 
81 
175 
144 
31 
102 
112 
87 
142 
89 
1 
178 
73 
113 
43 
27 
63 
182 
115 
173 
6 
186 
48 
128 
10 
103 
34 
91 
148 
177 
174 
12 
15 
20 
117 
41 
186 
30 
89 
29 
116 
93 
58 
135 
91 
81 
