8
9
11
13
14
12
9
9
5
8
11
12
11
15
12
11
13
13
13
12
15
12
9
13
13
12
8
15
13
7
15
11
11
12
10
12
11
11
9
16
10
6
13
11
16
7
12
15
16
17
17
14
16
15
6
19
11
8
14
16
11
6
11
19
10
15
17
8
13
17
15
9
23
9
11
10
10
14
14
11
19
9
8
8
16
15
12
8
10
16
12
13
9
10
15
19
12
10
11
9
14
12
11
15
18
15
13
8
11
13
13
11
10
13
14
11
12
13
10
17
11
8
20
14
14
15
10
10
10
12
16
8
21
17
10
13
11
10
10
7
13
13
10
11
21
10
15
11
13
11
12
16
12
12
8
12
22
14
9
7
10
12
9
14
9
8
12
10
20
12
14
18
13
18
11
9
5
12
15
9
21
14
13
8
15
9
14
12
