21
25
18
19
23
22
17
19
21
21
21
20
22
27
23
18
19
23
21
23
23
21
27
23
21
26
16
21
22
22
17
25
21
15
21
21
26
21
22
22
21
23
18
19
24
22
20
27
20
20
17
21
17
18
16
22
24
22
25
22
22
22
24
22
22
22
25
26
18
20
24
23
20
16
20
20
18
22
22
18
23
22
23
22
24
27
19
19
20
25
25
14
27
18
22
24
22
23
16
17
23
19
23
23
20
21
23
28
21
20
22
22
21
25
27
24
18
23
21
25
18
24
20
20
21
26
16
18
26
21
18
21
22
22
20
19
18
21
13
21
24
27
25
22
22
23
23
22
20
19
20
21
20
22
21
25
24
24
24
21
20
17
20
22
23
18
19
23
19
23
24
19
19
17
26
22
22
22
26
26
26
18
17
24
18
21
19
19
26
19
23
24
20
21
22
21
25
23
21
22
20
22
22
17
27
24
19
23
22
31
17
24
20
25
20
23
24
21
21
23
18
18
24
20
23
25
23
22
22
17
20
22
24
22
23
28
18
26
26
18
23
24
20
21
23
23
27
21
18
23
21
21
22
19
19
22
21
21
24
23
18
20
13
23
23
22
23
27
20
21
24
21
19
22
23
13
23
22
23
18
22
17
22
19
16
21
22
19
25
25
20
22
22
20
19
20
21
21
17
23
22
18
26
26
18
21
20
21
25
19
23
17
24
24
19
19
17
25
21
23
22
21
22
20
21
23
16
26
19
19
20
22
18
23
24
24
26
18
20
23
20
22
24
24
23
20
20
22
20
22
19
26
19
16
17
19
20
21
25
24
20
19
20
22
20
16
19
20
23
22
25
21
24
22
23
20
18
23
24
24
24
19
23
20
23
23
18
21
18
19
20
22
21
23
21
19
24
15
22
19
14
20
23
18
22
25
21
27
22
21
21
24
20
24
16
21
24
23
24
24
23
22
19
24
25
20
21
19
28
28
19
22
24
20
20
20
18
23
21
21
24
19
24
22
23
22
23
20
19
20
23
25
25
24
20
26
19
25
17
20
19
23
21
21
24
22
24
22
20
21
27
22
25
17
20
20
23
22
20
20
22
21
21
23
17
23
18
19
22
23
18
21
21
16
23
20
20
23
19
20
20
21
22
22
20
21
19
18
23
20
24
17
21
23
25
20
19
21
22
24
21
19
22
21
18
20
22
21
22
26
18
19
25
24
23
23
20
18
19
19
24
23
16
20
17
16
21
20
23
22
26
20
24
19
21
24
19
21
22
26
23
22
18
17
15
20
20
24
23
16
23
22
21
17
22
16
20
20
23
18
21
20
20
18
22
22
21
25
23
21
22
20
22
27
27
17
21
22
21
21
19
20
22
18
22
23
20
17
20
21
22
26
20
21
28
22
17
17
15
20
23
24
15
22
22
21
19
19
23
21
19
21
21
16
21
23
18
25
23
20
18
19
22
22
21
24
22
21
24
21
23
19
21
20
21
19
18
19
23
16
25
19
23
22
21
20
21
25
18
24
21
19
24
20
22
25
13
16
20
22
26
22
19
25
22
16
30
26
21
17
19
26
18
27
19
21
28
27
27
23
24
16
25
20
21
20
17
17
14
28
22
24
17
22
20
20
24
21
24
19
22
22
20
16
17
22
21
20
18
22
23
16
21
23
20
13
22
20
21
23
18
23
20
22
20
20
20
23
21
22
19
22
22
24
23
19
22
22
18
20
23
23
20
24
18
19
23
21
22
26
25
20
24
26
21
20
23
25
14
22
20
22
22
18
23
23
24
12
20
20
21
34
20
25
19
15
22
26
19
20
21
19
20
20
21
21
22
21
23
19
19
19
23
24
20
21
17
22
22
23
25
21
17
17
16
16
16
20
18
22
24
20
18
23
23
20
20
23
25
21
23
20
19
18
19
23
23
21
24
23
22
25
24
16
25
18
22
21
24
23
19
19
23
18
21
22
19
19
25
22
17
20
22
24
20
27
22
26
18
24
24
20
19
17
16
23
19
24
19
19
16
24
24
18
25
21
20
15
21
22
24
21
27
18
16
26
24
22
23
22
22
20
22
20
19
20
23
24
18
19
22
23
26
18
23
21
22
21
19
20
21
21
22
18
19
21
21
20
18
19
19
24
25
23
19
18
20
23
20
29
21
25
18
25
23
22
21
20
22
20
19
22
16
25
22
22
23
21
23
24
23
21
24
20
21
20
22
18
18
22
18
22
23
22
22
25
28
25
26
24
17
21
22
24
24
20
18
24
23
25
17
19
16
18
24
17
22
18
24
23
26
23
22
23
23
19
22
24
23
22
25
20
22
24
18
24
20
22
19
23
20
24
22
25
18
23
16
17
23
17
16
19
26
19
22
17
18
20
22
21
20
21
21
22
23
19
20
19
17
22
22
20
