36 
66 
317 
25 
143 
124 
381 
22 
564 
760 
749 
221 
558 
3 
293 
537 
499 
352 
964 
1022 
40 
448 
1008 
211 
752 
95 
233 
750 
949 
908 
718 
134 
17 
335 
87 
98 
313 
5 
860 
637 
1054 
277 
55 
936 
296 
735 
416 
1031 
149 
482 
227 
232 
122 
237 
862 
56 
514 
600 
292 
548 
52 
544 
629 
424 
358 
97 
12 
992 
922 
14 
83 
210 
552 
802 
173 
917 
402 
487 
934 
314 
606 
290 
941 
773 
844 
727 
450 
120 
1019 
121 
726 
829 
486 
754 
125 
240 
642 
892 
728 
110 
303 
580 
353 
383 
585 
928 
675 
983 
39 
566 
965 
257 
189 
317 
1060 
93 
389 
545 
529 
716 
1021 
342 
858 
986 
339 
987 
684 
783 
589 
958 
218 
207 
78 
1039 
9 
542 
19 
133 
180 
899 
137 
564 
478 
763 
256 
885 
29 
948 
737 
437 
401 
543 
565 
104 
226 
909 
792 
774 
786 
473 
889 
495 
637 
967 
804 
498 
128 
459 
329 
76 
417 
823 
512 
198 
933 
558 
315 
382 
813 
47 
471 
371 
807 
1040 
255 
304 
907 
57 
209 
940 
713 
519 
1054 
997 
410 
1009 
468 
427 
738 
991 
336 
671 
1032 
466 
277 
723 
735 
877 
1044 
64 
144 
321 
743 
586 
758 
984 
6 
806 
572 
257 
272 
169 
690 
874 
945 
1058 
516 
414 
615 
816 
938 
143 
985 
944 
697 
632 
559 
730 
663 
525 
241 
494 
502 
722 
699 
765 
827 
771 
132 
532 
824 
441 
725 
375 
401 
354 
204 
487 
400 
1049 
287 
629 
814 
291 
567 
705 
460 
462 
882 
836 
86 
942 
617 
190 
522 
325 
833 
1017 
1027 
58 
583 
550 
46 
691 
66 
899 
592 
136 
138 
85 
49 
1053 
529 
664 
347 
602 
146 
721 
385 
769 
660 
917 
75 
993 
179 
634 
372 
53 
263 
381 
638 
227 
412 
105 
398 
470 
710 
973 
431 
849 
693 
275 
271 
614 
409 
40 
596 
531 
18 
1033 
3 
851 
416 
116 
203 
476 
324 
122 
97 
32 
404 
686 
857 
361 
161 
1026 
155 
1014 
1055 
894 
992 
265 
1020 
544 
472 
744 
168 
903 
635 
569 
84 
985 
352 
589 
610 
471 
104 
444 
540 
392 
452 
433 
28 
865 
463 
720 
1015 
587 
883 
714 
860 
311 
766 
152 
790 
153 
802 
420 
181 
94 
848 
147 
762 
964 
746 
616 
772 
415 
961 
459 
490 
512 
688 
1052 
142 
11 
166 
754 
783 
350 
863 
726 
496 
334 
713 
966 
296 
159 
207 
169 
213 
654 
775 
128 
16 
283 
81 
541 
292 
837 
346 
247 
85 
719 
110 
644 
465 
675 
869 
240 
175 
794 
631 
232 
373 
59 
509 
9 
958 
640 
353 
610 
741 
76 
608 
436 
453 
537 
294 
674 
1017 
623 
233 
757 
209 
446 
1027 
54 
1054 
1004 
129 
204 
269 
673 
919 
1011 
339 
650 
132 
662 
321 
473 
160 
864 
225 
714 
820 
984 
331 
574 
309 
731 
431 
796 
916 
315 
254 
145 
445 
811 
630 
576 
554 
716 
1038 
705 
766 
345 
517 
20 
260 
18 
522 
151 
366 
126 
408 
14 
612 
60 
722 
742 
6 
620 
615 
318 
740 
748 
121 
840 
638 
402 
93 
360 
99 
271 
835 
734 
782 
738 
819 
518 
663 
1050 
307 
619 
169 
139 
159 
940 
692 
702 
634 
588 
344 
997 
1032 
472 
188 
429 
223 
284 
856 
854 
949 
1030 
1020 
304 
32 
668 
477 
830 
534 
958 
231 
646 
428 
592 
462 
1041 
904 
1018 
369 
648 
133 
208 
75 
323 
25 
753 
553 
930 
509 
521 
466 
699 
892 
905 
199 
771 
511 
175 
658 
226 
790 
607 
124 
1055 
815 
1051 
849 
461 
245 
356 
113 
266 
913 
5 
562 
899 
683 
990 
743 
942 
723 
583 
555 
1059 
879 
515 
247 
687 
647 
569 
48 
239 
230 
754 
558 
603 
804 
248 
228 
316 
23 
101 
258 
535 
499 
549 
548 
440 
524 
278 
918 
829 
71 
178 
822 
962 
253 
30 
76 
497 
315 
339 
1043 
293 
716 
857 
636 
51 
392 
108 
574 
832 
277 
855 
541 
640 
777 
910 
88 
500 
456 
917 
37 
568 
512 
608 
97 
645 
431 
110 
96 
174 
824 
286 
827 
736 
808 
679 
582 
676 
563 
209 
291 
579 
1005 
956 
700 
596 
345 
196 
816 
488 
1002 
904 
289 
201 
78 
921 
152 
911 
811 
863 
862 
612 
997 
726 
708 
424 
1009 
993 
932 
87 
650 
243 
776 
344 
118 
273 
263 
922 
146 
666 
195 
802 
33 
550 
455 
471 
602 
442 
330 
975 
920 
665 
627 
971 
432 
103 
559 
925 
973 
838 
508 
893 
790 
465 
367 
774 
433 
799 
701 
164 
486 
1040 
916 
235 
735 
683 
145 
876 
1048 
494 
958 
143 
649 
745 
114 
123 
177 
589 
573 
901 
779 
818 
542 
0 
413 
819 
847 
1051 
1049 
798 
1015 
801 
633 
135 
148 
1003 
31 
792 
75 
451 
1000 
492 
696 
889 
325 
93 
153 
267 
450 
611 
214 
406 
416 
221 
282 
21 
813 
391 
368 
242 
364 
490 
836 
974 
127 
397 
115 
969 
147 
190 
232 
278 
510 
822 
418 
34 
887 
526 
749 
663 
298 
976 
639 
1058 
594 
429 
730 
892 
903 
705 
29 
880 
1042 
82 
711 
962 
101 
215 
117 
710 
544 
163 
927 
533 
62 
134 
332 
537 
137 
886 
530 
500 
292 
261 
422 
217 
884 
540 
852 
330 
748 
486 
712 
1033 
882 
991 
65 
993 
408 
759 
152 
108 
79 
124 
322 
56 
1060 
94 
784 
28 
690 
763 
937 
38 
863 
871 
199 
210 
41 
491 
595 
517 
972 
98 
671 
294 
875 
193 
474 
796 
558 
424 
842 
74 
618 
812 
636 
630 
467 
40 
48 
263 
808 
742 
669 
33 
826 
652 
428 
658 
43 
52 
201 
527 
143 
699 
552 
765 
86 
626 
1061 
531 
154 
1037 
291 
646 
948 
81 
984 
661 
91 
39 
272 
196 
818 
135 
3 
637 
398 
564 
348 
596 
389 
267 
668 
1059 
523 
118 
819 
546 
136 
189 
1041 
273 
745 
822 
779 
89 
827 
677 
828 
804 
138 
1048 
492 
9 
996 
935 
587 
44 
686 
427 
774 
443 
604 
631 
236 
689 
729 
951 
25 
780 
422 
14 
579 
843 
862 
982 
553 
802 
761 
737 
388 
128 
82 
414 
437 
856 
816 
329 
1031 
840 
483 
985 
198 
261 
346 
315 
290 
242 
697 
771 
399 
239 
416 
549 
147 
915 
808 
710 
966 
401 
120 
896 
206 
412 
700 
1003 
791 
55 
134 
824 
946 
858 
191 
652 
342 
566 
72 
309 
921 
807 
119 
158 
339 
71 
957 
756 
1032 
316 
1046 
567 
621 
645 
619 
873 
782 
540 
215 
868 
95 
465 
892 
845 
1050 
360 
514 
905 
57 
306 
805 
8 
375 
859 
759 
691 
993 
510 
382 
589 
434 
9 
408 
227 
527 
932 
972 
135 
787 
60 
426 
994 
574 
218 
261 
56 
798 
207 
876 
275 
372 
611 
504 
698 
257 
131 
385 
959 
667 
258 
250 
500 
173 
587 
413 
86 
532 
166 
398 
265 
397 
384 
390 
232 
462 
747 
20 
228 
1029 
608 
812 
252 
976 
10 
834 
1055 
954 
1017 
459 
503 
901 
943 
983 
535 
695 
751 
754 
357 
560 
18 
498 
928 
996 
777 
817 
810 
374 
762 
283 
629 
656 
136 
742 
867 
346 
709 
240 
968 
712 
202 
538 
965 
677 
795 
483 
208 
451 
765 
849 
870 
724 
925 
391 
931 
663 
177 
282 
507 
531 
1006 
947 
183 
809 
244 
476 
217 
319 
846 
331 
1000 
431 
575 
570 
26 
523 
355 
358 
348 
149 
154 
573 
87 
417 
904 
766 
31 
307 
681 
85 
930 
225 
778 
652 
818 
779 
78 
124 
805 
596 
933 
179 
595 
361 
950 
110 
236 
180 
567 
5 
638 
276 
1045 
424 
13 
407 
91 
65 
1041 
561 
328 
285 
441 
210 
781 
251 
159 
593 
910 
399 
547 
1039 
542 
579 
952 
39 
699 
894 
705 
790 
137 
693 
152 
1038 
320 
2 
827 
1023 
728 
637 
676 
836 
609 
985 
72 
1015 
49 
671 
550 
659 
22 
147 
168 
703 
359 
148 
93 
843 
549 
513 
371 
881 
108 
389 
402 
302 
837 
189 
935 
501 
373 
432 
940 
3 
500 
692 
991 
563 
80 
277 
489 
667 
29 
951 
1026 
601 
75 
793 
398 
939 
668 
98 
125 
541 
58 
880 
615 
623 
740 
1059 
115 
52 
735 
77 
889 
1048 
105 
221 
460 
116 
317 
243 
83 
1012 
626 
386 
989 
873 
226 
316 
185 
736 
678 
175 
1037 
332 
665 
488 
4 
913 
1020 
1044 
831 
1002 
30 
395 
479 
298 
485 
852 
1049 
142 
619 
595 
719 
616 
470 
890 
558 
64 
769 
937 
885 
707 
44 
747 
184 
130 
445 
454 
899 
209 
324 
333 
649 
554 
440 
816 
598 
936 
582 
528 
1055 
233 
647 
271 
76 
167 
614 
172 
798 
291 
439 
738 
163 
961 
864 
466 
893 
982 
908 
214 
286 
412 
8 
833 
720 
367 
1043 
875 
1035 
1047 
293 
699 
36 
322 
418 
401 
23 
962 
824 
944 
194 
107 
132 
112 
197 
498 
540 
536 
57 
156 
377 
190 
7 
887 
1017 
56 
741 
100 
518 
1054 
200 
435 
25 
1034 
496 
403 
97 
169 
715 
782 
538 
349 
19 
1058 
68 
705 
153 
975 
690 
287 
382 
792 
113 
27 
90 
854 
990 
38 
177 
986 
657 
21 
1061 
591 
158 
50 
217 
970 
318 
980 
273 
808 
133 
959 
886 
964 
82 
245 
230 
436 
120 
162 
220 
605 
640 
912 
968 
783 
54 
372 
909 
385 
55 
241 
592 
223 
451 
88 
121 
553 
259 
953 
526 
1013 
411 
420 
723 
966 
762 
437 
74 
744 
881 
670 
463 
847 
938 
691 
53 
645 
685 
971 
128 
1040 
683 
332 
105 
356 
127 
176 
663 
327 
952 
258 
1019 
945 
822 
656 
596 
866 
1050 
739 
237 
727 
362 
267 
841 
764 
416 
815 
917 
218 
375 
804 
655 
180 
842 
191 
92 
457 
763 
424 
405 
471 
933 
65 
165 
46 
455 
141 
828 
262 
465 
818 
300 
311 
519 
766 
733 
813 
154 
978 
662 
140 
207 
611 
636 
323 
767 
859 
16 
686 
520 
251 
17 
560 
1009 
363 
406 
712 
286 
589 
481 
226 
717 
44 
646 
831 
474 
604 
22 
811 
47 
171 
313 
697 
31 
801 
361 
839 
70 
998 
494 
711 
458 
794 
402 
759 
134 
1008 
26 
740 
270 
321 
1053 
360 
446 
581 
279 
910 
131 
880 
396 
242 
1021 
67 
755 
785 
199 
904 
378 
1038 
206 
802 
293 
729 
233 
771 
534 
927 
979 
212 
254 
355 
400 
903 
580 
320 
71 
981 
462 
551 
955 
282 
707 
996 
144 
858 
559 
795 
840 
823 
433 
322 
925 
284 
215 
870 
407 
751 
58 
294 
155 
1014 
714 
601 
159 
772 
962 
647 
930 
261 
657 
27 
439 
338 
698 
185 
480 
920 
124 
525 
354 
145 
643 
792 
339 
988 
211 
812 
586 
352 
687 
820 
382 
746 
926 
696 
735 
542 
760 
468 
957 
789 
91 
943 
106 
532 
549 
705 
1025 
228 
126 
281 
150 
496 
991 
965 
193 
734 
545 
548 
718 
115 
14 
208 
837 
987 
857 
358 
164 
418 
99 
460 
919 
213 
329 
784 
1052 
1024 
574 
598 
949 
283 
661 
843 
807 
977 
163 
547 
335 
675 
995 
13 
514 
48 
393 
853 
346 
750 
597 
371 
197 
449 
855 
650 
111 
1020 
477 
330 
77 
189 
388 
4 
873 
596 
627 
416 
861 
489 
277 
1012 
175 
869 
752 
450 
1023 
740 
575 
129 
1013 
594 
174 
146 
415 
414 
723 
653 
377 
864 
1031 
1034 
219 
742 
768 
623 
688 
511 
97 
201 
221 
98 
590 
906 
1057 
304 
778 
938 
39 
72 
902 
470 
690 
392 
8 
183 
76 
438 
118 
975 
983 
940 
701 
265 
49 
539 
941 
376 
500 
618 
704 
203 
59 
817 
536 
546 
856 
9 
21 
245 
342 
138 
248 
200 
52 
868 
409 
445 
721 
682 
1016 
915 
223 
796 
805 
529 
936 
291 
725 
676 
836 
271 
366 
437 
630 
11 
308 
788 
491 
499 
534 
263 
476 
1046 
694 
733 
865 
570 
576 
182 
258 
703 
998 
217 
36 
57 
600 
426 
328 
736 
1029 
512 
948 
986 
127 
186 
667 
274 
800 
234 
992 
899 
210 
909 
420 
1010 
665 
538 
965 
699 
243 
314 
232 
323 
612 
254 
753 
42 
44 
858 
344 
999 
672 
731 
918 
989 
431 
212 
854 
913 
425 
120 
944 
430 
359 
173 
1 
365 
762 
510 
51 
280 
1049 
926 
257 
960 
974 
404 
1050 
251 
608 
319 
1040 
375 
809 
444 
875 
455 
66 
599 
990 
947 
956 
360 
195 
691 
543 
285 
107 
1041 
924 
651 
830 
648 
537 
456 
492 
302 
716 
94 
247 
527 
403 
358 
165 
671 
813 
896 
112 
759 
717 
315 
147 
961 
43 
246 
644 
117 
840 
252 
364 
631 
475 
155 
954 
971 
363 
686 
770 
81 
218 
754 
582 
15 
259 
685 
802 
1006 
462 
530 
729 
355 
125 
26 
863 
641 
379 
996 
356 
811 
71 
35 
523 
678 
766 
318 
216 
332 
244 
744 
482 
603 
53 
126 
658 
19 
402 
92 
209 
130 
229 
261 
760 
587 
180 
879 
1045 
768 
348 
798 
381 
689 
293 
541 
907 
290 
140 
687 
513 
728 
253 
632 
37 
424 
453 
116 
548 
282 
835 
65 
389 
887 
799 
785 
1061 
773 
479 
329 
832 
712 
663 
695 
635 
776 
769 
337 
312 
529 
207 
249 
493 
256 
10 
275 
1055 
649 
932 
497 
738 
1012 
157 
56 
546 
684 
739 
545 
895 
338 
690 
454 
467 
307 
962 
698 
783 
250 
177 
184 
977 
970 
113 
1037 
949 
29 
64 
263 
696 
898 
922 
427 
602 
957 
702 
758 
350 
376 
874 
499 
291 
901 
598 
469 
495 
936 
819 
709 
385 
407 
508 
533 
883 
512 
198 
429 
778 
59 
849 
141 
277 
28 
5 
486 
983 
299 
1026 
432 
584 
97 
435 
664 
144 
34 
183 
106 
749 
510 
741 
636 
368 
829 
838 
85 
657 
306 
891 
23 
1028 
131 
804 
459 
775 
325 
132 
50 
494 
114 
206 
700 
112 
1059 
14 
521 
75 
248 
287 
335 
272 
779 
836 
1022 
208 
808 
753 
202 
345 
944 
236 
881 
525 
221 
539 
792 
122 
972 
886 
630 
614 
179 
928 
555 
8 
554 
241 
578 
938 
138 
498 
790 
786 
58 
822 
449 
556 
76 
262 
904 
754 
826 
788 
391 
351 
491 
845 
526 
118 
404 
448 
531 
18 
182 
577 
67 
171 
1017 
662 
830 
231 
481 
193 
612 
988 
69 
870 
645 
893 
401 
991 
96 
305 
975 
258 
437 
10 
166 
895 
324 
613 
523 
689 
220 
168 
77 
279 
408 
557 
707 
911 
505 
12 
535 
888 
412 
720 
947 
319 
549 
1053 
823 
343 
793 
1048 
650 
732 
633 
61 
162 
390 
812 
863 
780 
346 
767 
878 
288 
204 
163 
147 
590 
575 
104 
726 
382 
772 
373 
1035 
692 
328 
380 
398 
232 
438 
807 
156 
562 
158 
582 
304 
149 
873 
945 
332 
26 
342 
1011 
264 
637 
143 
681 
43 
280 
489 
297 
600 
735 
178 
109 
278 
737 
716 
439 
95 
842 
561 
789 
422 
541 
1052 
364 
927 
66 
388 
619 
805 
125 
851 
111 
864 
1041 
402 
175 
708 
589 
174 
353 
782 
686 
724 
550 
240 
393 
409 
105 
594 
723 
329 
909 
480 
522 
693 
246 
300 
453 
520 
146 
239 
253 
517 
318 
800 
559 
423 
36 
180 
117 
701 
456 
831 
24 
797 
514 
980 
861 
622 
875 
358 
274 
142 
985 
33 
515 
567 
691 
781 
500 
596 
334 
902 
852 
6 
219 
379 
188 
56 
543 
1028 
581 
608 
1057 
865 
265 
463 
475 
634 
303 
39 
255 
855 
620 
510 
766 
854 
850 
924 
413 
454 
996 
370 
910 
181 
890 
973 
721 
907 
547 
934 
846 
554 
315 
405 
134 
268 
671 
914 
1055 
377 
252 
668 
769 
532 
666 
94 
224 
233 
848 
119 
588 
486 
113 
197 
378 
87 
891 
824 
127 
778 
576 
606 
362 
13 
674 
744 
100 
953 
381 
828 
706 
815 
857 
750 
477 
408 
340 
445 
1039 
443 
1038 
688 
261 
877 
225 
950 
414 
926 
519 
564 
611 
784 
821 
987 
687 
808 
698 
263 
752 
742 
425 
874 
829 
872 
34 
331 
90 
957 
234 
814 
310 
185 
231 
1040 
68 
30 
311 
918 
952 
968 
132 
243 
810 
167 
597 
889 
383 
673 
832 
29 
403 
866 
595 
516 
653 
929 
314 
558 
758 
469 
697 
150 
367 
675 
349 
60 
545 
859 
55 
173 
600 
419 
1034 
886 
960 
296 
730 
743 
356 
183 
709 
813 
1037 
338 
771 
429 
321 
177 
936 
879 
424 
184 
40 
860 
984 
133 
168 
963 
384 
1020 
747 
1014 
982 
683 
70 
180 
751 
710 
838 
643 
703 
536 
186 
0 
823 
8 
974 
353 
760 
85 
148 
1054 
570 
931 
644 
552 
195 
1 
44 
107 
612 
112 
305 
696 
869 
256 
306 
292 
897 
928 
365 
541 
989 
658 
502 
141 
373 
1046 
835 
1009 
981 
302 
657 
249 
738 
908 
123 
680 
585 
783 
1010 
609 
722 
1043 
650 
661 
1035 
397 
1049 
427 
851 
807 
52 
975 
350 
836 
301 
601 
111 
335 
347 
487 
229 
938 
17 
201 
65 
465 
222 
596 
678 
190 
553 
933 
339 
232 
151 
266 
520 
277 
538 
954 
260 
882 
1048 
662 
37 
46 
293 
467 
26 
925 
196 
83 
10 
485 
142 
948 
754 
433 
842 
326 
108 
961 
803 
161 
543 
57 
221 
379 
562 
458 
23 
1045 
885 
380 
84 
630 
1026 
32 
912 
767 
386 
607 
741 
376 
531 
1038 
144 
919 
300 
504 
701 
163 
121 
476 
888 
336 
1036 
463 
499 
361 
884 
15 
279 
481 
461 
73 
33 
692 
257 
61 
970 
568 
957 
464 
847 
103 
355 
490 
106 
573 
395 
561 
633 
566 
248 
147 
442 
734 
344 
584 
949 
371 
665 
270 
368 
1024 
81 
635 
319 
525 
700 
452 
830 
156 
681 
514 
744 
466 
187 
986 
825 
695 
332 
143 
685 
1006 
491 
1005 
426 
621 
488 
664 
856 
724 
507 
844 
247 
503 
962 
242 
448 
120 
173 
3 
80 
227 
831 
773 
792 
209 
733 
745 
78 
53 
138 
38 
207 
179 
146 
216 
819 
932 
736 
276 
737 
68 
418 
443 
1019 
589 
275 
789 
874 
158 
769 
750 
997 
1060 
436 
28 
903 
1027 
519 
91 
894 
441 
896 
628 
906 
165 
181 
625 
582 
610 
593 
296 
828 
996 
509 
880 
79 
29 
226 
359 
811 
629 
159 
958 
901 
59 
450 
728 
510 
690 
564 
438 
1041 
278 
233 
676 
557 
711 
154 
696 
713 
988 
462 
63 
255 
993 
251 
907 
578 
679 
883 
155 
283 
951 
640 
765 
267 
396 
11 
190 
613 
990 
1029 
360 
875 
708 
669 
748 
979 
451 
518 
992 
923 
333 
840 
55 
400 
21 
1013 
649 
459 
615 
43 
315 
160 
624 
30 
971 
402 
588 
178 
718 
115 
109 
820 
836 
86 
14 
393 
764 
944 
998 
357 
259 
580 
973 
904 
929 
537 
612 
739 
950 
1021 
770 
256 
731 
861 
304 
796 
234 
609 
98 
129 
265 
740 
684 
540 
1011 
213 
814 
939 
145 
752 
619 
981 
1004 
101 
528 
783 
40 
498 
526 
391 
631 
1051 
542 
697 
807 
730 
976 
560 
852 
890 
703 
1012 
185 
729 
1002 
370 
726 
668 
364 
959 
189 
320 
575 
778 
599 
848 
980 
712 
1055 
375 
704 
25 
253 
258 
666 
503 
455 
325 
826 
444 
727 
763 
872 
260 
433 
439 
902 
281 
286 
398 
768 
913 
592 
1023 
539 
541 
611 
225 
1054 
963 
202 
130 
479 
406 
1035 
511 
308 
195 
802 
343 
806 
927 
948 
681 
35 
1008 
538 
390 
215 
264 
66 
362 
853 
551 
780 
1056 
252 
192 
62 
51 
516 
177 
56 
20 
112 
136 
897 
211 
289 
139 
986 
761 
150 
238 
529 
142 
670 
352 
50 
126 
643 
536 
552 
878 
103 
755 
818 
685 
1052 
714 
121 
865 
116 
968 
554 
1049 
223 
720 
386 
747 
385 
424 
2 
319 
72 
700 
698 
789 
845 
420 
371 
245 
566 
824 
394 
33 
69 
500 
397 
1001 
157 
953 
549 
572 
882 
1028 
646 
205 
919 
249 
26 
798 
563 
1043 
831 
198 
377 
693 
732 
470 
53 
571 
874 
132 
725 
506 
140 
85 
859 
1007 
762 
689 
724 
587 
363 
438 
745 
598 
117 
641 
822 
614 
623 
750 
445 
622 
347 
869 
37 
995 
932 
967 
381 
603 
266 
696 
217 
175 
850 
523 
312 
625 
376 
337 
581 
471 
107 
675 
1057 
487 
280 
760 
573 
165 
812 
262 
800 
87 
801 
12 
913 
993 
57 
1044 
880 
284 
505 
22 
466 
945 
837 
1015 
1011 
1009 
937 
1040 
759 
1042 
4 
163 
7 
1014 
204 
61 
276 
368 
985 
888 
106 
191 
18 
510 
490 
436 
413 
147 
359 
331 
589 
178 
821 
419 
624 
345 
310 
630 
131 
329 
174 
248 
772 
895 
361 
657 
330 
917 
429 
741 
496 
384 
339 
393 
545 
580 
162 
1003 
392 
36 
668 
122 
799 
403 
306 
868 
317 
526 
164 
502 
776 
475 
89 
24 
75 
318 
1004 
826 
562 
1031 
825 
94 
606 
856 
522 
673 
194 
9 
976 
485 
275 
757 
206 
327 
620 
382 
105 
278 
92 
370 
574 
793 
473 
858 
1021 
351 
742 
372 
1034 
431 
949 
271 
156 
708 
769 
108 
256 
176 
678 
11 
389 
483 
246 
434 
703 
851 
773 
291 
183 
833 
928 
1027 
304 
257 
1048 
758 
640 
778 
453 
543 
99 
642 
692 
465 
767 
125 
355 
605 
817 
616 
924 
814 
211 
916 
395 
236 
818 
455 
711 
633 
25 
537 
234 
477 
46 
218 
56 
185 
54 
838 
267 
333 
770 
531 
203 
926 
955 
305 
444 
939 
705 
128 
699 
3 
878 
440 
877 
975 
224 
847 
1010 
261 
65 
807 
154 
677 
755 
996 
511 
66 
931 
631 
908 
423 
626 
903 
534 
961 
109 
442 
884 
390 
791 
648 
641 
859 
946 
560 
716 
33 
871 
639 
115 
421 
557 
192 
443 
728 
683 
190 
410 
693 
860 
1025 
956 
775 
650 
173 
334 
832 
841 
460 
686 
362 
188 
277 
338 
763 
28 
676 
196 
805 
71 
197 
41 
797 
220 
497 
721 
795 
843 
876 
655 
479 
136 
69 
898 
963 
435 
155 
707 
735 
536 
279 
34 
601 
636 
16 
552 
935 
671 
223 
459 
96 
610 
68 
952 
950 
653 
802 
911 
977 
43 
998 
556 
412 
1030 
1005 
281 
566 
379 
1060 
198 
621 
702 
364 
600 
86 
195 
13 
284 
965 
467 
933 
1045 
118 
675 
737 
875 
521 
927 
1053 
373 
559 
1041 
743 
624 
341 
449 
787 
829 
836 
87 
417 
342 
893 
457 
250 
143 
402 
739 
472 
348 
881 
160 
535 
119 
864 
725 
243 
679 
91 
942 
269 
568 
175 
462 
788 
432 
940 
262 
88 
697 
670 
1059 
687 
252 
896 
902 
286 
590 
736 
486 
90 
319 
1016 
988 
684 
538 
132 
177 
1054 
862 
47 
665 
691 
339 
193 
634 
248 
840 
237 
748 
58 
398 
949 
212 
943 
18 
611 
768 
231 
617 
298 
727 
464 
375 
978 
762 
786 
710 
540 
241 
294 
77 
588 
346 
997 
453 
80 
749 
668 
103 
830 
907 
64 
785 
1012 
580 
1024 
989 
138 
516 
597 
445 
350 
823 
367 
651 
718 
947 
242 
81 
179 
360 
199 
863 
584 
266 
779 
572 
806 
214 
4 
850 
315 
723 
609 
957 
447 
645 
240 
928 
295 
561 
1026 
990 
515 
922 
962 
130 
263 
547 
131 
249 
134 
656 
356 
909 
114 
202 
638 
669 
2 
139 
141 
913 
106 
213 
602 
94 
646 
14 
468 
312 
33 
397 
1014 
477 
799 
181 
549 
619 
140 
19 
189 
17 
291 
648 
441 
689 
969 
55 
49 
1015 
852 
968 
593 
712 
603 
222 
330 
307 
731 
322 
311 
1052 
980 
414 
971 
180 
690 
20 
542 
594 
792 
1010 
1047 
107 
498 
1006 
721 
938 
61 
104 
616 
491 
493 
551 
766 
966 
851 
197 
923 
982 
434 
918 
0 
831 
844 
583 
599 
904 
604 
570 
813 
820 
52 
191 
423 
662 
45 
533 
1037 
586 
117 
903 
239 
740 
753 
365 
471 
532 
888 
652 
172 
729 
900 
380 
701 
659 
812 
377 
574 
184 
105 
822 
895 
1036 
649 
163 
173 
15 
674 
435 
745 
42 
371 
700 
589 
336 
890 
905 
956 
146 
566 
612 
505 
769 
292 
592 
833 
408 
164 
808 
523 
79 
983 
475 
958 
614 
258 
576 
880 
217 
276 
1046 
476 
1019 
150 
388 
456 
332 
520 
861 
1003 
579 
151 
316 
860 
23 
633 
925 
972 
567 
5 
119 
657 
818 
494 
864 
654 
706 
883 
207 
587 
112 
1042 
229 
733 
404 
431 
209 
857 
125 
82 
605 
76 
548 
910 
876 
991 
539 
1007 
815 
1025 
259 
329 
995 
22 
805 
170 
747 
556 
395 
872 
936 
959 
487 
109 
338 
892 
778 
445 
283 
37 
1050 
302 
555 
600 
1030 
504 
598 
777 
1024 
926 
507 
994 
492 
714 
878 
260 
1004 
205 
1018 
328 
765 
84 
489 
285 
165 
7 
183 
356 
108 
954 
265 
929 
774 
563 
74 
1028 
78 
862 
314 
534 
746 
768 
1023 
601 
245 
306 
672 
428 
8 
327 
325 
1044 
775 
789 
354 
454 
610 
932 
974 
497 
597 
717 
848 
381 
268 
340 
32 
417 
483 
407 
89 
376 
353 
854 
10 
142 
415 
571 
405 
480 
126 
248 
187 
44 
233 
819 
83 
508 
309 
648 
91 
440 
519 
678 
517 
550 
318 
360 
169 
1045 
949 
468 
444 
26 
470 
230 
171 
847 
12 
311 
357 
220 
942 
374 
479 
585 
19 
781 
886 
635 
757 
975 
481 
348 
835 
751 
53 
662 
346 
370 
393 
1056 
241 
976 
767 
836 
54 
879 
122 
981 
204 
613 
874 
206 
595 
726 
471 
300 
446 
551 
682 
709 
944 
2 
359 
592 
460 
899 
615 
503 
537 
1033 
242 
331 
939 
587 
281 
288 
541 
825 
1026 
786 
1005 
111 
397 
920 
326 
569 
589 
794 
992 
152 
61 
973 
594 
69 
310 
798 
184 
81 
199 
554 
773 
24 
772 
0 
923 
725 
25 
572 
307 
90 
549 
803 
935 
760 
688 
800 
609 
77 
9 
951 
255 
562 
1031 
639 
810 
201 
907 
882 
690 
129 
853 
297 
927 
151 
967 
67 
366 
87 
1034 
80 
720 
1019 
410 
40 
16 
216 
218 
512 
46 
402 
131 
780 
60 
214 
457 
739 
68 
546 
608 
727 
474 
516 
333 
656 
459 
910 
291 
464 
515 
732 
132 
313 
426 
200 
195 
645 
93 
684 
518 
450 
576 
236 
573 
439 
603 
703 
914 
76 
476 
715 
146 
1018 
919 
624 
487 
499 
826 
334 
566 
70 
473 
948 
514 
161 
528 
371 
329 
282 
221 
1000 
163 
1011 
412 
134 
764 
908 
337 
489 
838 
738 
117 
57 
256 
876 
762 
905 
913 
733 
164 
29 
596 
328 
850 
748 
1051 
226 
52 
358 
194 
918 
440 
621 
243 
234 
1057 
456 
387 
561 
796 
361 
560 
324 
383 
1014 
335 
539 
113 
1039 
965 
453 
831 
245 
696 
322 
713 
197 
969 
429 
115 
165 
734 
501 
928 
277 
478 
529 
311 
812 
888 
665 
98 
591 
306 
647 
319 
990 
1022 
207 
735 
1013 
10 
802 
223 
961 
467 
121 
82 
465 
717 
1047 
770 
970 
1002 
685 
950 
885 
692 
763 
793 
1052 
397 
31 
215 
420 
488 
185 
188 
666 
693 
433 
466 
783 
982 
41 
533 
1010 
691 
178 
746 
336 
263 
222 
958 
550 
851 
754 
698 
714 
421 
699 
127 
937 
39 
423 
933 
253 
408 
916 
344 
239 
1033 
5 
755 
144 
389 
109 
858 
71 
547 
44 
862 
976 
170 
150 
375 
963 
1009 
353 
367 
72 
290 
95 
774 
321 
884 
301 
829 
275 
504 
741 
173 
292 
427 
18 
903 
586 
765 
631 
676 
880 
660 
716 
120 
613 
354 
581 
776 
385 
394 
723 
179 
1012 
726 
873 
204 
722 
816 
836 
1035 
33 
661 
441 
629 
15 
62 
417 
679 
532 
379 
616 
386 
409 
114 
638 
512 
654 
103 
839 
357 
495 
605 
636 
26 
189 
846 
729 
282 
999 
943 
65 
273 
540 
462 
555 
702 
902 
1027 
211 
274 
542 
40 
986 
53 
674 
565 
339 
128 
886 
981 
548 
577 
241 
895 
278 
1008 
425 
521 
378 
818 
535 
240 
787 
252 
30 
899 
162 
395 
404 
527 
820 
270 
789 
102 
809 
490 
752 
422 
137 
279 
431 
475 
792 
597 
806 
681 
67 
299 
745 
682 
668 
474 
896 
1051 
310 
346 
505 
487 
651 
210 
22 
635 
678 
881 
1050 
993 
1031 
719 
604 
618 
909 
640 
557 
701 
131 
365 
644 
209 
69 
598 
725 
804 
748 
822 
821 
269 
455 
1034 
203 
811 
567 
712 
695 
795 
998 
991 
931 
874 
1030 
193 
1023 
1037 
929 
509 
571 
272 
471 
865 
1056 
962 
905 
430 
560 
304 
147 
463 
63 
897 
663 
396 
450 
849 
502 
140 
68 
1003 
225 
961 
587 
833 
1005 
293 
426 
601 
810 
138 
919 
972 
160 
192 
627 
951 
694 
391 
918 
664 
933 
119 
158 
958 
141 
576 
753 
306 
767 
808 
758 
831 
177 
264 
830 
990 
659 
590 
458 
434 
305 
653 
760 
971 
641 
6 
104 
4 
364 
85 
413 
855 
77 
449 
461 
713 
199 
303 
869 
843 
856 
366 
81 
824 
200 
942 
249 
780 
23 
476 
558 
977 
1011 
563 
467 
522 
300 
370 
46 
84 
20 
518 
911 
608 
1052 
492 
105 
545 
257 
782 
974 
388 
829 
1058 
87 
88 
624 
238 
801 
405 
1009 
407 
298 
543 
589 
868 
988 
923 
472 
595 
639 
892 
531 
671 
950 
133 
975 
323 
152 
292 
848 
116 
687 
588 
799 
241 
891 
15 
56 
847 
126 
973 
446 
611 
714 
741 
968 
83 
842 
268 
700 
746 
1004 
223 
219 
692 
334 
127 
410 
31 
751 
796 
369 
234 
78 
484 
871 
251 
761 
967 
244 
398 
154 
288 
409 
243 
172 
917 
387 
675 
980 
318 
439 
858 
24 
132 
218 
1041 
921 
770 
828 
283 
1022 
526 
551 
501 
969 
352 
832 
336 
732 
738 
862 
29 
201 
128 
134 
536 
351 
176 
66 
707 
423 
733 
922 
936 
340 
906 
1000 
485 
902 
876 
542 
686 
823 
79 
581 
17 
123 
297 
488 
341 
575 
527 
987 
519 
1014 
676 
174 
1024 
363 
236 
983 
253 
667 
65 
372 
169 
1057 
462 
652 
882 
716 
981 
535 
261 
515 
1029 
537 
259 
163 
245 
877 
445 
976 
456 
457 
220 
437 
312 
621 
277 
179 
375 
679 
96 
786 
153 
826 
164 
403 
970 
41 
1019 
614 
322 
408 
186 
781 
359 
250 
721 
332 
660 
131 
147 
148 
101 
161 
559 
213 
546 
771 
350 
493 
1037 
331 
26 
496 
961 
1039 
1051 
417 
884 
276 
513 
8 
992 
80 
264 
645 
432 
368 
638 
757 
5 
1003 
70 
772 
1032 
92 
1053 
291 
97 
894 
900 
458 
776 
0 
890 
1045 
610 
880 
326 
788 
1025 
302 
121 
768 
899 
49 
460 
393 
269 
321 
787 
343 
1031 
162 
544 
903 
1059 
904 
267 
1061 
954 
756 
167 
401 
602 
52 
149 
914 
189 
450 
453 
404 
358 
971 
7 
959 
447 
479 
893 
908 
122 
644 
278 
656 
678 
397 
963 
709 
1017 
14 
102 
181 
630 
715 
373 
579 
285 
431 
994 
926 
273 
924 
62 
1002 
719 
142 
206 
697 
247 
109 
119 
411 
975 
204 
887 
489 
248 
255 
478 
78 
402 
634 
141 
1021 
187 
937 
803 
573 
624 
749 
256 
955 
659 
822 
511 
966 
814 
989 
325 
454 
374 
578 
361 
120 
296 
637 
1034 
37 
391 
124 
998 
577 
19 
702 
464 
301 
175 
580 
480 
690 
657 
665 
1035 
135 
809 
24 
335 
576 
59 
675 
376 
550 
43 
784 
694 
287 
471 
737 
671 
48 
199 
240 
982 
265 
703 
105 
819 
117 
385 
957 
758 
440 
711 
252 
429 
32 
506 
230 
433 
931 
866 
967 
176 
850 
857 
1016 
426 
854 
585 
484 
603 
521 
905 
33 
962 
394 
759 
878 
818 
436 
231 
53 
159 
490 
542 
441 
509 
569 
804 
710 
143 
347 
846 
729 
797 
871 
304 
46 
642 
528 
354 
320 
616 
753 
979 
281 
64 
221 
526 
701 
853 
9 
525 
700 
728 
601 
590 
670 
552 
3 
25 
329 
930 
1018 
932 
751 
476 
600 
987 
608 
927 
197 
779 
848 
410 
504 
820 
1036 
823 
459 
512 
686 
783 
815 
1007 
139 
855 
864 
734 
738 
906 
1050 
150 
763 
799 
661 
157 
765 
836 
622 
963 
1008 
389 
118 
852 
555 
449 
366 
875 
75 
599 
1028 
156 
219 
1026 
379 
1001 
254 
920 
198 
636 
418 
312 
76 
299 
292 
422 
554 
651 
107 
741 
193 
473 
933 
867 
692 
305 
420 
947 
318 
381 
794 
22 
49 
77 
658 
667 
617 
973 
168 
200 
464 
216 
595 
154 
827 
685 
315 
91 
565 
568 
280 
377 
158 
96 
538 
1029 
518 
581 
782 
994 
748 
51 
147 
392 
924 
487 
177 
222 
113 
972 
26 
268 
298 
373 
985 
788 
317 
591 
386 
535 
643 
155 
481 
495 
182 
862 
806 
462 
505 
876 
180 
233 
334 
351 
720 
623 
0 
547 
566 
514 
207 
321 
744 
536 
396 
253 
387 
314 
353 
564 
956 
868 
6 
796 
513 
115 
579 
1013 
724 
1053 
946 
328 
400 
264 
958 
427 
56 
872 
990 
288 
309 
1061 
880 
65 
277 
793 
44 
194 
640 
571 
510 
90 
289 
432 
365 
596 
319 
173 
209 
911 
574 
170 
563 
546 
71 
99 
267 
693 
192 
1041 
236 
593 
507 
137 
619 
819 
646 
367 
747 
1015 
960 
50 
122 
60 
533 
764 
743 
833 
845 
810 
42 
282 
673 
907 
465 
461 
371 
905 
81 
442 
135 
628 
375 
842 
494 
770 
136 
33 
30 
740 
614 
1060 
434 
735 
739 
140 
540 
374 
722 
699 
778 
249 
300 
829 
758 
276 
446 
496 
988 
786 
239 
557 
761 
100 
900 
340 
189 
166 
691 
313 
776 
714 
886 
163 
607 
919 
1049 
413 
648 
187 
629 
897 
915 
485 
172 
183 
1044 
718 
706 
976 
1059 
684 
884 
203 
61 
259 
1024 
679 
369 
339 
555 
659 
89 
576 
457 
745 
795 
223 
397 
364 
948 
247 
1050 
232 
348 
383 
918 
997 
655 
131 
524 
354 
385 
63 
327 
338 
1030 
727 
838 
642 
824 
723 
470 
59 
251 
498 
687 
904 
710 
119 
438 
995 
1025 
965 
925 
785 
316 
817 
464 
999 
406 
1037 
109 
725 
783 
597 
933 
791 
171 
211 
671 
863 
78 
804 
656 
261 
696 
263 
324 
404 
805 
728 
879 
993 
1045 
256 
121 
674 
855 
592 
631 
1009 
224 
709 
942 
661 
1022 
896 
181 
635 
248 
179 
297 
148 
512 
157 
221 
1055 
847 
225 
212 
711 
398 
1029 
34 
484 
664 
777 
416 
613 
77 
67 
177 
581 
243 
290 
258 
773 
408 
426 
502 
128 
578 
670 
176 
238 
615 
267 
500 
860 
35 
922 
898 
762 
550 
1012 
301 
836 
278 
15 
295 
167 
506 
388 
344 
768 
447 
215 
715 
72 
234 
271 
601 
994 
612 
685 
945 
467 
335 
633 
154 
520 
164 
359 
133 
244 
729 
996 
462 
545 
114 
29 
492 
361 
587 
781 
75 
141 
342 
991 
650 
28 
852 
630 
566 
869 
237 
626 
964 
539 
663 
822 
536 
970 
231 
431 
270 
527 
591 
916 
753 
21 
304 
975 
2 
350 
46 
199 
967 
526 
305 
436 
145 
543 
535 
1057 
275 
799 
147 
382 
112 
580 
191 
329 
732 
743 
479 
951 
1019 
93 
828 
1005 
1043 
665 
585 
454 
831 
236 
638 
1028 
1023 
870 
452 
826 
680 
434 
1058 
586 
683 
1000 
485 
168 
986 
989 
757 
175 
878 
910 
503 
594 
927 
688 
337 
801 
99 
7 
740 
921 
821 
220 
268 
279 
315 
79 
341 
1013 
721 
6 
1054 
992 
1 
392 
957 
644 
56 
196 
9 
410 
372 
810 
621 
807 
433 
890 
891 
901 
116 
1040 
653 
600 
955 
184 
469 
895 
39 
733 
788 
599 
887 
185 
595 
129 
197 
345 
607 
764 
866 
929 
514 
57 
954 
497 
445 
917 
135 
448 
920 
487 
813 
353 
575 
841 
439 
190 
425 
189 
402 
458 
5 
27 
687 
640 
208 
930 
875 
480 
340 
518 
981 
818 
808 
381 
627 
724 
684 
413 
636 
69 
319 
490 
830 
281 
303 
787 
217 
264 
853 
868 
515 
893 
537 
187 
752 
412 
19 
846 
178 
872 
800 
100 
876 
17 
219 
598 
563 
631 
132 
501 
549 
694 
261 
419 
759 
1015 
240 
604 
464 
389 
262 
64 
544 
749 
933 
556 
37 
203 
326 
320 
44 
849 
864 
155 
151 
125 
418 
570 
736 
985 
444 
754 
777 
38 
562 
493 
796 
532 
1048 
407 
33 
294 
359 
1011 
837 
725 
86 
783 
46 
291 
516 
935 
395 
441 
307 
565 
393 
117 
290 
983 
873 
843 
428 
327 
287 
254 
968 
697 
51 
227 
809 
859 
647 
286 
928 
952 
205 
306 
432 
204 
140 
650 
194 
531 
982 
352 
851 
216 
211 
346 
693 
619 
266 
81 
779 
513 
713 
481 
1035 
128 
972 
13 
362 
213 
105 
60 
457 
772 
994 
689 
265 
130 
360 
1046 
554 
1026 
745 
699 
978 
137 
530 
974 
1003 
850 
316 
770 
504 
528 
789 
519 
218 
741 
571 
250 
926 
634 
447 
805 
1055 
429 
557 
542 
603 
762 
169 
931 
943 
335 
862 
1051 
207 
78 
76 
245 
1037 
617 
296 
711 
806 
803 
321 
163 
358 
883 
971 
676 
894 
1017 
666 
717 
1016 
987 
475 
944 
329 
535 
588 
855 
589 
934 
14 
118 
332 
521 
674 
107 
1033 
811 
289 
784 
440 
443 
596 
431 
844 
423 
188 
958 
424 
785 
372 
858 
807 
263 
77 
1012 
405 
184 
91 
430 
363 
543 
276 
766 
1060 
167 
973 
122 
339 
384 
998 
814 
703 
436 
1057 
179 
442 
305 
517 
731 
255 
67 
72 
156 
74 
162 
574 
243 
648 
326 
115 
336 
606 
670 
1030 
744 
714 
686 
880 
241 
541 
349 
548 
932 
719 
895 
552 
426 
106 
256 
1045 
710 
357 
847 
1061 
486 
566 
291 
311 
550 
465 
277 
468 
471 
760 
164 
635 
993 
249 
819 
546 
886 
599 
865 
691 
437 
997 
310 
726 
127 
244 
380 
401 
53 
144 
318 
655 
279 
320 
87 
6 
618 
690 
270 
453 
539 
392 
605 
355 
940 
962 
607 
656 
727 
224 
1059 
538 
774 
251 
206 
684 
356 
371 
1019 
959 
622 
984 
529 
165 
348 
183 
502 
949 
638 
306 
351 
150 
734 
227 
826 
325 
908 
459 
795 
1048 
856 
236 
287 
793 
201 
585 
810 
474 
575 
258 
748 
176 
747 
1036 
563 
761 
447 
828 
608 
667 
967 
903 
264 
917 
313 
525 
1002 
672 
1052 
995 
818 
600 
295 
223 
334 
38 
1047 
884 
939 
417 
83 
527 
999 
4 
1015 
145 
1056 
186 
911 
547 
534 
1042 
857 
231 
919 
266 
843 
707 
100 
0 
152 
782 
278 
1000 
294 
335 
193 
630 
813 
280 
109 
43 
755 
570 
977 
425 
743 
308 
789 
45 
673 
99 
902 
282 
369 
238 
927 
297 
873 
63 
1058 
111 
860 
268 
24 
25 
211 
394 
370 
824 
367 
881 
745 
989 
641 
619 
581 
86 
957 
190 
240 
124 
404 
564 
735 
889 
920 
509 
836 
996 
905 
831 
582 
172 
463 
952 
798 
963 
119 
75 
300 
874 
217 
558 
466 
460 
596 
448 
762 
393 
406 
556 
716 
483 
254 
1005 
544 
9 
676 
155 
751 
433 
1010 
450 
23 
643 
864 
452 
732 
696 
69 
806 
639 
445 
47 
706 
34 
88 
950 
146 
8 
286 
624 
230 
480 
649 
314 
523 
97 
497 
578 
867 
106 
496 
84 
167 
721 
603 
910 
852 
601 
218 
692 
677 
691 
374 
102 
200 
219 
245 
485 
396 
663 
93 
518 
1039 
646 
365 
749 
786 
158 
930 
114 
658 
625 
296 
443 
764 
157 
616 
531 
629 
181 
121 
651 
419 
985 
515 
151 
277 
382 
429 
571 
1035 
887 
432 
17 
557 
283 
316 
21 
56 
562 
85 
499 
64 
327 
1 
871 
652 
1043 
212 
805 
233 
753 
237 
665 
304 
976 
756 
229 
613 
669 
204 
373 
819 
961 
487 
1004 
456 
984 
742 
473 
936 
101 
994 
1053 
495 
439 
511 
426 
108 
138 
285 
342 
637 
488 
116 
540 
357 
542 
842 
670 
274 
876 
1016 
303 
202 
30 
812 
408 
207 
645 
559 
311 
704 
904 
683 
346 
555 
893 
869 
621 
216 
896 
462 
1006 
822 
992 
501 
110 
170 
508 
857 
590 
1029 
674 
423 
95 
772 
329 
797 
814 
420 
224 
550 
760 
80 
500 
255 
545 
52 
333 
705 
380 
686 
152 
535 
10 
19 
372 
127 
945 
133 
668 
307 
631 
560 
773 
1023 
442 
203 
113 
628 
935 
946 
418 
44 
310 
1013 
694 
589 
884 
1033 
592 
188 
135 
199 
302 
912 
215 
679 
607 
521 
986 
1034 
701 
239 
149 
55 
988 
245 
62 
251 
588 
739 
355 
213 
173 
39 
126 
983 
1012 
390 
189 
790 
158 
208 
257 
276 
570 
448 
922 
630 
678 
253 
650 
900 
684 
858 
1011 
948 
507 
995 
655 
458 
774 
376 
600 
636 
558 
288 
214 
330 
610 
952 
435 
59 
640 
978 
706 
939 
177 
632 
921 
123 
1008 
343 
602 
826 
968 
290 
661 
736 
320 
79 
954 
241 
533 
778 
503 
880 
534 
263 
377 
436 
934 
709 
743 
656 
738 
860 
111 
309 
987 
77 
513 
731 
0 
179 
505 
492 
190 
879 
35 
611 
779 
348 
823 
789 
805 
982 
830 
248 
725 
943 
527 
767 
506 
744 
312 
5 
17 
477 
87 
554 
788 
168 
547 
587 
1020 
236 
385 
174 
765 
470 
624 
777 
155 
877 
757 
483 
504 
169 
496 
195 
682 
25 
140 
281 
718 
811 
722 
419 
950 
502 
204 
728 
437 
748 
991 
829 
124 
874 
217 
193 
1038 
225 
271 
842 
105 
232 
347 
449 
608 
795 
457 
577 
282 
314 
845 
938 
71 
401 
335 
622 
450 
951 
606 
658 
69 
107 
973 
685 
493 
183 
223 
666 
200 
971 
497 
154 
708 
674 
885 
422 
175 
869 
63 
274 
112 
927 
415 
573 
1057 
904 
251 
341 
139 
647 
129 
916 
34 
976 
810 
323 
713 
171 
313 
642 
452 
751 
1003 
634 
475 
841 
396 
60 
711 
184 
695 
100 
304 
1046 
941 
657 
1022 
1036 
86 
451 
603 
905 
279 
75 
565 
848 
453 
545 
853 
116 
209 
368 
792 
413 
730 
742 
224 
875 
677 
819 
593 
596 
907 
202 
4 
692 
770 
1000 
561 
981 
524 
340 
637 
466 
804 
36 
317 
762 
357 
360 
892 
1039 
240 
148 
540 
22 
310 
946 
150 
691 
1021 
117 
39 
324 
1017 
199 
9 
489 
768 
645 
942 
72 
594 
249 
563 
98 
378 
580 
696 
337 
758 
307 
552 
896 
262 
438 
397 
858 
1 
992 
18 
937 
852 
1042 
474 
94 
655 
14 
988 
318 
227 
775 
972 
254 
735 
799 
913 
64 
160 
957 
550 
230 
30 
196 
1004 
935 
774 
793 
864 
1028 
85 
791 
872 
818 
1051 
441 
320 
479 
519 
273 
285 
994 
351 
1058 
815 
446 
110 
857 
234 
671 
120 
970 
292 
473 
272 
665 
1054 
244 
697 
854 
490 
602 
954 
641 
1059 
461 
894 
488 
903 
999 
481 
785 
261 
888 
920 
734 
1032 
188 
572 
865 
990 
51 
1060 
699 
366 
638 
316 
333 
322 
585 
918 
250 
419 
70 
345 
3 
975 
525 
455 
895 
400 
681 
714 
687 
505 
952 
15 
246 
1033 
510 
726 
447 
494 
599 
653 
103 
76 
297 
17 
231 
953 
443 
436 
878 
6 
1031 
500 
380 
361 
595 
761 
128 
102 
485 
688 
929 
517 
738 
800 
198 
219 
747 
58 
838 
632 
346 
28 
108 
557 
114 
512 
344 
433 
765 
620 
797 
309 
1055 
462 
1008 
884 
851 
125 
369 
101 
1061 
137 
253 
416 
465 
190 
803 
471 
712 
991 
923 
325 
668 
395 
468 
767 
575 
656 
48 
44 
121 
202 
13 
515 
32 
1002 
480 
514 
546 
717 
796 
180 
788 
892 
482 
237 
299 
822 
68 
619 
176 
569 
742 
329 
720 
226 
475 
689 
282 
874 
1044 
683 
520 
723 
719 
786 
271 
541 
721 
682 
470 
542 
233 
363 
843 
238 
578 
565 
959 
955 
921 
459 
1013 
589 
336 
736 
958 
166 
1011 
170 
977 
686 
456 
729 
139 
745 
383 
46 
489 
347 
354 
390 
670 
41 
265 
132 
637 
915 
142 
73 
126 
362 
739 
698 
195 
229 
23 
850 
1046 
80 
355 
78 
426 
1019 
352 
831 
820 
777 
342 
529 
420 
394 
635 
956 
429 
856 
571 
492 
606 
38 
338 
694 
20 
413 
497 
464 
210 
406 
960 
949 
448 
601 
214 
424 
863 
782 
760 
835 
754 
639 
243 
1003 
288 
269 
636 
225 
161 
759 
403 
412 
276 
735 
335 
509 
118 
547 
914 
52 
289 
936 
763 
208 
783 
549 
885 
816 
695 
207 
648 
658 
802 
997 
605 
1 
135 
917 
423 
715 
901 
1040 
215 
183 
962 
235 
127 
935 
902 
545 
140 
596 
248 
315 
27 
298 
35 
317 
1059 
966 
560 
846 
886 
602 
102 
781 
367 
825 
236 
665 
770 
1053 
350 
107 
583 
768 
934 
1010 
339 
801 
45 
544 
913 
378 
659 
787 
743 
909 
149 
548 
1052 
370 
747 
372 
388 
942 
146 
859 
700 
724 
1047 
829 
348 
181 
622 
407 
332 
557 
256 
737 
849 
1042 
393 
857 
438 
507 
69 
205 
134 
709 
1004 
220 
588 
607 
525 
213 
30 
37 
703 
716 
1007 
539 
123 
568 
705 
270 
533 
941 
172 
937 
508 
868 
684 
771 
776 
97 
757 
573 
435 
1058 
823 
750 
736 
626 
968 
524 
749 
769 
799 
17 
404 
124 
477 
463 
895 
275 
908 
610 
904 
294 
734 
730 
584 
7 
631 
982 
160 
983 
376 
56 
239 
644 
452 
98 
291 
515 
866 
154 
869 
967 
1031 
1018 
761 
77 
222 
725 
795 
465 
612 
803 
519 
63 
939 
926 
67 
330 
341 
930 
79 
472 
1054 
365 
375 
113 
212 
53 
36 
892 
437 
946 
559 
145 
442 
964 
29 
261 
689 
732 
356 
811 
564 
766 
988 
144 
434 
632 
258 
359 
722 
141 
483 
313 
595 
523 
586 
975 
159 
68 
244 
592 
554 
193 
514 
604 
1023 
627 
893 
399 
765 
1036 
676 
288 
418 
177 
774 
343 
287 
569 
316 
337 
751 
382 
1013 
340 
840 
103 
178 
687 
331 
363 
130 
458 
409 
742 
929 
927 
369 
91 
980 
121 
307 
374 
441 
469 
685 
976 
241 
491 
189 
468 
471 
970 
633 
819 
853 
280 
940 
336 
812 
562 
252 
325 
40 
109 
948 
380 
453 
273 
412 
200 
496 
142 
498 
955 
561 
885 
764 
296 
784 
958 
817 
934 
242 
663 
711 
578 
805 
675 
572 
739 
219 
285 
530 
666 
543 
271 
1024 
321 
324 
910 
137 
170 
649 
674 
954 
83 
488 
62 
320 
911 
100 
516 
738 
999 
8 
228 
600 
855 
251 
253 
204 
455 
845 
1061 
820 
427 
1053 
126 
328 
322 
148 
818 
944 
26 
814 
903 
345 
638 
555 
102 
167 
139 
76 
932 
87 
162 
333 
651 
1011 
971 
329 
1044 
680 
9 
439 
601 
33 
293 
460 
531 
532 
546 
487 
264 
602 
778 
541 
474 
682 
14 
995 
23 
499 
746 
1051 
545 
41 
873 
1018 
707 
741 
933 
135 
245 
715 
894 
55 
736 
717 
69 
229 
872 
596 
372 
758 
58 
34 
957 
777 
641 
1014 
310 
318 
1057 
400 
620 
48 
565 
690 
71 
772 
972 
1030 
419 
461 
448 
968 
936 
721 
1012 
960 
266 
260 
13 
364 
636 
839 
978 
594 
750 
497 
184 
699 
877 
187 
202 
489 
375 
405 
890 
59 
919 
433 
837 
756 
155 
862 
847 
791 
786 
941 
593 
535 
637 
299 
537 
752 
143 
157 
775 
503 
856 
802 
449 
639 
696 
1045 
136 
32 
438 
831 
648 
886 
437 
306 
513 
173 
0 
122 
1006 
517 
540 
1016 
207 
238 
308 
852 
993 
15 
924 
179 
108 
286 
49 
524 
826 
381 
985 
768 
938 
908 
788 
884 
580 
642 
588 
140 
30 
348 
104 
369 
740 
896 
844 
754 
1027 
123 
914 
224 
305 
606 
465 
344 
192 
874 
719 
782 
19 
447 
110 
726 
431 
882 
581 
664 
1000 
748 
250 
492 
220 
800 
1019 
506 
749 
992 
255 
297 
133 
374 
592 
169 
629 
790 
311 
821 
272 
72 
63 
823 
988 
947 
302 
785 
226 
326 
654 
899 
341 
1026 
671 
390 
868 
614 
686 
658 
331 
404 
912 
539 
689 
127 
948 
767 
1049 
154 
677 
574 
638 
1034 
246 
118 
22 
613 
943 
281 
107 
312 
621 
378 
267 
33 
27 
624 
222 
770 
156 
741 
460 
833 
21 
662 
596 
227 
796 
451 
218 
727 
813 
330 
787 
811 
632 
526 
212 
603 
452 
351 
1056 
1017 
757 
42 
466 
301 
710 
923 
1031 
93 
687 
971 
822 
700 
161 
403 
337 
731 
851 
309 
1005 
291 
647 
549 
916 
552 
84 
930 
627 
616 
875 
147 
24 
586 
1032 
669 
181 
711 
555 
80 
76 
716 
551 
650 
724 
435 
866 
424 
840 
973 
646 
769 
950 
479 
364 
398 
208 
732 
18 
340 
376 
772 
612 
911 
1001 
809 
178 
386 
779 
304 
872 
486 
981 
457 
214 
902 
1059 
9 
247 
1055 
414 
85 
1008 
14 
362 
597 
816 
101 
444 
352 
428 
415 
28 
655 
1046 
942 
242 
374 
521 
754 
124 
1002 
240 
619 
168 
372 
252 
634 
798 
886 
887 
43 
717 
271 
651 
260 
825 
853 
343 
676 
228 
234 
463 
117 
913 
706 
446 
370 
103 
561 
906 
1048 
73 
804 
946 
354 
65 
210 
32 
491 
771 
940 
520 
644 
171 
92 
203 
959 
399 
696 
926 
858 
481 
89 
383 
507 
854 
590 
653 
1038 
241 
1003 
1011 
794 
436 
193 
1042 
324 
826 
984 
495 
774 
864 
558 
631 
931 
274 
601 
1014 
450 
458 
980 
744 
420 
468 
426 
599 
801 
379 
954 
501 
797 
68 
266 
569 
699 
395 
188 
296 
149 
829 
191 
618 
684 
918 
145 
654 
718 
459 
524 
123 
652 
989 
908 
568 
207 
637 
613 
427 
585 
176 
243 
775 
939 
31 
286 
297 
762 
623 
440 
346 
282 
483 
645 
814 
659 
979 
157 
674 
756 
983 
270 
455 
664 
998 
105 
258 
538 
163 
179 
112 
889 
183 
565 
912 
554 
139 
435 
570 
61 
393 
884 
776 
972 
368 
964 
269 
167 
944 
138 
186 
418 
414 
678 
514 
487 
703 
26 
322 
429 
213 
512 
846 
480 
895 
1049 
830 
842 
890 
141 
978 
492 
301 
549 
820 
603 
253 
1027 
197 
315 
371 
790 
834 
640 
880 
533 
647 
472 
665 
50 
866 
892 
215 
252 
126 
359 
114 
287 
133 
57 
106 
1019 
1053 
51 
690 
1012 
715 
361 
872 
927 
219 
329 
94 
496 
1032 
291 
802 
67 
844 
905 
993 
723 
223 
333 
211 
502 
937 
973 
966 
974 
949 
116 
712 
919 
165 
265 
325 
396 
600 
961 
385 
306 
98 
476 
247 
999 
817 
304 
42 
20 
611 
808 
818 
893 
231 
49 
235 
493 
843 
33 
572 
579 
299 
80 
119 
683 
60 
589 
310 
894 
777 
688 
962 
69 
174 
1001 
782 
238 
451 
531 
1050 
4 
421 
701 
311 
34 
929 
753 
831 
1000 
302 
803 
35 
411 
732 
140 
166 
202 
716 
173 
675 
218 
461 
56 
666 
319 
293 
626 
400 
391 
936 
560 
369 
261 
957 
700 
169 
320 
86 
142 
811 
212 
620 
909 
508 
25 
822 
221 
868 
162 
95 
237 
220 
523 
425 
950 
1029 
698 
757 
529 
71 
669 
158 
437 
294 
561 
800 
185 
416 
910 
992 
541 
452 
128 
855 
754 
610 
995 
135 
924 
168 
547 
280 
454 
971 
499 
867 
469 
556 
341 
335 
848 
198 
18 
680 
453 
902 
208 
742 
1015 
719 
571 
419 
159 
838 
651 
967 
295 
593 
828 
839 
755 
317 
181 
268 
1041 
9 
58 
434 
1011 
345 
46 
922 
442 
969 
1007 
156 
127 
535 
1061 
171 
621 
946 
401 
477 
656 
326 
886 
632 
584 
55 
769 
841 
66 
860 
113 
758 
249 
528 
276 
628 
887 
953 
781 
31 
232 
694 
248 
686 
107 
923 
29 
507 
921 
1054 
1014 
332 
563 
729 
952 
567 
882 
858 
1044 
189 
366 
812 
199 
0 
150 
796 
792 
736 
668 
859 
163 
850 
17 
75 
506 
1018 
501 
618 
84 
447 
225 
118 
1024 
484 
554 
837 
337 
533 
709 
205 
602 
353 
1006 
72 
390 
1002 
1023 
515 
566 
96 
956 
765 
263 
917 
336 
520 
629 
798 
240 
309 
109 
7 
365 
106 
475 
246 
594 
258 
378 
450 
674 
791 
654 
69 
364 
1035 
707 
6 
483 
426 
490 
445 
613 
2 
702 
432 
588 
32 
143 
562 
228 
870 
692 
782 
958 
74 
968 
720 
115 
991 
340 
831 
307 
524 
100 
410 
650 
513 
509 
865 
257 
465 
627 
214 
486 
352 
304 
65 
406 
1055 
771 
978 
356 
161 
42 
292 
420 
945 
722 
67 
1004 
13 
715 
606 
779 
402 
301 
944 
635 
166 
206 
1038 
927 
19 
592 
973 
912 
112 
130 
267 
48 
721 
934 
734 
928 
988 
183 
790 
431 
252 
139 
747 
101 
296 
367 
395 
849 
933 
138 
85 
311 
160 
358 
537 
331 
117 
273 
256 
53 
494 
764 
40 
51 
884 
152 
238 
190 
631 
883 
989 
459 
460 
1045 
381 
855 
259 
360 
572 
673 
463 
811 
904 
569 
30 
568 
854 
172 
49 
383 
379 
974 
362 
693 
480 
916 
193 
807 
903 
294 
897 
806 
27 
777 
35 
981 
1051 
52 
697 
55 
481 
95 
283 
857 
603 
491 
861 
924 
553 
12 
141 
836 
324 
770 
60 
543 
759 
666 
179 
487 
964 
133 
194 
270 
756 
1042 
45 
752 
949 
11 
548 
710 
315 
423 
589 
8 
935 
412 
123 
187 
1021 
227 
261 
290 
830 
597 
260 
876 
696 
894 
233 
198 
577 
79 
842 
181 
275 
282 
920 
208 
1026 
671 
177 
221 
254 
26 
409 
574 
1020 
82 
70 
687 
550 
284 
539 
1061 
43 
148 
436 
1060 
544 
713 
517 
595 
590 
468 
316 
602 
877 
175 
209 
288 
3 
120 
444 
848 
210 
63 
938 
140 
711 
202 
502 
773 
814 
725 
334 
640 
789 
922 
10 
169 
24 
185 
841 
418 
407 
966 
822 
232 
608 
93 
333 
499 
896 
216 
609 
869 
749 
33 
363 
1017 
1019 
366 
500 
578 
960 
898 
587 
105 
724 
250 
939 
150 
470 
109 
170 
266 
347 
778 
158 
107 
1029 
840 
714 
523 
269 
184 
344 
38 
430 
369 
20 
581 
342 
167 
675 
984 
668 
870 
947 
1041 
497 
380 
643 
1037 
957 
751 
124 
1034 
586 
349 
610 
626 
239 
531 
682 
690 
786 
398 
727 
791 
797 
864 
723 
744 
455 
611 
787 
162 
153 
959 
121 
201 
445 
446 
189 
561 
775 
994 
555 
321 
962 
291 
255 
862 
889 
511 
155 
978 
655 
736 
465 
767 
61 
332 
731 
354 
122 
279 
856 
516 
81 
295 
669 
639 
31 
893 
320 
622 
667 
236 
688 
728 
987 
745 
56 
664 
462 
513 
1009 
844 
200 
729 
80 
930 
179 
308 
763 
685 
746 
1002 
212 
774 
940 
435 
118 
846 
322 
1045 
1050 
1007 
29 
881 
618 
164 
270 
859 
1054 
429 
670 
965 
134 
515 
268 
779 
191 
971 
982 
263 
522 
339 
396 
579 
620 
697 
521 
1006 
274 
557 
278 
98 
14 
325 
479 
902 
537 
895 
627 
1032 
219 
238 
390 
188 
247 
267 
427 
133 
327 
1013 
689 
827 
59 
972 
392 
762 
54 
839 
336 
1014 
481 
352 
375 
475 
1000 
979 
68 
742 
139 
431 
326 
584 
721 
699 
823 
300 
887 
512 
26 
1042 
296 
127 
384 
801 
76 
569 
858 
904 
966 
281 
666 
453 
705 
373 
607 
941 
915 
946 
306 
382 
176 
272 
861 
857 
709 
700 
224 
422 
615 
519 
658 
710 
178 
397 
832 
1010 
141 
788 
589 
1011 
734 
28 
748 
616 
285 
72 
147 
111 
264 
952 
630 
652 
892 
180 
150 
251 
562 
310 
691 
753 
646 
304 
229 
408 
318 
984 
467 
48 
575 
907 
591 
9 
880 
38 
533 
768 
421 
539 
503 
884 
232 
968 
151 
331 
684 
681 
581 
843 
1018 
347 
656 
667 
936 
567 
416 
624 
599 
46 
1019 
1003 
813 
452 
517 
903 
937 
505 
175 
674 
335 
265 
799 
922 
454 
662 
692 
214 
168 
142 
751 
973 
558 
317 
356 
767 
299 
376 
226 
321 
917 
206 
241 
424 
623 
244 
489 
834 
1021 
716 
752 
914 
924 
969 
240 
621 
617 
235 
1005 
577 
588 
526 
86 
65 
835 
842 
854 
504 
714 
921 
509 
896 
30 
947 
949 
109 
459 
524 
991 
635 
208 
445 
196 
894 
165 
546 
703 
1054 
446 
650 
90 
21 
583 
447 
377 
166 
19 
418 
82 
605 
879 
419 
965 
1061 
822 
629 
990 
733 
497 
1033 
40 
797 
571 
211 
341 
882 
669 
849 
126 
398 
12 
1009 
112 
722 
213 
455 
510 
426 
640 
754 
282 
34 
219 
878 
611 
889 
137 
372 
441 
210 
73 
559 
507 
688 
794 
848 
271 
791 
771 
633 
209 
192 
826 
932 
534 
594 
303 
570 
464 
547 
162 
5 
466 
632 
814 
687 
928 
222 
487 
100 
113 
496 
413 
900 
638 
1030 
255 
560 
406 
1008 
171 
964 
33 
35 
366 
311 
918 
77 
528 
582 
152 
305 
841 
957 
99 
941 
83 
855 
953 
333 
50 
163 
427 
443 
84 
396 
853 
981 
1044 
1058 
421 
24 
172 
63 
985 
939 
907 
16 
96 
55 
146 
831 
266 
785 
568 
975 
231 
412 
123 
792 
828 
54 
250 
712 
52 
257 
415 
757 
655 
730 
252 
102 
860 
182 
294 
394 
138 
26 
956 
193 
67 
612 
523 
531 
766 
1048 
576 
128 
676 
1007 
239 
132 
286 
23 
346 
653 
488 
811 
765 
312 
156 
934 
603 
141 
563 
167 
405 
958 
690 
978 
387 
1 
994 
876 
1006 
120 
873 
652 
620 
1035 
553 
190 
925 
898 
249 
308 
711 
131 
618 
302 
753 
1060 
541 
275 
1020 
43 
212 
815 
420 
449 
619 
106 
279 
287 
199 
518 
837 
943 
606 
316 
715 
313 
342 
721 
750 
1001 
471 
980 
194 
786 
951 
289 
844 
236 
930 
567 
647 
1023 
597 
463 
297 
71 
79 
936 
384 
36 
501 
630 
329 
649 
748 
53 
726 
74 
18 
725 
613 
641 
651 
764 
529 
328 
893 
945 
195 
221 
667 
265 
11 
1051 
484 
348 
363 
850 
783 
573 
291 
306 
485 
954 
153 
800 
537 
761 
20 
87 
493 
1016 
1000 
149 
579 
206 
293 
992 
207 
899 
672 
701 
999 
952 
851 
1049 
30 
847 
411 
98 
69 
979 
566 
370 
521 
334 
916 
385 
1022 
121 
745 
358 
5 
645 
706 
201 
495 
251 
967 
963 
486 
432 
197 
451 
997 
775 
16 
771 
492 
108 
778 
738 
903 
13 
1057 
746 
654 
274 
901 
217 
1052 
637 
911 
856 
564 
91 
0 
247 
158 
807 
161 
889 
1009 
990 
969 
575 
932 
586 
417 
634 
353 
849 
530 
372 
631 
781 
1043 
200 
403 
184 
894 
139 
436 
796 
819 
588 
717 
933 
383 
636 
335 
693 
165 
1054 
905 
322 
584 
522 
296 
324 
669 
57 
126 
705 
772 
802 
601 
927 
459 
949 
513 
971 
809 
440 
900 
915 
56 
835 
214 
439 
465 
515 
589 
892 
635 
377 
211 
169 
253 
409 
659 
68 
396 
301 
787 
801 
479 
988 
661 
258 
874 
135 
910 
902 
707 
288 
912 
673 
397 
921 
670 
773 
254 
808 
133 
86 
823 
871 
154 
339 
509 
300 
845 
152 
44 
868 
525 
226 
1059 
14 
650 
842 
676 
592 
935 
660 
304 
729 
351 
744 
929 
70 
447 
708 
105 
840 
239 
568 
700 
965 
931 
756 
116 
59 
743 
142 
232 
833 
726 
39 
298 
928 
480 
671 
181 
919 
64 
204 
1042 
82 
168 
612 
162 
283 
716 
918 
638 
1047 
653 
879 
350 
702 
980 
618 
1028 
371 
978 
341 
535 
428 
314 
12 
80 
337 
646 
740 
938 
84 
307 
907 
178 
219 
361 
580 
527 
966 
627 
890 
885 
225 
408 
611 
367 
1038 
47 
475 
632 
674 
855 
691 
585 
1061 
128 
581 
518 
728 
502 
1013 
421 
434 
145 
851 
125 
323 
313 
962 
908 
777 
810 
887 
182 
299 
431 
500 
867 
354 
703 
607 
433 
813 
343 
501 
555 
292 
989 
355 
424 
285 
540 
984 
974 
533 
711 
429 
375 
446 
549 
569 
615 
4 
893 
658 
696 
516 
99 
1036 
824 
519 
330 
864 
46 
572 
155 
543 
1030 
445 
750 
442 
524 
293 
89 
941 
405 
359 
836 
255 
180 
544 
41 
114 
1025 
738 
878 
20 
684 
273 
399 
922 
241 
657 
131 
454 
117 
213 
88 
932 
1034 
196 
185 
753 
837 
834 
170 
109 
233 
768 
112 
150 
828 
566 
457 
940 
860 
917 
156 
722 
30 
541 
545 
28 
987 
61 
129 
788 
205 
422 
159 
1037 
234 
216 
342 
869 
376 
356 
895 
730 
950 
443 
779 
175 
380 
227 
843 
558 
36 
635 
164 
282 
317 
942 
85 
1039 
1004 
562 
1012 
134 
157 
172 
794 
390 
491 
179 
642 
550 
65 
140 
523 
198 
542 
749 
736 
17 
35 
578 
795 
333 
1007 
679 
366 
331 
24 
62 
599 
820 
774 
318 
510 
682 
447 
735 
402 
151 
439 
294 
218 
819 
536 
386 
347 
731 
416 
547 
705 
719 
889 
647 
648 
513 
83 
281 
618 
943 
406 
169 
221 
626 
197 
74 
120 
697 
1048 
276 
617 
192 
872 
357 
798 
644 
56 
267 
743 
477 
916 
505 
303 
1053 
856 
590 
899 
123 
565 
699 
898 
236 
460 
827 
167 
243 
222 
846 
704 
54 
698 
404 
139 
829 
561 
13 
766 
902 
913 
765 
952 
245 
755 
430 
364 
163 
483 
970 
471 
381 
986 
897 
68 
964 
362 
715 
144 
410 
135 
649 
801 
907 
600 
559 
656 
1041 
501 
535 
414 
96 
653 
138 
989 
299 
842 
383 
763 
132 
812 
259 
982 
190 
587 
772 
462 
124 
71 
544 
991 
997 
921 
38 
998 
694 
770 
340 
874 
508 
804 
438 
680 
701 
149 
397 
76 
346 
814 
118 
345 
711 
127 
461 
514 
468 
394 
274 
840 
312 
319 
102 
189 
967 
632 
378 
177 
593 
519 
852 
1005 
289 
1046 
232 
391 
571 
316 
241 
201 
751 
962 
966 
1044 
488 
94 
915 
72 
881 
591 
790 
598 
42 
581 
372 
476 
165 
911 
114 
161 
780 
328 
941 
582 
936 
548 
781 
400 
99 
51 
25 
676 
602 
261 
286 
171 
49 
826 
290 
493 
486 
31 
621 
470 
745 
873 
643 
904 
53 
95 
546 
212 
631 
270 
773 
797 
809 
469 
202 
28 
771 
395 
661 
387 
482 
919 
474 
220 
453 
606 
5 
342 
949 
832 
97 
655 
845 
255 
702 
374 
811 
172 
625 
924 
130 
879 
418 
384 
796 
248 
291 
708 
700 
278 
4 
84 
876 
213 
427 
859 
323 
520 
710 
187 
105 
412 
1043 
857 
78 
181 
630 
973 
592 
768 
15 
639 
822 
926 
12 
706 
422 
44 
324 
627 
912 
369 
883 
208 
304 
942 
927 
613 
82 
853 
456 
750 
1042 
275 
620 
534 
515 
300 
61 
34 
539 
168 
240 
549 
645 
776 
658 
960 
1018 
491 
1055 
963 
219 
335 
433 
807 
1025 
564 
877 
464 
166 
333 
235 
162 
452 
563 
628 
441 
617 
585 
1038 
74 
338 
315 
956 
287 
945 
48 
524 
437 
9 
698 
293 
481 
988 
360 
37 
878 
705 
616 
1040 
39 
370 
457 
221 
830 
691 
611 
978 
209 
577 
641 
57 
614 
516 
380 
512 
90 
525 
1046 
652 
178 
257 
573 
435 
730 
225 
194 
142 
969 
1013 
321 
955 
561 
720 
503 
579 
821 
33 
267 
760 
968 
68 
226 
1001 
590 
1029 
179 
527 
943 
326 
979 
696 
113 
523 
899 
998 
73 
553 
148 
764 
981 
276 
479 
829 
1048 
817 
77 
882 
989 
651 
251 
575 
274 
831 
227 
334 
885 
356 
100 
602 
1019 
819 
385 
601 
309 
747 
664 
887 
544 
774 
794 
144 
139 
749 
301 
76 
62 
680 
119 
495 
580 
959 
746 
70 
941 
189 
146 
402 
542 
317 
983 
261 
557 
599 
921 
234 
350 
451 
995 
193 
401 
605 
574 
509 
608 
568 
994 
414 
649 
846 
390 
107 
934 
12 
752 
25 
305 
589 
157 
657 
67 
511 
63 
102 
920 
961 
508 
1011 
1026 
902 
167 
812 
1020 
1054 
709 
813 
242 
504 
987 
81 
405 
176 
892 
217 
612 
460 
951 
554 
117 
120 
745 
112 
888 
114 
288 
1027 
245 
871 
125 
20 
683 
280 
336 
837 
770 
836 
725 
471 
950 
103 
694 
425 
571 
685 
529 
357 
986 
1044 
397 
889 
974 
358 
186 
754 
565 
727 
239 
991 
69 
466 
1004 
328 
430 
459 
1023 
550 
477 
323 
773 
662 
467 
742 
1014 
876 
784 
672 
498 
246 
716 
277 
626 
911 
707 
24 
661 
676 
704 
677 
206 
330 
832 
901 
349 
598 
265 
927 
229 
238 
944 
445 
925 
98 
127 
731 
436 
506 
439 
928 
698 
243 
472 
534 
172 
182 
674 
692 
860 
845 
415 
756 
302 
166 
728 
438 
147 
78 
958 
910 
271 
476 
980 
468 
214 
395 
933 
1024 
705 
636 
771 
907 
546 
1045 
483 
37 
38 
141 
282 
975 
384 
140 
778 
194 
1 
829 
488 
627 
484 
827 
412 
587 
609 
382 
985 
371 
93 
420 
458 
757 
1041 
1019 
847 
500 
826 
809 
768 
294 
967 
18 
878 
632 
1052 
401 
478 
841 
494 
547 
576 
957 
1046 
913 
273 
857 
84 
266 
281 
792 
530 
780 
365 
335 
1061 
52 
71 
400 
444 
407 
833 
856 
92 
256 
1040 
133 
257 
691 
687 
274 
348 
765 
108 
748 
383 
164 
583 
278 
1038 
34 
183 
197 
442 
188 
418 
643 
249 
788 
51 
561 
767 
148 
431 
552 
851 
680 
715 
410 
33 
222 
923 
322 
793 
74 
363 
909 
379 
146 
577 
648 
300 
688 
1035 
560 
355 
563 
820 
106 
261 
758 
990 
679 
682 
678 
13 
144 
992 
952 
376 
112 
83 
585 
701 
235 
319 
982 
122 
446 
251 
334 
872 
782 
452 
635 
94 
823 
592 
673 
921 
421 
121 
533 
671 
699 
97 
868 
199 
324 
893 
995 
230 
179 
512 
681 
706 
339 
389 
205 
329 
702 
1003 
54 
63 
192 
293 
936 
145 
350 
191 
903 
86 
425 
613 
209 
840 
248 
569 
103 
380 
11 
480 
653 
100 
888 
984 
655 
741 
866 
14 
656 
914 
623 
752 
435 
948 
593 
114 
459 
310 
815 
388 
118 
429 
204 
1051 
869 
152 
289 
639 
263 
908 
19 
479 
517 
802 
154 
323 
390 
926 
505 
113 
254 
575 
155 
414 
728 
904 
703 
737 
861 
896 
720 
308 
772 
181 
804 
736 
171 
937 
964 
207 
960 
762 
1057 
630 
236 
700 
369 
368 
945 
633 
996 
160 
884 
343 
342 
520 
606 
611 
277 
392 
571 
880 
304 
536 
719 
163 
96 
172 
489 
82 
750 
588 
637 
940 
244 
356 
381 
454 
28 
378 
616 
451 
649 
338 
1053 
402 
26 
545 
0 
287 
79 
36 
598 
169 
928 
712 
139 
548 
991 
976 
777 
817 
808 
987 
814 
1043 
18 
1022 
340 
12 
800 
539 
428 
713 
252 
406 
477 
664 
238 
760 
870 
555 
375 
971 
670 
855 
325 
834 
218 
276 
979 
767 
981 
450 
725 
415 
526 
791 
628 
433 
641 
107 
894 
816 
852 
55 
32 
299 
413 
85 
1009 
506 
274 
805 
167 
993 
803 
120 
318 
316 
686 
291 
1027 
927 
600 
917 
206 
46 
523 
186 
264 
341 
542 
757 
372 
564 
162 
365 
978 
56 
124 
492 
45 
3 
716 
5 
963 
77 
409 
65 
215 
620 
519 
579 
1050 
456 
892 
231 
677 
844 
950 
753 
212 
784 
618 
265 
743 
430 
839 
877 
994 
597 
525 
933 
185 
57 
1031 
604 
663 
740 
437 
738 
42 
601 
44 
382 
462 
952 
947 
980 
726 
367 
1034 
576 
709 
51 
469 
115 
554 
110 
680 
256 
1029 
905 
590 
33 
566 
1001 
377 
574 
22 
326 
468 
625 
862 
770 
158 
954 
911 
567 
401 
956 
529 
41 
72 
742 
336 
758 
71 
843 
48 
621 
669 
69 
833 
992 
772 
233 
366 
592 
513 
339 
958 
972 
76 
440 
470 
13 
95 
812 
306 
511 
1017 
460 
1047 
957 
47 
91 
521 
563 
603 
179 
196 
549 
789 
391 
875 
759 
700 
774 
156 
966 
331 
699 
781 
102 
330 
488 
279 
471 
722 
962 
822 
731 
830 
213 
348 
83 
969 
280 
721 
384 
97 
652 
232 
262 
160 
860 
685 
251 
219 
654 
810 
656 
971 
252 
53 
209 
361 
854 
605 
856 
518 
675 
867 
181 
559 
976 
798 
988 
235 
970 
1013 
556 
779 
898 
573 
138 
268 
473 
38 
530 
984 
297 
194 
638 
205 
371 
928 
522 
457 
472 
60 
286 
634 
360 
659 
162 
486 
868 
873 
137 
545 
790 
872 
84 
723 
380 
123 
946 
977 
679 
902 
532 
424 
19 
479 
684 
311 
641 
328 
1022 
863 
733 
543 
182 
142 
594 
241 
200 
787 
476 
34 
653 
301 
510 
434 
177 
195 
771 
161 
793 
509 
814 
575 
25 
613 
498 
222 
338 
602 
147 
809 
881 
63 
841 
46 
823 
904 
901 
67 
871 
765 
169 
350 
995 
1005 
129 
221 
370 
514 
118 
226 
289 
431 
191 
216 
157 
802 
577 
1014 
1051 
449 
164 
1003 
246 
364 
487 
939 
89 
788 
623 
693 
283 
199 
555 
316 
632 
677 
150 
842 
190 
1039 
310 
953 
985 
606 
1052 
244 
167 
484 
552 
907 
323 
749 
673 
646 
562 
363 
899 
713 
1060 
497 
581 
228 
327 
704 
933 
417 
633 
831 
16 
85 
197 
876 
1037 
583 
427 
249 
572 
718 
368 
626 
974 
253 
124 
1033 
110 
404 
402 
796 
392 
303 
619 
178 
179 
942 
401 
527 
799 
614 
493 
709 
1043 
492 
80 
309 
108 
315 
98 
325 
839 
1008 
910 
224 
299 
352 
940 
101 
859 
737 
775 
37 
49 
343 
461 
426 
855 
987 
294 
630 
714 
761 
794 
589 
425 
112 
598 
582 
305 
202 
948 
621 
233 
223 
604 
1053 
879 
445 
312 
600 
158 
153 
912 
238 
666 
507 
682 
467 
1007 
786 
321 
225 
726 
757 
678 
1035 
50 
135 
62 
838 
292 
365 
840 
266 
916 
1041 
661 
913 
126 
32 
175 
254 
519 
701 
1061 
739 
354 
827 
1032 
52 
302 
957 
396 
640 
706 
586 
642 
818 
976 
732 
456 
631 
171 
593 
473 
762 
676 
690 
785 
33 
921 
234 
137 
41 
122 
688 
379 
892 
375 
416 
641 
522 
740 
724 
542 
173 
154 
262 
412 
1018 
944 
395 
810 
947 
347 
791 
617 
517 
700 
308 
833 
793 
1029 
532 
566 
337 
671 
464 
618 
468 
884 
17 
880 
180 
469 
917 
895 
436 
771 
199 
374 
5 
685 
584 
429 
125 
804 
847 
94 
569 
351 
813 
822 
406 
998 
454 
272 
279 
82 
967 
440 
889 
474 
372 
270 
717 
523 
607 
326 
710 
273 
447 
367 
15 
40 
243 
166 
981 
886 
612 
84 
653 
684 
866 
92 
978 
100 
18 
306 
1001 
324 
359 
355 
460 
596 
703 
698 
1042 
929 
134 
304 
763 
952 
615 
176 
812 
