38 
515 
606 
151 
427 
1031 
964 
198 
959 
901 
143 
614 
51 
100 
293 
537 
791 
417 
153 
473 
521 
667 
1041 
147 
349 
448 
432 
189 
330 
819 
1060 
455 
221 
185 
384 
685 
958 
157 
771 
317 
995 
77 
666 
877 
21 
420 
249 
170 
326 
585 
991 
978 
79 
752 
200 
563 
204 
70 
572 
867 
736 
365 
602 
486 
274 
362 
449 
390 
355 
919 
599 
898 
398 
487 
658 
324 
865 
30 
162 
671 
794 
847 
668 
461 
532 
860 
894 
612 
971 
251 
185 
760 
343 
560 
535 
980 
145 
920 
215 
843 
137 
796 
977 
363 
935 
360 
22 
199 
472 
848 
255 
147 
676 
489 
408 
886 
1 
96 
476 
764 
785 
354 
662 
984 
846 
235 
931 
73 
952 
298 
548 
769 
587 
163 
951 
933 
747 
832 
121 
24 
601 
409 
859 
156 
253 
109 
704 
373 
930 
879 
333 
541 
680 
1024 
231 
349 
143 
440 
45 
176 
35 
92 
166 
212 
410 
778 
600 
94 
146 
86 
376 
426 
525 
334 
595 
84 
874 
873 
973 
768 
932 
745 
900 
130 
814 
102 
268 
806 
702 
468 
882 
528 
706 
815 
190 
515 
605 
164 
329 
107 
976 
439 
912 
663 
436 
280 
263 
590 
562 
88 
1002 
188 
269 
589 
812 
579 
887 
719 
754 
895 
843 
766 
172 
116 
593 
733 
922 
678 
380 
824 
240 
993 
950 
241 
288 
763 
889 
403 
25 
54 
1060 
179 
838 
43 
76 
253 
132 
901 
572 
726 
48 
432 
388 
80 
779 
730 
709 
29 
821 
79 
537 
270 
602 
658 
796 
415 
580 
988 
238 
223 
594 
885 
194 
1013 
97 
13 
994 
235 
729 
357 
770 
233 
331 
623 
1015 
66 
296 
284 
367 
322 
698 
801 
106 
851 
431 
308 
411 
250 
1006 
468 
653 
304 
627 
1022 
776 
965 
579 
706 
513 
947 
201 
593 
480 
371 
790 
123 
559 
902 
121 
62 
616 
603 
821 
275 
337 
395 
420 
562 
391 
47 
105 
899 
972 
826 
750 
356 
141 
56 
552 
195 
609 
78 
1019 
321 
607 
486 
672 
233 
637 
784 
521 
60 
777 
933 
670 
489 
69 
928 
810 
172 
507 
916 
319 
561 
503 
1007 
357 
156 
1003 
401 
91 
1030 
897 
215 
710 
547 
379 
773 
212 
856 
84 
481 
787 
955 
575 
514 
563 
173 
1020 
703 
532 
185 
297 
314 
170 
14 
344 
189 
274 
644 
385 
474 
952 
92 
709 
120 
583 
960 
26 
239 
24 
585 
33 
650 
622 
318 
153 
941 
296 
216 
571 
998 
63 
250 
54 
395 
151 
840 
316 
23 
340 
839 
820 
885 
374 
792 
210 
305 
28 
487 
31 
387 
79 
958 
107 
311 
451 
732 
129 
660 
965 
772 
895 
1008 
113 
980 
485 
13 
816 
398 
469 
566 
574 
534 
372 
555 
785 
1016 
201 
533 
870 
750 
109 
222 
667 
851 
783 
423 
412 
349 
784 
956 
155 
490 
799 
523 
617 
996 
948 
951 
115 
328 
479 
952 
582 
190 
92 
775 
977 
887 
651 
872 
749 
447 
926 
325 
894 
233 
1020 
132 
682 
160 
270 
283 
857 
2 
298 
656 
499 
885 
1022 
143 
435 
62 
334 
371 
55 
213 
611 
203 
588 
391 
532 
889 
897 
405 
845 
140 
538 
903 
654 
240 
284 
12 
483 
442 
199 
496 
151 
668 
828 
648 
510 
834 
957 
311 
994 
946 
638 
746 
70 
156 
701 
175 
285 
94 
458 
440 
1000 
168 
307 
8 
23 
584 
145 
273 
178 
993 
568 
841 
450 
1007 
757 
615 
642 
38 
289 
1045 
755 
269 
356 
893 
56 
688 
67 
89 
805 
808 
359 
251 
991 
329 
40 
525 
943 
932 
514 
430 
305 
682 
803 
769 
1037 
495 
703 
497 
521 
765 
707 
772 
212 
868 
313 
330 
600 
129 
239 
953 
379 
470 
1023 
17 
225 
675 
865 
420 
737 
517 
680 
291 
276 
99 
852 
0 
561 
333 
54 
891 
77 
801 
206 
74 
693 
887 
585 
66 
912 
421 
264 
331 
110 
685 
897 
249 
399 
154 
150 
243 
955 
3 
385 
826 
177 
1017 
483 
324 
312 
18 
250 
1024 
855 
959 
156 
499 
907 
39 
512 
665 
643 
775 
437 
293 
270 
271 
255 
564 
788 
161 
946 
319 
530 
556 
450 
1029 
335 
862 
822 
221 
390 
144 
1060 
83 
419 
987 
225 
672 
961 
749 
407 
115 
460 
162 
583 
171 
207 
396 
804 
612 
809 
834 
145 
922 
163 
397 
28 
722 
902 
186 
371 
462 
235 
589 
1023 
141 
533 
209 
339 
456 
927 
632 
93 
586 
238 
465 
585 
434 
798 
701 
920 
435 
118 
757 
31 
993 
918 
582 
817 
538 
679 
737 
44 
992 
138 
547 
1015 
821 
885 
328 
341 
534 
361 
192 
410 
881 
244 
101 
426 
478 
930 
372 
1007 
459 
687 
561 
781 
540 
412 
889 
314 
430 
592 
867 
756 
395 
1019 
181 
488 
947 
30 
916 
236 
301 
449 
409 
173 
360 
718 
95 
346 
732 
1013 
1012 
100 
742 
37 
919 
193 
1054 
755 
1048 
396 
952 
293 
62 
893 
59 
800 
27 
214 
107 
400 
302 
492 
616 
522 
753 
1050 
751 
877 
190 
628 
558 
270 
244 
387 
349 
520 
388 
82 
471 
615 
442 
911 
368 
795 
516 
489 
752 
699 
463 
512 
497 
721 
359 
285 
595 
1047 
670 
989 
38 
937 
819 
42 
493 
630 
1053 
312 
979 
221 
936 
213 
141 
677 
515 
485 
340 
1002 
262 
277 
619 
243 
633 
376 
812 
652 
593 
1017 
1010 
401 
80 
250 
35 
208 
820 
149 
682 
434 
60 
502 
206 
531 
1032 
90 
1034 
920 
66 
161 
624 
934 
129 
413 
286 
131 
969 
391 
457 
718 
947 
985 
661 
597 
353 
653 
124 
1057 
586 
843 
414 
949 
840 
330 
325 
500 
674 
977 
1012 
86 
183 
394 
1048 
115 
63 
348 
389 
37 
917 
654 
778 
536 
1009 
466 
673 
95 
881 
168 
579 
508 
460 
220 
634 
832 
875 
663 
226 
354 
356 
314 
924 
422 
884 
1042 
477 
978 
1021 
424 
58 
915 
77 
925 
540 
486 
110 
295 
561 
79 
223 
1016 
928 
447 
765 
672 
902 
844 
169 
547 
712 
363 
981 
740 
230 
722 
89 
213 
935 
967 
305 
337 
591 
406 
216 
293 
539 
302 
854 
939 
646 
839 
964 
416 
781 
103 
272 
708 
554 
361 
227 
496 
232 
275 
601 
717 
751 
728 
963 
681 
46 
281 
665 
1006 
248 
676 
151 
913 
612 
372 
558 
532 
627 
276 
300 
770 
225 
984 
378 
658 
253 
1027 
732 
116 
458 
880 
364 
171 
493 
120 
468 
41 
148 
385 
521 
10 
490 
176 
132 
847 
715 
914 
645 
149 
694 
845 
753 
596 
44 
369 
91 
506 
807 
43 
437 
922 
130 
881 
461 
811 
314 
940 
123 
857 
122 
564 
472 
117 
417 
744 
99 
1034 
172 
575 
285 
277 
920 
526 
720 
317 
265 
349 
1049 
689 
767 
559 
574 
851 
855 
973 
491 
145 
766 
201 
351 
209 
197 
86 
200 
211 
639 
725 
318 
398 
283 
473 
377 
820 
371 
856 
517 
1013 
199 
723 
247 
307 
752 
740 
828 
681 
666 
889 
578 
135 
929 
443 
589 
624 
156 
887 
404 
866 
739 
485 
420 
54 
400 
57 
859 
587 
245 
875 
951 
688 
912 
777 
432 
452 
660 
746 
522 
853 
979 
274 
469 
572 
1040 
950 
298 
60 
622 
133 
1024 
864 
1018 
361 
42 
481 
878 
711 
704 
445 
438 
449 
495 
982 
37 
237 
759 
938 
1016 
994 
1057 
47 
996 
84 
261 
159 
14 
501 
212 
834 
974 
77 
894 
872 
957 
814 
1003 
838 
1056 
403 
1029 
289 
311 
959 
357 
228 
202 
470 
1058 
985 
1023 
975 
17 
664 
998 
250 
596 
787 
555 
634 
1017 
863 
136 
292 
576 
8 
138 
288 
737 
801 
684 
999 
105 
900 
22 
0 
623 
947 
571 
919 
339 
456 
556 
112 
142 
577 
579 
330 
33 
631 
962 
995 
385 
13 
760 
406 
75 
165 
973 
627 
450 
743 
506 
673 
396 
946 
392 
715 
371 
304 
615 
111 
58 
988 
604 
270 
511 
705 
338 
225 
583 
657 
422 
860 
52 
742 
709 
459 
945 
922 
119 
297 
702 
594 
285 
328 
381 
144 
93 
352 
510 
436 
208 
599 
99 
62 
238 
1028 
189 
701 
758 
619 
91 
79 
850 
117 
842 
887 
536 
264 
135 
46 
215 
191 
593 
955 
493 
284 
204 
996 
294 
646 
575 
605 
997 
257 
48 
526 
1006 
263 
516 
314 
453 
347 
656 
145 
483 
825 
582 
185 
239 
909 
237 
877 
1048 
779 
3 
698 
235 
447 
719 
408 
1057 
233 
718 
278 
699 
585 
797 
401 
807 
485 
829 
976 
319 
821 
857 
1 
153 
272 
542 
740 
781 
147 
841 
261 
924 
311 
1060 
170 
442 
906 
83 
87 
385 
28 
212 
640 
394 
372 
427 
367 
865 
921 
787 
441 
386 
630 
964 
452 
617 
429 
934 
935 
56 
654 
901 
738 
1040 
78 
550 
440 
940 
666 
137 
888 
866 
871 
505 
824 
611 
750 
44 
765 
419 
121 
86 
556 
777 
43 
916 
694 
187 
954 
975 
292 
14 
293 
624 
961 
717 
104 
469 
894 
20 
599 
577 
941 
574 
712 
932 
343 
691 
776 
177 
278 
814 
1041 
18 
98 
32 
154 
81 
382 
410 
119 
741 
838 
349 
480 
835 
9 
693 
1005 
509 
730 
404 
460 
125 
602 
723 
729 
951 
627 
942 
1013 
115 
458 
525 
840 
1007 
823 
52 
355 
123 
210 
274 
918 
302 
971 
369 
433 
258 
140 
161 
978 
190 
686 
583 
1014 
637 
262 
656 
377 
58 
594 
645 
1008 
904 
203 
883 
193 
648 
234 
405 
25 
631 
89 
291 
342 
902 
253 
762 
851 
346 
1051 
484 
544 
660 
492 
166 
152 
208 
528 
497 
701 
936 
511 
685 
51 
225 
69 
969 
63 
760 
521 
943 
1000 
752 
812 
945 
128 
702 
913 
215 
34 
771 
299 
195 
468 
412 
1059 
259 
106 
778 
854 
837 
1026 
257 
896 
317 
182 
628 
775 
392 
288 
606 
221 
126 
277 
866 
770 
895 
301 
716 
243 
833 
745 
181 
1030 
515 
141 
116 
113 
371 
431 
889 
159 
315 
887 
162 
593 
759 
790 
691 
42 
64 
385 
663 
518 
441 
206 
85 
804 
664 
241 
339 
758 
630 
678 
153 
946 
498 
419 
929 
352 
1012 
676 
930 
962 
456 
826 
201 
313 
464 
319 
963 
900 
980 
677 
601 
667 
465 
297 
356 
857 
15 
587 
229 
67 
860 
543 
1016 
330 
558 
281 
124 
254 
24 
228 
710 
1032 
794 
204 
207 
169 
276 
510 
404 
365 
817 
841 
625 
687 
776 
859 
965 
130 
40 
418 
1044 
451 
580 
117 
650 
448 
192 
820 
393 
487 
700 
519 
920 
981 
563 
488 
374 
80 
956 
996 
4 
321 
450 
1011 
180 
583 
512 
588 
406 
751 
400 
538 
474 
524 
861 
439 
603 
258 
731 
1035 
325 
344 
923 
768 
119 
834 
463 
672 
1049 
131 
888 
165 
32 
594 
993 
186 
1005 
511 
883 
715 
45 
150 
25 
960 
63 
802 
1047 
88 
671 
919 
733 
797 
815 
675 
128 
421 
642 
557 
561 
635 
823 
622 
873 
455 
728 
906 
889 
245 
540 
602 
979 
381 
862 
1004 
416 
454 
641 
550 
152 
627 
183 
884 
410 
137 
422 
208 
354 
875 
168 
560 
708 
530 
646 
357 
777 
74 
909 
688 
657 
478 
346 
840 
138 
509 
46 
359 
572 
1023 
304 
617 
271 
189 
147 
497 
373 
268 
341 
825 
700 
108 
177 
582 
91 
882 
887 
1055 
414 
542 
31 
623 
314 
982 
900 
656 
778 
264 
1022 
363 
521 
766 
568 
155 
419 
903 
892 
957 
100 
42 
967 
17 
994 
801 
71 
305 
854 
1013 
1021 
68 
125 
824 
920 
640 
517 
973 
267 
477 
336 
567 
652 
469 
814 
951 
704 
910 
1031 
197 
983 
64 
527 
803 
61 
851 
921 
228 
407 
72 
479 
537 
307 
385 
57 
1006 
650 
744 
896 
343 
200 
655 
30 
756 
170 
482 
773 
286 
915 
853 
302 
782 
332 
287 
425 
328 
378 
123 
460 
691 
737 
799 
309 
846 
566 
412 
686 
199 
157 
436 
1054 
800 
400 
243 
604 
624 
249 
459 
562 
313 
1058 
452 
989 
426 
914 
498 
950 
890 
866 
504 
734 
14 
406 
480 
917 
1004 
490 
506 
162 
833 
544 
311 
449 
724 
939 
626 
677 
234 
362 
1003 
134 
135 
496 
1012 
856 
552 
870 
440 
441 
88 
139 
492 
1019 
636 
370 
832 
375 
175 
129 
601 
66 
198 
507 
909 
104 
826 
1040 
978 
317 
1059 
923 
987 
487 
300 
414 
549 
571 
206 
207 
336 
342 
92 
114 
861 
413 
418 
51 
990 
836 
70 
608 
116 
297 
470 
367 
615 
607 
531 
1045 
275 
922 
363 
649 
666 
1036 
1005 
448 
348 
784 
368 
369 
683 
165 
209 
334 
727 
823 
78 
982 
1034 
790 
623 
380 
882 
7 
755 
315 
542 
137 
475 
109 
694 
16 
301 
81 
502 
822 
834 
517 
522 
0 
894 
324 
983 
1 
295 
347 
782 
322 
944 
927 
587 
12 
59 
456 
763 
18 
633 
34 
940 
50 
774 
893 
568 
948 
30 
299 
515 
245 
427 
408 
442 
259 
984 
924 
240 
255 
388 
602 
219 
952 
212 
458 
541 
320 
1055 
808 
327 
574 
637 
358 
17 
272 
798 
1057 
598 
578 
1005 
716 
843 
293 
283 
935 
662 
449 
193 
678 
896 
310 
373 
970 
249 
728 
5 
224 
88 
337 
884 
879 
1019 
87 
1059 
845 
423 
222 
479 
1048 
450 
288 
725 
926 
393 
136 
993 
1014 
691 
567 
527 
109 
445 
123 
425 
314 
957 
1043 
634 
883 
447 
1038 
560 
190 
55 
490 
830 
528 
736 
159 
451 
10 
895 
1037 
625 
198 
995 
586 
200 
488 
529 
233 
794 
243 
671 
1018 
470 
677 
307 
549 
41 
90 
404 
91 
378 
669 
1052 
711 
444 
101 
640 
859 
880 
839 
421 
407 
360 
477 
897 
1029 
140 
197 
377 
613 
98 
473 
126 
1002 
39 
682 
748 
53 
214 
319 
742 
257 
100 
433 
969 
755 
7 
994 
410 
481 
65 
382 
437 
848 
122 
997 
342 
130 
747 
1030 
904 
1054 
788 
548 
74 
446 
289 
484 
28 
277 
213 
727 
322 
763 
556 
504 
968 
227 
513 
62 
452 
871 
178 
1033 
338 
760 
430 
764 
18 
351 
702 
836 
1003 
674 
242 
703 
812 
923 
223 
43 
182 
805 
596 
30 
276 
120 
367 
246 
753 
603 
776 
562 
931 
395 
990 
209 
902 
829 
154 
239 
531 
431 
480 
1011 
1061 
844 
950 
546 
263 
294 
59 
693 
680 
406 
927 
966 
365 
855 
195 
946 
814 
837 
515 
383 
654 
574 
376 
460 
254 
419 
27 
355 
326 
24 
478 
817 
886 
162 
150 
961 
369 
746 
523 
735 
159 
977 
9 
972 
273 
46 
530 
83 
818 
181 
514 
424 
666 
532 
138 
52 
164 
284 
627 
474 
490 
624 
694 
676 
363 
262 
506 
489 
765 
435 
571 
345 
781 
679 
750 
96 
599 
71 
45 
543 
1059 
652 
256 
411 
61 
611 
462 
438 
621 
88 
26 
958 
533 
366 
249 
405 
1006 
660 
41 
421 
205 
804 
194 
103 
1024 
509 
111 
713 
499 
930 
1010 
909 
644 
184 
576 
80 
1044 
623 
343 
503 
598 
1055 
933 
301 
987 
656 
771 
146 
23 
422 
266 
1046 
594 
740 
729 
199 
978 
327 
528 
539 
344 
864 
214 
639 
704 
992 
246 
845 
261 
882 
1031 
203 
1 
56 
229 
328 
260 
879 
974 
292 
124 
439 
351 
50 
981 
641 
584 
112 
296 
708 
934 
201 
465 
744 
869 
885 
11 
135 
861 
572 
785 
158 
387 
893 
605 
1029 
936 
830 
232 
761 
67 
234 
625 
709 
699 
927 
18 
441 
723 
32 
286 
1050 
537 
853 
233 
948 
325 
1017 
382 
510 
33 
174 
951 
849 
484 
352 
386 
553 
1007 
391 
197 
617 
68 
1037 
618 
806 
669 
659 
253 
1001 
923 
555 
960 
35 
156 
556 
937 
54 
583 
574 
658 
908 
1038 
988 
148 
485 
614 
1002 
273 
982 
741 
834 
749 
856 
126 
193 
791 
493 
938 
738 
795 
871 
288 
130 
133 
228 
673 
667 
279 
636 
173 
838 
64 
772 
504 
319 
442 
831 
332 
412 
800 
169 
538 
973 
283 
281 
757 
514 
682 
566 
142 
569 
370 
733 
447 
221 
243 
462 
793 
1005 
657 
481 
594 
1060 
440 
308 
365 
355 
376 
1009 
276 
394 
467 
46 
331 
1053 
240 
534 
1030 
427 
728 
812 
567 
1051 
949 
608 
122 
759 
762 
409 
545 
962 
935 
753 
384 
106 
23 
1008 
170 
152 
513 
619 
760 
1048 
349 
456 
31 
272 
298 
136 
628 
305 
568 
932 
508 
436 
101 
894 
640 
829 
1061 
705 
714 
872 
542 
473 
383 
1028 
235 
465 
750 
213 
842 
314 
1055 
509 
75 
638 
313 
112 
651 
540 
610 
515 
883 
921 
114 
1034 
668 
501 
723 
764 
405 
977 
621 
520 
168 
767 
890 
116 
139 
362 
352 
284 
833 
745 
854 
646 
125 
631 
860 
93 
609 
687 
672 
564 
91 
238 
76 
277 
862 
351 
719 
573 
601 
897 
991 
645 
662 
102 
1016 
866 
976 
1013 
641 
27 
491 
569 
992 
823 
368 
297 
13 
367 
649 
965 
648 
245 
256 
1011 
882 
196 
135 
582 
1059 
729 
327 
58 
340 
604 
5 
433 
536 
653 
1024 
632 
378 
776 
425 
82 
166 
975 
793 
449 
562 
148 
490 
822 
96 
430 
428 
470 
557 
643 
282 
1019 
647 
342 
589 
318 
886 
565 
316 
635 
257 
1005 
11 
247 
560 
455 
153 
817 
84 
236 
396 
532 
877 
254 
1047 
231 
485 
933 
785 
179 
923 
994 
97 
283 
943 
308 
656 
244 
948 
701 
619 
1001 
765 
472 
358 
644 
583 
232 
1025 
963 
402 
512 
234 
151 
818 
909 
185 
545 
54 
966 
580 
161 
1017 
774 
913 
929 
302 
990 
796 
546 
907 
904 
746 
664 
503 
528 
1026 
782 
639 
646 
361 
493 
213 
751 
681 
928 
968 
368 
334 
269 
778 
775 
543 
972 
815 
856 
977 
724 
111 
76 
892 
693 
901 
620 
103 
720 
285 
932 
911 
916 
61 
399 
673 
460 
440 
776 
245 
515 
878 
988 
501 
56 
902 
370 
970 
303 
749 
112 
568 
248 
707 
1004 
488 
574 
60 
62 
475 
941 
122 
278 
462 
649 
163 
1048 
669 
544 
304 
451 
530 
30 
329 
143 
482 
634 
992 
206 
290 
187 
764 
609 
516 
94 
473 
518 
883 
651 
447 
667 
203 
811 
534 
313 
880 
540 
125 
886 
699 
625 
504 
407 
214 
66 
949 
598 
1007 
1029 
1060 
742 
263 
889 
743 
142 
725 
519 
57 
831 
577 
126 
800 
712 
789 
301 
744 
158 
834 
682 
164 
113 
444 
24 
390 
863 
295 
531 
40 
514 
39 
824 
319 
129 
872 
961 
604 
938 
226 
552 
466 
958 
611 
341 
152 
1028 
14 
11 
438 
1005 
572 
277 
2 
1021 
211 
566 
274 
937 
188 
178 
576 
956 
340 
411 
26 
123 
874 
1010 
254 
397 
443 
37 
630 
839 
1002 
1037 
628 
204 
50 
1024 
772 
952 
976 
29 
18 
17 
79 
930 
1054 
339 
106 
581 
621 
751 
115 
990 
693 
561 
54 
893 
762 
1019 
359 
452 
849 
130 
96 
974 
1011 
546 
820 
314 
939 
890 
508 
704 
779 
854 
479 
837 
574 
947 
253 
119 
498 
542 
418 
40 
798 
474 
968 
539 
983 
915 
68 
183 
404 
928 
291 
97 
920 
591 
453 
887 
868 
324 
517 
28 
459 
711 
71 
822 
221 
899 
460 
157 
1042 
632 
84 
45 
992 
1050 
293 
986 
510 
780 
853 
67 
761 
333 
565 
262 
1057 
882 
483 
567 
514 
857 
426 
813 
961 
850 
817 
938 
732 
848 
161 
362 
846 
59 
511 
259 
357 
325 
344 
959 
86 
911 
213 
788 
725 
255 
1033 
1040 
948 
528 
615 
549 
277 
844 
23 
337 
795 
800 
120 
338 
458 
935 
847 
142 
998 
381 
422 
109 
471 
1060 
185 
703 
233 
545 
156 
188 
582 
894 
680 
585 
612 
321 
416 
534 
389 
414 
160 
403 
922 
487 
393 
1014 
856 
66 
695 
29 
1020 
493 
241 
685 
839 
633 
972 
427 
665 
1044 
488 
175 
373 
214 
141 
122 
349 
735 
432 
598 
41 
485 
1008 
774 
586 
710 
924 
824 
869 
577 
322 
1037 
990 
821 
374 
792 
833 
134 
626 
1036 
361 
211 
145 
412 
494 
721 
323 
269 
251 
698 
781 
658 
388 
392 
429 
215 
291 
98 
206 
843 
689 
794 
568 
3 
697 
67 
709 
151 
140 
272 
905 
890 
999 
476 
285 
638 
1059 
287 
218 
613 
953 
862 
64 
782 
652 
886 
192 
9 
997 
609 
130 
715 
402 
390 
581 
952 
819 
692 
94 
177 
967 
93 
437 
973 
873 
504 
163 
2 
184 
15 
1016 
963 
713 
334 
993 
471 
397 
747 
567 
737 
854 
601 
517 
168 
196 
131 
426 
555 
138 
576 
320 
639 
420 
375 
329 
895 
678 
649 
445 
309 
668 
174 
787 
842 
877 
987 
790 
112 
791 
431 
217 
599 
450 
454 
365 
99 
382 
154 
68 
71 
83 
250 
339 
484 
891 
590 
333 
461 
641 
478 
786 
206 
252 
700 
277 
290 
455 
259 
1043 
632 
939 
456 
231 
617 
225 
759 
1002 
108 
544 
642 
302 
896 
308 
900 
87 
503 
934 
518 
492 
523 
328 
1018 
219 
391 
524 
686 
1013 
879 
659 
223 
509 
773 
848 
482 
85 
780 
1038 
984 
136 
563 
1047 
777 
107 
325 
960 
784 
717 
117 
50 
520 
702 
46 
262 
453 
979 
35 
247 
798 
743 
1030 
96 
386 
853 
326 
594 
337 
408 
1044 
441 
851 
1005 
232 
281 
293 
34 
681 
226 
388 
78 
1001 
591 
199 
15 
977 
413 
990 
912 
466 
552 
480 
298 
355 
652 
180 
832 
338 
352 
933 
868 
525 
440 
173 
69 
317 
383 
867 
820 
427 
554 
925 
195 
815 
911 
99 
106 
185 
988 
434 
428 
710 
127 
998 
401 
862 
836 
859 
459 
346 
626 
706 
913 
316 
519 
671 
75 
123 
497 
561 
826 
457 
555 
435 
631 
738 
266 
976 
300 
888 
640 
510 
656 
766 
1016 
37 
115 
423 
273 
1021 
444 
763 
462 
116 
77 
28 
566 
775 
816 
908 
416 
134 
611 
565 
1018 
974 
460 
545 
209 
41 
154 
918 
121 
578 
711 
619 
490 
24 
1025 
827 
1054 
334 
926 
486 
650 
2 
213 
403 
768 
45 
995 
62 
835 
491 
559 
392 
137 
349 
729 
806 
390 
732 
1020 
331 
674 
516 
296 
708 
607 
828 
396 
464 
474 
109 
235 
867 
986 
829 
321 
950 
430 
712 
914 
942 
198 
506 
612 
324 
1032 
39 
249 
494 
1045 
196 
623 
770 
764 
265 
370 
1028 
365 
108 
832 
489 
658 
645 
508 
43 
431 
865 
811 
446 
1039 
225 
1002 
668 
944 
1047 
492 
971 
1031 
224 
434 
467 
947 
932 
858 
468 
557 
931 
639 
526 
925 
503 
967 
697 
208 
827 
184 
38 
520 
417 
1037 
346 
614 
707 
421 
326 
895 
127 
53 
1061 
884 
948 
689 
55 
21 
144 
852 
994 
333 
809 
229 
460 
1015 
56 
233 
803 
536 
906 
284 
588 
304 
266 
389 
289 
247 
750 
833 
999 
660 
234 
459 
424 
117 
780 
953 
560 
893 
1044 
528 
1026 
344 
454 
633 
395 
902 
484 
643 
14 
32 
292 
189 
90 
364 
608 
420 
839 
529 
610 
176 
735 
9 
760 
985 
667 
33 
599 
1010 
815 
422 
574 
54 
367 
85 
83 
107 
795 
806 
642 
40 
688 
773 
641 
439 
406 
242 
537 
624 
323 
746 
1025 
143 
1023 
37 
473 
201 
1034 
329 
905 
385 
114 
737 
757 
308 
381 
476 
756 
222 
635 
106 
72 
816 
997 
834 
973 
584 
631 
899 
1032 
933 
502 
27 
87 
26 
73 
28 
268 
453 
89 
256 
1005 
661 
218 
100 
77 
544 
721 
570 
249 
300 
626 
729 
61 
30 
165 
334 
452 
942 
142 
908 
618 
338 
868 
864 
928 
1054 
965 
167 
485 
548 
627 
950 
400 
662 
173 
118 
248 
251 
433 
808 
668 
990 
910 
782 
255 
768 
524 
164 
124 
213 
456 
203 
586 
175 
307 
534 
912 
428 
1019 
513 
125 
978 
887 
968 
1001 
332 
835 
854 
305 
799 
85 
10 
827 
71 
715 
894 
272 
916 
736 
1033 
317 
363 
696 
1004 
767 
13 
745 
703 
15 
463 
952 
39 
876 
1003 
209 
832 
302 
460 
549 
418 
858 
390 
353 
551 
672 
567 
1057 
882 
115 
315 
580 
36 
44 
1 
1015 
797 
538 
596 
1007 
421 
373 
259 
582 
320 
19 
993 
867 
264 
238 
552 
7 
620 
505 
69 
68 
777 
215 
994 
250 
103 
462 
500 
1031 
680 
287 
139 
189 
727 
306 
33 
604 
976 
986 
895 
57 
849 
121 
728 
484 
718 
21 
393 
546 
263 
388 
366 
386 
208 
228 
579 
924 
623 
280 
172 
937 
429 
399 
921 
486 
325 
557 
508 
547 
554 
850 
841 
73 
269 
414 
695 
666 
733 
147 
693 
158 
906 
722 
935 
814 
413 
592 
741 
501 
536 
803 
1035 
948 
837 
309 
303 
270 
216 
319 
5 
273 
998 
1009 
64 
953 
449 
454 
184 
581 
337 
457 
977 
779 
213 
819 
730 
12 
714 
1028 
49 
438 
902 
1014 
417 
143 
932 
615 
267 
489 
827 
161 
0 
951 
820 
788 
821 
795 
130 
317 
169 
521 
995 
434 
710 
349 
607 
1032 
109 
526 
439 
192 
66 
860 
456 
374 
744 
676 
806 
870 
80 
842 
175 
614 
119 
290 
507 
133 
252 
406 
297 
249 
855 
796 
70 
618 
931 
139 
426 
950 
28 
214 
1015 
166 
825 
242 
982 
240 
402 
703 
307 
807 
411 
638 
715 
298 
13 
1002 
1001 
611 
636 
77 
533 
1036 
260 
829 
255 
128 
942 
764 
601 
725 
639 
921 
226 
540 
274 
114 
956 
483 
370 
314 
745 
473 
757 
102 
191 
224 
210 
325 
382 
174 
504 
631 
720 
558 
510 
846 
26 
734 
1005 
308 
467 
284 
672 
641 
359 
967 
487 
59 
1037 
621 
1016 
595 
381 
482 
867 
285 
593 
554 
416 
889 
583 
23 
743 
530 
902 
431 
150 
90 
428 
590 
279 
794 
536 
1044 
489 
257 
25 
91 
768 
396 
848 
349 
103 
345 
69 
1029 
312 
515 
925 
549 
10 
68 
658 
619 
236 
930 
323 
973 
719 
989 
198 
246 
394 
1035 
684 
182 
403 
572 
463 
728 
1012 
569 
1048 
45 
421 
484 
430 
189 
818 
287 
508 
994 
850 
47 
332 
711 
823 
94 
316 
179 
801 
936 
410 
12 
667 
196 
959 
213 
712 
357 
612 
713 
738 
341 
699 
268 
56 
162 
905 
539 
860 
234 
770 
485 
809 
552 
331 
488 
1052 
875 
714 
853 
215 
419 
254 
15 
200 
779 
916 
854 
909 
550 
692 
311 
759 
498 
906 
584 
622 
60 
118 
900 
660 
33 
1040 
84 
790 
607 
168 
983 
407 
75 
765 
455 
156 
134 
911 
639 
99 
1031 
251 
647 
470 
1059 
796 
815 
21 
965 
142 
611 
384 
495 
520 
922 
686 
941 
67 
166 
917 
1046 
385 
493 
375 
935 
183 
605 
352 
1056 
810 
680 
513 
954 
821 
1043 
791 
625 
122 
333 
518 
529 
97 
997 
524 
159 
546 
581 
1019 
68 
276 
561 
212 
329 
969 
98 
490 
447 
95 
492 
350 
1023 
54 
925 
1033 
1012 
527 
338 
865 
282 
929 
539 
330 
266 
947 
391 
640 
413 
422 
877 
479 
332 
372 
500 
445 
141 
589 
800 
160 
957 
369 
107 
151 
231 
466 
572 
91 
658 
109 
192 
624 
219 
53 
678 
114 
1036 
608 
833 
612 
63 
146 
476 
848 
691 
785 
535 
657 
440 
214 
687 
793 
876 
648 
747 
804 
74 
934 
838 
761 
885 
963 
862 
193 
326 
694 
443 
882 
178 
242 
358 
844 
742 
836 
629 
348 
452 
948 
1014 
381 
685 
730 
1052 
240 
696 
871 
291 
228 
171 
569 
111 
819 
1004 
140 
511 
774 
129 
471 
994 
144 
1024 
859 
822 
665 
267 
180 
845 
331 
496 
368 
295 
374 
784 
258 
312 
458 
758 
281 
708 
982 
699 
1008 
271 
371 
817 
928 
305 
705 
51 
599 
549 
650 
55 
60 
841 
854 
438 
824 
543 
746 
1060 
767 
815 
683 
603 
165 
725 
1029 
579 
181 
292 
298 
347 
763 
137 
770 
829 
1031 
680 
828 
461 
247 
1027 
383 
518 
110 
319 
96 
334 
944 
689 
136 
21 
287 
529 
645 
9 
992 
703 
687 
698 
608 
185 
565 
772 
145 
953 
985 
468 
252 
487 
492 
755 
249 
315 
352 
653 
41 
590 
243 
7 
712 
422 
424 
341 
191 
677 
103 
225 
224 
534 
627 
26 
268 
678 
945 
138 
456 
601 
410 
372 
429 
320 
118 
886 
1009 
879 
1017 
172 
302 
524 
67 
807 
494 
324 
640 
391 
502 
810 
674 
946 
270 
376 
806 
407 
91 
426 
293 
907 
109 
309 
285 
127 
666 
36 
846 
664 
25 
908 
124 
430 
546 
934 
614 
676 
256 
950 
553 
16 
570 
558 
922 
143 
967 
837 
78 
912 
382 
630 
1016 
556 
332 
92 
655 
229 
1008 
567 
414 
452 
610 
900 
17 
526 
804 
12 
704 
948 
217 
254 
962 
681 
986 
901 
46 
475 
566 
176 
508 
182 
498 
913 
954 
894 
265 
867 
33 
920 
734 
1034 
338 
557 
403 
512 
1028 
321 
731 
897 
695 
656 
830 
240 
107 
154 
18 
474 
746 
748 
796 
122 
129 
599 
34 
812 
678 
633 
559 
899 
686 
106 
956 
569 
137 
555 
583 
26 
334 
28 
839 
439 
365 
95 
616 
483 
4 
963 
639 
958 
1036 
219 
200 
10 
147 
951 
646 
885 
315 
281 
368 
816 
149 
627 
387 
535 
461 
781 
970 
545 
1058 
729 
880 
100 
618 
1001 
276 
531 
1039 
191 
730 
926 
534 
435 
97 
614 
981 
190 
280 
303 
1000 
234 
546 
380 
105 
148 
442 
987 
562 
621 
86 
865 
318 
486 
526 
19 
71 
650 
1004 
113 
675 
575 
847 
574 
151 
944 
960 
914 
431 
967 
511 
1010 
642 
882 
604 
572 
919 
619 
760 
499 
878 
267 
388 
688 
609 
774 
761 
489 
91 
586 
663 
290 
176 
22 
837 
523 
141 
717 
494 
952 
418 
310 
128 
319 
1029 
1050 
207 
509 
161 
933 
873 
184 
528 
811 
521 
778 
937 
464 
703 
74 
438 
1060 
332 
398 
807 
1 
1022 
89 
192 
12 
1018 
378 
822 
381 
744 
711 
859 
544 
80 
648 
550 
397 
444 
976 
1012 
293 
248 
342 
943 
140 
304 
1023 
564 
133 
668 
368 
107 
1061 
553 
907 
585 
454 
53 
889 
5 
922 
390 
843 
520 
260 
674 
6 
448 
502 
1013 
330 
285 
345 
613 
469 
194 
79 
948 
958 
660 
392 
683 
82 
814 
767 
946 
1011 
410 
598 
709 
507 
1031 
471 
143 
259 
25 
90 
163 
363 
64 
68 
508 
541 
166 
219 
762 
488 
966 
998 
491 
214 
930 
160 
996 
535 
641 
664 
899 
165 
246 
170 
639 
426 
421 
651 
672 
790 
733 
431 
980 
634 
425 
568 
379 
785 
372 
354 
686 
55 
152 
172 
289 
400 
296 
331 
684 
797 
589 
555 
628 
352 
142 
769 
86 
270 
687 
777 
151 
489 
406 
694 
195 
900 
861 
1028 
269 
881 
766 
929 
706 
199 
617 
516 
659 
359 
70 
239 
146 
619 
760 
627 
244 
1037 
880 
991 
198 
403 
968 
629 
819 
365 
960 
973 
895 
796 
312 
655 
905 
136 
30 
618 
737 
976 
58 
91 
284 
420 
875 
1001 
831 
125 
525 
176 
1040 
233 
741 
670 
38 
975 
807 
896 
371 
713 
855 
206 
912 
518 
436 
1041 
387 
533 
743 
755 
918 
600 
95 
668 
98 
909 
962 
115 
671 
585 
338 
65 
446 
840 
722 
456 
943 
540 
731 
327 
549 
623 
1021 
266 
102 
108 
490 
802 
804 
77 
557 
669 
699 
931 
79 
507 
728 
305 
907 
1033 
621 
884 
725 
458 
710 
26 
934 
12 
649 
765 
534 
139 
863 
767 
676 
173 
433 
232 
614 
188 
185 
544 
34 
526 
229 
344 
667 
14 
569 
217 
114 
527 
69 
626 
1022 
495 
554 
611 
707 
748 
588 
1029 
643 
682 
267 
1056 
356 
1018 
624 
917 
298 
313 
862 
536 
422 
750 
772 
572 
461 
704 
968 
847 
879 
504 
23 
546 
183 
317 
645 
999 
247 
402 
105 
190 
75 
777 
157 
68 
870 
225 
496 
564 
189 
858 
113 
1044 
337 
215 
759 
535 
256 
501 
871 
616 
355 
641 
429 
732 
604 
89 
678 
807 
187 
363 
341 
306 
418 
986 
753 
218 
590 
0 
1028 
601 
389 
566 
149 
8 
70 
677 
797 
268 
42 
4 
59 
890 
57 
895 
1059 
956 
662 
462 
140 
197 
210 
644 
763 
79 
354 
846 
633 
375 
631 
886 
997 
40 
699 
828 
353 
311 
711 
167 
219 
966 
991 
174 
302 
990 
849 
710 
329 
490 
1008 
94 
106 
795 
165 
555 
100 
399 
51 
605 
96 
460 
326 
1016 
1035 
561 
161 
60 
122 
785 
483 
799 
392 
27 
926 
1042 
207 
548 
824 
303 
54 
452 
780 
506 
831 
142 
443 
1048 
745 
776 
34 
941 
1003 
958 
961 
735 
489 
211 
214 
1006 
859 
897 
904 
615 
679 
150 
264 
44 
973 
414 
791 
494 
689 
668 
979 
970 
936 
291 
364 
223 
713 
22 
487 
444 
508 
517 
955 
976 
145 
260 
539 
409 
1017 
540 
442 
447 
16 
804 
74 
589 
400 
649 
85 
340 
575 
472 
939 
63 
681 
733 
37 
877 
692 
281 
479 
289 
742 
636 
234 
588 
176 
950 
5 
391 
812 
428 
0 
368 
433 
301 
746 
140 
137 
709 
265 
905 
158 
455 
921 
498 
501 
814 
984 
769 
141 
813 
170 
851 
83 
322 
691 
962 
1053 
737 
868 
684 
662 
29 
504 
808 
1023 
378 
48 
372 
1029 
288 
25 
326 
471 
282 
349 
577 
884 
887 
894 
801 
729 
8 
177 
839 
189 
217 
476 
786 
1037 
1032 
313 
822 
658 
815 
261 
478 
717 
200 
818 
942 
164 
584 
337 
978 
876 
630 
302 
90 
492 
293 
521 
133 
596 
506 
1060 
380 
213 
661 
451 
710 
457 
130 
449 
131 
536 
629 
320 
806 
542 
57 
795 
212 
51 
689 
228 
946 
856 
329 
436 
617 
787 
925 
361 
932 
370 
601 
873 
126 
855 
205 
31 
540 
1001 
988 
432 
5 
773 
209 
35 
113 
110 
670 
68 
226 
671 
524 
889 
500 
169 
186 
294 
911 
568 
878 
756 
486 
311 
216 
11 
425 
104 
869 
699 
716 
746 
255 
572 
455 
389 
359 
230 
348 
446 
283 
22 
325 
214 
323 
523 
1010 
396 
333 
721 
1034 
763 
566 
846 
75 
547 
63 
989 
933 
544 
253 
644 
688 
781 
747 
201 
793 
474 
178 
223 
772 
637 
403 
41 
292 
695 
986 
236 
60 
522 
788 
774 
435 
196 
106 
910 
4 
515 
594 
118 
227 
915 
152 
274 
645 
99 
941 
147 
768 
330 
443 
114 
198 
885 
250 
1022 
17 
308 
184 
743 
488 
974 
703 
751 
881 
882 
1049 
49 
641 
116 
2 
958 
84 
170 
365 
1048 
1057 
759 
1028 
245 
840 
119 
231 
1000 
421 
525 
208 
1038 
423 
849 
819 
1004 
967 
366 
38 
520 
623 
485 
574 
1014 
675 
404 
133 
1037 
144 
33 
477 
153 
676 
232 
436 
58 
136 
364 
552 
1060 
962 
318 
251 
581 
913 
344 
652 
867 
606 
43 
936 
1015 
140 
191 
256 
909 
382 
579 
394 
815 
1052 
697 
647 
146 
893 
197 
563 
331 
195 
713 
350 
448 
932 
711 
929 
562 
168 
804 
45 
812 
285 
955 
576 
481 
535 
830 
933 
794 
78 
260 
393 
791 
664 
544 
444 
724 
1053 
189 
138 
839 
870 
889 
993 
997 
145 
696 
15 
795 
727 
60 
454 
810 
1021 
638 
150 
705 
850 
242 
829 
342 
715 
991 
182 
266 
291 
529 
818 
338 
736 
786 
524 
848 
750 
290 
561 
1044 
626 
897 
390 
977 
267 
584 
315 
833 
501 
710 
112 
97 
756 
295 
1001 
1055 
1016 
335 
193 
907 
984 
445 
467 
117 
469 
371 
783 
894 
103 
270 
83 
177 
222 
107 
450 
20 
980 
257 
99 
298 
210 
957 
186 
324 
506 
420 
37 
902 
8 
435 
733 
585 
613 
255 
1028 
86 
91 
803 
546 
741 
864 
1025 
304 
683 
330 
961 
642 
41 
241 
293 
558 
457 
621 
940 
533 
165 
748 
332 
963 
749 
154 
827 
2 
855 
48 
1013 
286 
716 
684 
575 
392 
475 
809 
782 
1005 
594 
768 
239 
358 
661 
1057 
120 
896 
646 
106 
301 
333 
259 
114 
274 
595 
692 
838 
898 
800 
187 
658 
593 
972 
851 
693 
430 
625 
204 
622 
619 
68 
856 
573 
878 
559 
996 
197 
770 
922 
788 
1050 
289 
1020 
712 
1000 
382 
147 
978 
629 
128 
362 
897 
256 
586 
80 
504 
714 
765 
164 
766 
468 
999 
596 
577 
1010 
38 
709 
231 
102 
740 
421 
6 
112 
544 
489 
834 
816 
929 
490 
452 
281 
867 
169 
322 
1039 
648 
440 
460 
721 
1047 
295 
386 
808 
824 
1041 
371 
686 
507 
418 
118 
633 
718 
589 
752 
1016 
830 
131 
81 
129 
151 
767 
345 
724 
22 
292 
500 
411 
447 
342 
888 
383 
979 
457 
318 
746 
1012 
25 
43 
290 
891 
742 
536 
759 
669 
757 
528 
957 
280 
324 
11 
670 
223 
36 
13 
51 
677 
987 
356 
730 
384 
152 
85 
969 
1031 
614 
234 
1046 
781 
951 
294 
377 
1003 
379 
627 
133 
37 
792 
156 
842 
615 
1051 
840 
564 
989 
310 
337 
571 
585 
717 
764 
871 
277 
649 
246 
839 
731 
388 
481 
874 
297 
553 
593 
204 
79 
517 
170 
221 
885 
984 
635 
17 
76 
73 
77 
187 
283 
409 
968 
1030 
981 
899 
115 
103 
109 
872 
985 
636 
948 
732 
782 
406 
174 
963 
821 
727 
991 
853 
238 
211 
341 
41 
217 
33 
405 
617 
286 
382 
862 
484 
222 
913 
1026 
623 
690 
666 
769 
89 
462 
350 
805 
451 
1048 
964 
148 
329 
597 
638 
1004 
903 
743 
376 
682 
