0.069200 
0.083000 
0.085900 
0.087700 
0.089100 
0.090500 
0.093700 
0.095800 
0.097900 
0.099100 
0.099900 
0.100900 
0.101300 
0.107800 
0.109800 
0.111800 
0.111900 
0.113800 
0.114000 
0.116300 
0.116400 
0.117100 
0.117100 
0.117400 
0.118700 
0.119300 
0.120100 
0.121100 
0.122600 
0.123600 
0.124400 
0.128500 
0.131600 
0.131700 
0.134700 
0.135300 
0.135800 
0.135900 
0.136800 
0.138200 
0.138300 
0.139900 
0.140100 
0.144100 
0.145000 
0.147100 
0.148600 
0.148700 
0.149600 
0.153600 
0.153600 
0.154200 
0.155800 
0.156100 
0.158100 
0.160700 
0.161800 
0.164400 
0.164900 
0.164900 
0.166600 
0.166900 
0.167400 
0.167900 
0.169100 
0.169100 
0.171300 
0.171600 
0.172800 
0.174700 
0.180200 
0.181200 
0.181400 
0.181500 
0.183500 
0.187400 
0.192300 
0.197200 
0.197900 
0.198900 
0.199500 
0.200200 
0.201500 
0.202500 
0.202900 
0.203900 
0.204100 
0.205000 
0.205000 
0.205200 
0.206400 
0.209600 
0.210200 
0.210600 
0.210700 
0.210900 
0.215100 
0.215200 
0.215900 
0.216000 
0.216900 
0.218000 
0.218300 
0.220100 
0.220100 
0.222200 
0.224000 
0.224900 
0.226400 
0.227500 
0.229300 
0.230000 
0.232100 
0.232400 
0.233900 
0.234700 
0.235700 
0.236100 
0.236500 
0.236700 
0.237400 
0.238100 
0.238800 
0.238800 
0.239000 
0.239700 
0.240100 
0.242900 
0.243200 
0.243600 
0.244300 
0.244700 
0.244900 
0.245600 
0.245800 
0.246300 
0.246800 
0.247600 
0.248500 
0.248900 
0.249100 
0.249200 
0.249900 
0.250800 
0.251900 
0.252400 
0.252800 
0.253100 
0.254500 
0.256000 
0.256900 
0.258000 
0.261000 
0.261300 
0.262100 
0.263600 
0.264100 
0.264900 
0.267700 
0.267800 
0.268400 
0.268800 
0.268900 
0.269300 
0.269300 
0.271900 
0.273400 
0.275400 
0.276200 
0.278700 
0.279200 
0.279300 
0.279300 
0.281000 
0.281600 
0.283000 
0.283400 
0.284200 
0.285600 
0.285700 
0.286000 
0.288000 
0.288900 
0.289600 
0.289600 
0.289700 
0.289800 
0.290000 
0.292000 
0.292700 
0.293300 
0.296400 
0.298200 
0.300500 
0.301300 
0.301900 
0.303900 
0.305000 
0.305600 
0.308200 
0.308700 
0.308800 
0.309300 
0.309500 
0.311100 
0.312200 
0.312800 
0.314900 
0.316400 
0.316500 
0.316900 
0.317200 
0.317200 
0.317500 
0.318200 
0.320000 
0.320500 
0.320600 
0.321000 
0.321600 
0.322100 
0.324300 
0.325000 
0.325200 
0.326500 
0.326800 
0.327000 
0.330200 
0.330700 
0.331200 
0.331900 
0.332700 
0.333600 
0.334900 
0.336900 
0.339200 
0.342200 
0.342700 
0.343200 
0.344200 
0.344200 
0.346400 
0.350700 
0.351200 
0.351300 
0.352600 
0.353700 
0.353800 
0.355600 
0.355700 
0.356400 
0.356600 
0.356900 
0.359600 
0.359900 
0.360100 
0.363100 
0.365500 
0.365600 
0.366000 
0.366100 
0.367500 
0.370000 
0.371300 
0.371800 
0.373100 
0.373200 
0.376100 
0.376500 
0.376900 
0.377000 
0.378200 
0.380900 
0.381500 
0.382100 
0.384100 
0.385900 
0.386000 
0.388400 
0.389100 
0.389500 
0.390100 
0.392500 
0.392900 
0.397700 
0.397900 
0.399100 
0.401800 
0.402400 
0.402600 
0.404000 
0.404300 
0.404900 
0.408500 
0.409200 
0.410200 
0.410700 
0.411000 
0.411300 
0.411900 
0.412700 
0.413800 
0.414000 
0.414700 
0.415100 
0.415900 
0.416300 
0.417500 
0.418400 
0.419000 
0.420500 
0.423900 
0.424100 
0.425100 
0.425300 
0.425800 
0.426200 
0.429700 
0.430700 
0.433500 
0.433800 
0.434400 
0.434800 
0.435200 
0.437300 
0.438300 
0.439100 
0.439200 
0.439600 
0.440200 
0.441900 
0.442000 
0.446100 
0.448100 
0.449000 
0.451800 
0.452700 
0.454700 
0.455400 
0.455800 
0.460700 
0.463500 
0.464200 
0.464300 
0.464400 
0.465400 
0.465500 
0.467700 
0.469600 
0.469700 
0.470900 
0.474900 
0.475200 
0.475900 
0.476100 
0.476400 
0.477700 
0.478100 
0.479000 
0.479300 
0.479400 
0.479700 
0.480200 
0.480200 
0.481100 
0.481400 
0.482000 
0.482200 
0.485800 
0.488200 
0.489400 
0.490500 
0.491300 
0.491700 
0.494500 
0.495200 
0.495400 
0.495400 
0.495600 
0.497200 
0.499600 
0.499600 
0.500600 
0.500900 
0.502000 
0.502500 
0.502900 
0.503600 
0.506000 
0.506200 
0.507100 
0.507700 
0.510700 
0.512100 
0.512300 
0.513900 
0.514500 
0.514600 
0.517700 
0.518700 
0.519000 
0.519400 
0.519700 
0.520300 
0.520400 
0.520600 
0.522900 
0.524700 
0.526500 
0.527000 
0.528100 
0.529800 
0.531800 
0.533100 
0.533500 
0.533700 
0.533800 
0.534500 
0.534900 
0.536400 
0.536900 
0.536900 
0.539700 
0.540200 
0.540700 
0.542600 
0.542700 
0.543100 
0.543200 
0.543900 
0.545200 
0.545200 
0.545500 
0.546500 
0.547400 
0.548900 
0.549400 
0.550400 
0.552500 
0.553500 
0.553800 
0.554600 
0.554800 
0.555300 
0.556600 
0.557800 
0.558000 
0.561700 
0.563300 
0.564400 
0.567500 
0.569400 
0.569900 
0.570900 
0.571000 
0.574300 
0.575900 
0.577200 
0.577200 
0.577300 
0.577500 
0.579300 
0.582400 
0.583100 
0.585000 
0.585200 
0.585600 
0.586500 
0.587600 
0.587900 
0.589700 
0.589800 
0.589900 
0.589900 
0.590400 
0.591900 
0.592200 
0.592700 
0.593000 
0.593900 
0.594700 
0.594700 
0.597700 
0.598000 
0.598500 
0.598700 
0.600200 
0.600600 
0.602100 
0.603700 
0.609700 
0.610100 
0.610200 
0.613000 
0.613300 
0.613800 
0.617100 
0.617600 
0.618400 
0.618500 
0.620100 
0.620200 
0.621800 
0.624000 
0.624600 
0.626200 
0.626800 
0.627300 
0.629300 
0.633600 
0.634300 
0.636900 
0.636900 
0.637400 
0.637700 
0.638800 
0.639800 
0.642200 
0.644500 
0.645600 
0.646500 
0.648900 
0.650100 
0.651400 
0.652000 
0.653000 
0.654700 
0.655200 
0.655900 
0.656900 
0.658400 
0.659800 
0.662300 
0.662800 
0.663000 
0.663200 
0.664200 
0.664800 
0.665400 
0.665900 
0.667100 
0.667300 
0.669100 
0.669500 
0.669600 
0.671500 
0.673100 
0.673300 
0.673700 
0.674500 
0.674900 
0.676800 
0.677100 
0.677300 
0.677700 
0.678200 
0.679400 
0.680800 
0.681600 
0.681600 
0.682200 
0.682300 
0.683200 
0.683900 
0.684200 
0.686100 
0.686300 
0.688700 
0.688800 
0.692100 
0.692200 
0.693600 
0.694300 
0.695800 
0.698300 
0.699600 
0.700000 
0.700500 
0.701000 
0.701000 
0.701300 
0.703200 
0.703800 
0.705400 
0.705500 
0.709700 
0.709700 
0.709800 
0.710800 
0.712100 
0.712700 
0.714300 
0.714700 
0.715100 
0.715600 
0.715700 
0.719200 
0.720700 
0.721900 
0.723100 
0.723300 
0.723600 
0.724800 
0.724800 
0.726200 
0.726900 
0.727000 
0.727100 
0.728300 
0.731100 
0.731100 
0.731200 
0.731300 
0.732100 
0.732300 
0.733300 
0.733800 
0.734700 
0.740400 
0.740900 
0.741600 
0.742500 
0.742700 
0.746000 
0.746200 
0.747100 
0.747900 
0.748900 
0.750200 
0.751200 
0.752800 
0.754000 
0.754800 
0.755400 
0.756900 
0.757100 
0.757100 
0.759700 
0.761900 
0.762400 
0.763200 
0.766200 
0.767700 
0.769200 
0.769300 
0.769900 
0.770200 
0.770700 
0.773500 
0.774000 
0.776200 
0.777300 
0.777700 
0.778700 
0.778800 
0.780800 
0.781400 
0.782500 
0.782600 
0.784500 
0.785500 
0.787800 
0.788500 
0.790200 
0.791900 
0.793000 
0.794200 
0.794900 
0.796100 
0.796800 
0.796800 
0.796900 
0.797300 
0.798100 
0.798900 
0.800000 
0.802500 
0.804800 
0.804900 
0.806300 
0.806600 
0.806900 
0.807300 
0.810400 
0.810500 
0.810600 
0.810800 
0.812200 
0.812500 
0.813600 
0.815400 
0.818000 
0.819200 
0.819700 
0.820900 
0.821600 
0.822100 
0.823000 
0.823100 
0.824000 
0.824700 
0.825000 
0.827100 
0.827400 
0.828000 
0.828500 
0.828900 
0.829500 
0.831500 
0.831900 
0.833100 
0.833900 
0.834700 
0.835000 
0.836500 
0.836900 
0.837000 
0.838500 
0.838900 
0.839000 
0.841600 
0.844900 
0.846300 
0.846600 
0.847500 
0.848400 
0.849800 
0.854100 
0.856600 
0.860100 
0.860700 
0.860800 
0.862300 
0.863400 
0.867300 
0.868900 
0.869400 
0.870600 
0.874900 
0.875100 
0.875400 
0.876200 
0.876400 
0.876800 
0.877000 
0.877100 
0.878300 
0.878900 
0.879900 
0.882600 
0.883500 
0.883600 
0.884000 
0.884000 
0.884100 
0.885400 
0.885900 
0.886400 
0.887600 
0.889600 
0.890400 
0.891100 
0.892400 
0.892700 
0.893100 
0.894100 
0.894800 
0.894900 
0.895500 
0.895500 
0.897100 
0.897700 
0.899000 
0.900300 
0.902000 
0.906800 
0.907900 
0.909800 
0.910300 
0.911500 
0.912400 
0.914400 
0.917600 
0.917600 
0.917700 
0.918300 
0.919400 
0.919400 
0.922100 
0.922500 
0.922600 
0.923700 
0.924700 
0.926000 
0.926000 
0.928400 
0.928900 
0.929400 
0.929700 
0.930300 
0.930600 
0.930800 
0.932800 
0.933000 
0.934100 
0.934300 
0.935300 
0.935700 
0.936500 
0.937000 
0.938200 
0.941500 
0.941700 
0.942700 
0.944000 
0.945200 
0.946000 
0.947300 
0.947600 
0.947700 
0.947900 
0.948500 
0.948600 
0.950500 
0.955300 
0.956800 
0.957300 
0.958600 
0.958900 
0.960400 
0.967800 
0.968300 
0.970100 
0.970900 
0.971400 
0.972600 
0.976100 
0.976400 
0.977400 
0.978500 
0.978600 
0.979300 
0.979900 
0.981700 
0.983200 
0.985100 
0.986000 
0.986200 
0.986800 
0.987400 
0.987900 
0.989400 
0.991300 
0.992000 
0.992300 
0.992500 
0.993800 
0.994900 
0.995000 
0.995600 
0.997200 
0.997600 
0.997800 
0.999400 
0.999800 
1.000000 
1.000300 
1.000400 
1.000600 
1.001700 
1.003900 
1.004200 
1.004300 
1.005000 
1.006600 
1.008900 
1.010200 
1.010300 
1.012700 
1.013100 
1.013800 
1.017600 
1.018400 
1.018600 
1.019300 
1.019400 
1.022300 
1.022400 
1.023800 
1.023900 
1.024800 
1.025400 
1.025600 
1.025900 
1.026900 
1.028200 
1.028300 
1.028800 
1.030000 
1.030600 
1.031000 
1.031500 
1.032000 
1.032200 
1.033300 
1.033900 
1.033900 
1.034200 
1.034300 
1.034600 
1.034700 
1.035900 
1.036900 
1.037800 
1.038700 
1.038800 
1.040100 
1.040600 
1.040900 
1.041400 
1.041900 
1.042800 
1.043100 
1.044600 
1.044700 
1.045400 
1.045400 
1.045700 
1.046300 
1.046800 
1.046900 
1.047400 
1.047800 
1.049700 
1.049800 
1.050300 
1.051800 
1.052600 
1.052600 
1.053100 
1.053400 
1.054800 
1.054800 
1.055300 
1.055300 
1.055400 
1.056400 
1.057300 
1.057700 
1.057900 
1.058400 
1.059200 
1.060800 
1.060900 
1.061000 
1.061000 
1.061700 
1.062100 
1.062100 
1.064100 
1.064300 
1.065200 
1.065200 
1.065400 
1.066300 
1.066500 
1.068100 
1.068300 
1.069800 
1.070100 
1.071100 
1.071300 
1.072500 
1.072900 
1.073200 
1.076000 
1.076100 
1.076800 
1.076900 
1.077200 
1.079000 
1.079700 
1.081100 
1.083300 
1.084200 
1.084400 
1.085200 
1.085400 
1.085700 
1.086100 
1.086100 
1.086900 
1.088400 
1.088800 
1.089300 
1.089600 
1.089900 
1.090500 
1.090900 
1.093000 
1.093600 
1.093700 
1.095500 
1.095600 
1.095700 
1.096200 
1.096200 
1.096700 
1.097700 
1.097800 
1.100000 
1.100200 
1.100300 
1.102100 
1.103200 
1.104500 
1.105100 
1.105500 
1.107000 
1.108100 
1.108200 
1.108500 
1.109900 
1.110700 
1.111000 
1.111100 
1.111200 
1.111200 
1.111400 
1.112100 
1.112200 
1.112800 
1.114000 
1.114600 
1.115900 
1.117300 
1.117700 
1.117700 
1.118400 
1.118800 
1.119700 
1.119700 
1.119700 
1.120200 
1.120700 
1.121900 
1.121900 
1.124200 
1.124500 
1.124500 
1.124900 
1.125100 
1.125900 
1.126000 
1.127100 
1.127200 
1.129900 
1.130100 
1.130100 
1.130900 
1.131300 
1.131900 
1.132000 
1.132400 
1.133800 
1.134800 
1.135900 
1.135900 
1.136600 
1.137100 
1.137900 
1.138600 
1.139300 
1.139400 
1.140200 
1.142400 
1.142500 
1.143300 
1.143500 
1.143900 
1.144000 
1.144500 
1.144800 
1.145600 
1.145900 
1.146700 
1.147400 
1.147400 
1.147400 
1.147400 
1.149900 
1.150500 
1.151000 
1.153200 
1.153300 
1.153400 
1.154200 
1.154500 
1.156600 
1.157200 
1.157400 
1.158900 
1.160700 
1.161400 
1.161400 
1.163200 
1.164000 
1.165600 
1.166900 
1.166900 
1.169200 
1.170200 
1.170900 
1.172700 
1.172700 
1.173000 
1.173700 
1.174000 
1.174800 
1.174900 
1.175000 
1.175200 
1.176100 
1.176300 
1.176300 
1.177100 
1.177800 
1.177900 
1.178100 
1.178200 
1.178600 
1.179900 
1.180500 
1.180800 
1.180900 
1.181400 
1.181600 
1.181600 
1.183000 
1.183100 
1.183400 
1.183700 
1.183800 
1.185200 
1.185400 
1.185700 
1.186000 
1.186200 
1.187200 
1.188400 
1.189200 
1.190400 
1.191300 
1.191500 
1.192100 
1.192800 
1.193200 
1.194500 
1.195700 
1.196000 
1.196000 
1.196200 
1.196200 
1.197000 
1.198100 
1.198900 
1.199300 
1.199500 
1.199900 
1.200000 
1.200000 
1.200000 
1.200200 
1.200200 
1.202800 
1.203400 
1.203600 
1.203700 
1.205200 
1.207500 
1.207700 
1.208000 
1.208100 
1.208400 
1.208600 
1.210900 
1.211300 
1.212500 
1.212700 
1.213300 
1.213800 
1.214200 
1.214300 
1.214500 
1.214800 
1.215000 
1.215600 
1.216700 
1.217300 
1.217500 
1.217900 
1.218000 
1.218100 
1.219300 
1.220500 
1.220900 
1.221000 
1.221300 
1.222300 
1.223200 
1.224000 
1.228600 
1.230000 
1.230100 
1.231400 
1.231400 
1.231500 
1.232300 
1.232700 
1.233300 
1.234200 
1.234700 
1.234700 
1.236700 
1.236800 
1.237200 
1.237900 
1.238000 
1.238300 
1.239500 
1.239800 
1.240500 
1.240800 
1.243600 
1.244300 
1.244500 
1.245100 
1.245200 
1.245600 
1.245700 
1.246300 
1.246500 
1.247400 
1.247500 
1.247700 
1.247800 
1.247800 
1.248200 
1.249100 
1.249100 
1.250800 
1.251000 
1.251500 
1.253800 
1.253900 
1.255600 
1.255900 
1.256300 
1.257600 
1.257700 
1.257900 
1.258200 
1.258600 
1.259500 
1.259900 
1.260000 
1.260800 
1.261300 
1.261500 
1.261900 
1.262000 
1.262300 
1.262900 
1.263300 
1.264000 
1.264800 
1.265400 
1.265400 
1.267100 
1.267500 
1.268400 
1.269200 
1.269900 
1.271000 
1.271100 
1.271800 
1.272000 
1.272600 
1.273500 
1.275600 
1.278600 
1.279900 
1.281500 
1.282100 
1.282200 
1.282400 
1.283000 
1.284700 
1.284700 
1.284900 
1.285700 
1.286100 
1.287300 
1.287900 
1.288000 
1.288900 
1.289400 
1.291600 
1.292600 
1.293800 
1.294100 
1.294200 
1.295300 
1.295800 
1.296700 
1.297200 
1.298000 
1.298300 
1.298600 
1.299800 
1.300200 
1.300700 
1.300800 
1.301400 
1.302600 
1.303300 
1.303500 
1.304100 
1.304500 
1.304700 
1.304700 
1.305100 
1.307400 
1.307400 
1.308500 
1.309100 
1.309300 
1.309600 
1.309700 
1.309800 
1.311900 
1.313300 
1.313500 
1.314300 
1.314600 
1.315000 
1.315900 
1.316300 
1.316800 
1.317000 
1.317300 
1.318800 
1.319600 
1.320400 
1.320500 
1.320800 
1.320900 
1.321200 
1.322400 
1.323100 
1.324400 
1.325800 
1.326800 
1.327000 
1.327400 
1.327700 
1.327700 
1.327800 
1.327900 
1.329400 
1.330100 
1.330600 
1.330700 
1.331200 
1.332000 
1.332100 
1.332300 
1.332400 
1.332500 
1.332500 
1.333400 
1.334100 
1.334200 
1.336600 
1.337200 
1.338000 
1.339000 
1.339200 
1.339600 
1.340100 
1.340200 
1.340300 
1.340600 
1.341500 
1.341700 
1.342200 
1.342500 
1.342600 
1.344000 
1.346100 
1.347000 
1.347000 
1.347200 
1.348400 
1.348700 
1.348900 
1.349000 
1.350400 
1.350800 
1.351200 
1.353100 
1.353200 
1.353800 
1.355000 
1.355000 
1.356800 
1.356900 
1.356900 
1.357200 
1.357500 
1.358100 
1.358400 
1.359400 
1.361600 
1.361700 
1.362100 
1.362200 
1.362500 
1.362800 
1.362800 
1.362800 
1.364400 
1.365500 
1.366300 
1.366500 
1.366600 
1.367200 
1.368400 
1.368400 
1.368700 
1.368800 
1.369000 
1.369200 
1.369200 
1.369500 
1.370700 
1.371100 
1.371100 
1.371600 
1.372000 
1.372300 
1.372300 
1.372700 
1.373000 
1.373200 
1.373400 
1.373600 
1.374100 
1.374400 
1.375000 
1.375600 
1.376500 
1.376700 
1.377000 
1.377100 
1.377200 
1.377500 
1.377900 
1.380100 
1.381100 
1.381800 
1.382000 
1.382000 
1.382900 
1.385400 
1.385400 
1.386200 
1.386400 
1.387000 
1.388300 
1.388900 
1.389200 
1.389400 
1.389500 
1.389500 
1.390500 
1.391000 
1.391500 
1.392000 
1.392600 
1.392900 
1.397000 
1.397300 
1.397500 
1.397600 
1.398500 
1.399500 
1.401000 
1.401900 
1.403100 
1.403100 
1.403100 
1.403900 
1.404700 
1.404900 
1.404900 
1.405400 
1.406100 
1.406400 
1.406900 
1.406900 
1.407200 
1.407200 
1.407300 
1.407700 
1.407800 
1.408300 
1.408400 
1.409500 
1.410000 
1.410200 
1.411400 
1.411800 
1.412600 
1.412900 
1.413300 
1.413400 
1.414200 
1.414300 
1.415300 
1.415800 
1.415900 
1.416000 
1.416400 
1.416400 
1.416500 
1.416800 
1.416800 
1.417600 
1.417600 
1.418200 
1.418400 
1.418900 
1.419200 
1.419200 
1.419600 
1.419900 
1.420100 
1.420100 
1.420300 
1.420500 
1.421900 
1.422300 
1.422600 
1.423000 
1.423200 
1.425600 
1.427200 
1.427800 
1.427900 
1.427900 
1.428000 
1.428300 
1.428400 
1.428500 
1.428900 
1.429200 
1.429300 
1.429300 
1.429600 
1.430700 
1.433000 
1.433200 
1.434800 
1.434900 
1.436300 
1.436300 
1.437500 
1.437600 
1.438100 
1.438500 
1.439800 
1.440000 
1.440100 
1.440300 
1.441400 
1.441600 
1.442100 
1.442600 
1.443700 
1.444100 
1.444200 
1.445600 
1.445600 
1.446800 
1.447200 
1.447400 
1.447400 
1.447700 
1.447900 
1.449400 
1.449800 
1.450800 
1.451200 
1.451200 
1.451400 
1.451800 
1.452100 
1.452600 
1.455900 
1.456300 
1.457200 
1.459400 
1.459900 
1.460100 
1.461400 
1.462000 
1.462100 
1.462500 
1.463100 
1.463600 
1.464000 
1.464200 
1.464700 
1.465300 
1.465400 
1.465800 
1.466300 
1.466600 
1.466900 
1.467500 
1.468000 
1.468300 
1.468500 
1.468800 
1.469100 
1.469100 
1.469600 
1.469600 
1.470300 
1.470400 
1.471900 
1.472500 
1.472600 
1.472700 
1.473400 
1.473500 
1.474100 
1.474300 
1.474400 
1.475000 
1.475100 
1.475300 
1.475600 
1.476000 
1.476300 
1.476300 
1.477600 
1.478900 
1.479000 
1.479200 
1.480500 
1.480800 
1.482400 
1.482700 
1.483300 
1.483600 
1.484400 
1.485600 
1.486500 
1.486800 
1.486800 
1.486800 
1.486800 
1.487000 
1.487200 
1.488000 
1.488200 
1.488200 
1.488300 
1.488400 
1.488600 
1.488800 
1.489000 
1.489400 
1.489800 
1.489900 
1.490900 
1.491200 
1.491500 
1.491600 
1.491800 
1.492000 
1.492100 
1.492200 
1.492700 
1.493000 
1.493600 
1.494400 
1.494500 
1.494900 
1.496300 
1.497400 
1.497900 
1.498400 
1.498700 
1.498800 
1.499100 
1.499100 
1.500000 
1.500100 
1.500500 
1.501300 
1.501600 
1.502000 
1.502600 
1.503200 
1.503300 
1.503500 
1.503900 
1.504000 
1.505400 
1.505400 
1.506500 
1.507000 
1.509200 
1.509400 
1.509400 
1.510600 
1.510700 
1.511700 
1.512200 
1.512400 
1.512500 
1.512700 
1.513800 
1.514100 
1.515000 
1.515800 
1.516200 
1.516300 
1.516400 
1.516800 
1.517300 
1.517500 
1.517800 
1.518300 
1.518900 
1.518900 
1.519700 
1.519700 
1.520000 
1.520400 
1.520800 
1.520900 
1.521000 
1.521200 
1.521800 
1.521900 
1.522200 
1.523400 
1.523500 
1.524100 
1.524800 
1.524800 
1.526400 
1.526900 
1.527300 
1.527900 
1.528800 
1.529100 
1.529600 
1.529700 
1.530200 
1.531100 
1.532400 
1.532600 
1.533400 
1.534200 
1.534300 
1.534300 
1.534400 
1.534500 
1.535500 
1.535600 
1.536100 
1.536100 
1.539000 
1.539100 
1.540300 
1.540500 
1.541100 
1.541300 
1.541300 
1.543700 
1.544600 
1.545100 
1.546100 
1.546400 
1.547200 
1.547300 
1.548300 
1.548300 
1.548600 
1.549100 
1.549100 
1.549400 
1.549500 
1.549700 
1.549800 
1.550300 
1.551100 
1.551500 
1.552300 
1.553700 
1.554100 
1.554300 
1.554600 
1.555000 
1.555400 
1.556500 
1.556600 
1.556900 
1.557100 
1.557600 
1.558000 
1.558300 
1.558400 
1.558700 
1.558900 
1.559100 
1.560300 
1.561000 
1.561800 
1.562900 
1.563900 
1.564500 
1.564700 
1.566900 
1.568600 
1.568700 
1.569400 
1.570900 
1.572300 
1.573000 
1.573400 
1.573400 
1.573400 
1.574400 
1.574800 
1.574800 
1.575100 
1.575700 
1.575700 
1.576300 
1.577400 
1.577600 
1.578100 
1.579100 
1.579900 
1.580400 
1.580700 
1.581000 
1.581300 
1.581800 
1.582000 
1.582000 
1.582600 
1.583200 
1.583500 
1.583600 
1.583900 
1.584200 
1.584700 
1.584800 
1.585500 
1.586900 
1.587700 
1.587800 
1.588000 
1.589900 
1.590400 
1.591000 
1.592100 
1.592100 
1.593000 
1.593500 
1.593600 
1.594300 
1.594400 
1.595700 
1.597600 
1.598500 
1.599300 
1.599600 
1.599700 
1.600200 
1.600800 
1.601200 
1.601400 
1.601600 
1.602600 
1.603500 
1.603900 
1.604000 
1.604100 
1.604200 
1.604400 
1.604700 
1.605100 
1.605400 
1.608500 
1.608900 
1.609000 
1.609200 
1.609300 
1.610200 
1.610400 
1.610500 
1.610500 
1.611700 
1.612000 
1.612500 
1.613200 
1.613300 
1.614200 
1.614400 
1.614800 
1.616700 
1.617500 
1.618200 
1.619500 
1.620200 
1.621700 
1.622000 
1.622200 
1.622300 
1.623300 
1.624000 
1.624500 
1.624600 
1.625300 
1.626100 
1.627100 
1.627300 
1.627300 
1.627700 
1.628600 
1.628900 
1.629600 
1.630600 
1.630700 
1.631000 
1.632300 
1.632700 
1.632800 
1.632900 
1.633300 
1.633400 
1.633400 
1.633500 
1.634200 
1.636300 
1.636400 
1.636400 
1.637100 
1.637800 
1.638500 
1.639100 
1.640100 
1.640500 
1.640500 
1.641100 
1.642100 
1.642700 
1.643500 
1.643500 
1.644200 
1.644500 
1.645100 
1.645200 
1.645400 
1.645800 
1.646600 
1.646900 
1.647300 
1.647500 
1.648200 
1.649200 
1.649200 
1.649300 
1.649600 
1.650900 
1.651000 
1.651000 
1.651800 
1.652400 
1.653100 
1.653400 
1.653900 
1.654000 
1.654100 
1.654100 
1.654200 
1.654500 
1.655300 
1.656200 
1.657100 
1.657600 
1.657700 
1.657700 
1.658700 
1.659600 
1.661400 
1.661700 
1.665400 
1.665700 
1.666000 
1.667400 
1.667500 
1.667700 
1.668400 
1.669100 
1.669200 
1.669900 
1.670000 
1.670300 
1.670400 
1.670700 
1.670800 
1.671400 
1.672100 
1.672500 
1.673300 
1.673600 
1.673600 
1.673900 
1.674700 
1.675400 
1.675700 
1.676400 
1.677000 
1.677300 
1.677900 
1.679000 
1.679000 
1.679000 
1.679900 
1.680500 
1.680500 
1.680600 
1.681000 
1.681600 
1.681900 
1.683400 
1.683500 
1.683800 
1.683900 
1.684600 
1.685900 
1.686000 
1.686700 
1.686700 
1.687800 
1.688200 
1.688300 
1.688900 
1.689700 
1.689700 
1.689800 
1.690300 
1.691000 
1.691300 
1.691400 
1.691400 
1.691500 
1.691600 
1.691900 
1.692000 
1.692300 
1.692400 
1.692600 
1.692600 
1.692800 
1.693300 
1.693400 
1.696300 
1.696900 
1.697200 
1.698500 
1.698500 
1.698900 
1.699200 
1.699400 
1.699700 
1.701000 
1.701900 
1.703500 
1.703700 
1.704500 
1.704600 
1.705100 
1.705300 
1.705700 
1.706200 
1.706400 
1.706400 
1.707300 
1.708000 
1.709600 
1.711900 
1.712500 
1.712800 
1.713600 
1.713600 
1.714600 
1.714800 
1.714900 
1.715100 
1.717000 
1.719300 
1.721400 
1.721700 
1.721800 
1.722900 
1.723000 
1.723500 
1.723800 
1.724500 
1.725000 
1.725200 
1.726200 
1.726600 
1.726900 
1.728300 
1.730100 
1.730400 
1.730500 
1.730500 
1.731200 
1.732500 
1.733100 
1.735100 
1.736200 
1.736300 
1.739200 
1.739200 
1.739900 
1.740100 
1.741100 
1.741100 
1.742300 
1.742800 
1.742900 
1.743500 
1.744200 
1.744400 
1.744400 
1.744700 
1.745700 
1.745900 
1.746300 
1.746300 
1.747700 
1.748200 
1.748200 
1.748800 
1.749000 
1.750700 
1.750700 
1.752900 
1.753000 
1.753100 
1.753300 
1.754700 
1.754800 
1.754800 
1.755100 
1.755900 
1.756300 
1.756400 
1.757800 
1.760000 
1.760200 
1.760400 
1.761100 
1.762800 
1.763000 
1.763800 
1.764000 
1.764500 
1.764500 
1.764600 
1.766000 
1.766100 
1.766700 
1.768200 
1.768600 
1.768700 
1.769800 
1.770200 
1.771900 
1.772200 
1.772500 
1.773300 
1.773700 
1.774300 
1.775200 
1.776000 
1.776100 
1.777500 
1.777600 
1.778600 
1.779000 
1.779100 
1.779100 
1.781200 
1.781300 
1.781500 
1.781600 
1.781700 
1.781800 
1.782900 
1.783400 
1.783500 
1.784700 
1.785500 
1.786000 
1.786200 
1.787300 
1.787400 
1.787800 
1.787900 
1.788300 
1.789600 
1.789800 
1.792300 
1.793500 
1.795800 
1.796000 
1.796100 
1.796700 
1.797100 
1.798100 
1.799800 
1.800000 
1.800300 
1.801300 
1.801400 
1.801600 
1.802000 
1.802200 
1.802700 
1.803000 
1.803900 
1.804100 
1.804200 
1.804800 
1.804900 
1.805600 
1.805700 
1.805800 
1.806100 
1.807100 
1.807700 
1.807800 
1.808600 
1.810400 
1.810500 
1.811000 
1.812600 
1.812900 
1.812900 
1.813000 
1.813900 
1.814900 
1.815100 
1.815400 
1.816100 
1.816300 
1.817700 
1.818100 
1.818400 
1.819200 
1.819600 
1.819700 
1.819800 
1.820500 
1.820800 
1.821300 
1.821400 
1.821700 
1.821900 
1.822000 
1.822200 
1.823200 
1.823400 
1.824300 
1.824600 
1.825100 
1.825300 
1.825400 
1.825800 
1.826000 
1.826500 
1.828200 
1.828300 
1.828300 
1.828500 
1.830200 
1.830500 
1.830800 
1.831200 
1.831300 
1.832000 
1.832300 
1.832400 
1.832600 
1.832600 
1.833000 
1.833100 
1.834000 
1.834200 
1.834400 
1.834500 
1.834500 
1.834500 
1.834500 
1.834700 
1.834700 
1.834900 
1.835700 
1.836100 
1.836100 
1.836200 
1.836200 
1.837100 
1.837200 
1.837500 
1.839200 
1.839300 
1.839400 
1.839600 
1.840000 
1.840800 
1.840800 
1.842400 
1.842700 
1.843200 
1.843300 
1.843500 
1.844100 
1.844800 
1.845100 
1.846000 
1.846800 
1.846900 
1.847000 
1.847400 
1.847700 
1.847900 
1.848000 
1.848800 
1.849000 
1.849700 
1.850400 
1.850600 
1.850700 
1.851400 
1.851700 
1.851700 
1.852500 
1.853000 
1.853700 
1.854900 
1.855500 
1.857000 
1.857900 
1.857900 
1.858300 
1.858400 
1.858900 
1.859400 
1.860200 
1.860600 
1.862200 
1.863600 
1.863800 
1.865100 
1.865200 
1.865600 
1.865700 
1.866700 
1.866800 
1.866900 
1.867000 
1.867100 
1.867700 
1.868900 
1.869700 
1.869700 
1.869900 
1.870700 
1.871000 
1.871100 
1.872100 
1.872900 
1.873400 
1.873400 
1.873800 
1.874100 
1.875100 
1.875900 
1.876200 
1.876400 
1.876900 
1.878200 
1.879600 
1.879800 
1.880400 
1.881000 
1.881400 
1.881600 
1.882300 
1.882500 
1.882500 
1.883000 
1.883100 
1.883800 
1.883800 
1.883800 
1.883900 
1.884500 
1.885300 
1.885700 
1.886000 
1.886100 
1.887300 
1.887600 
1.887600 
1.888100 
1.888100 
1.888200 
1.888400 
1.888400 
1.889000 
1.889900 
1.891500 
1.891700 
1.891900 
1.891900 
1.892000 
1.894000 
1.894400 
1.894800 
1.895000 
1.895600 
1.896000 
1.896000 
1.896300 
1.896300 
1.896500 
1.896700 
1.897200 
1.898100 
1.898500 
1.899900 
1.900900 
1.901200 
1.901300 
1.902700 
1.903600 
1.904300 
1.904500 
1.904700 
1.904800 
1.905400 
1.906500 
1.906700 
1.907000 
1.907400 
1.908600 
1.908800 
1.909900 
1.910300 
1.912200 
1.912900 
1.913400 
1.916100 
1.916400 
1.916500 
1.919100 
1.920100 
1.920100 
1.920500 
1.920600 
1.921600 
1.922000 
1.922200 
1.922500 
1.922900 
1.923000 
1.923300 
1.924100 
1.924200 
1.925300 
1.925400 
1.925500 
1.925900 
1.927300 
1.927600 
1.927800 
1.928200 
1.928800 
1.928900 
1.929500 
1.929600 
1.929800 
1.929900 
1.930300 
1.930700 
1.931400 
1.931500 
1.931900 
1.932300 
1.934100 
1.934300 
1.935400 
1.935700 
1.936200 
1.936900 
1.937200 
1.939400 
1.939600 
1.940600 
1.940900 
1.941300 
1.942500 
1.943000 
1.943000 
1.943200 
1.944300 
1.944900 
1.944900 
1.945100 
1.945600 
1.945700 
1.946000 
1.946200 
1.947000 
1.947800 
1.948300 
1.948600 
1.949300 
1.949700 
1.949800 
1.950400 
1.950700 
1.950900 
1.951000 
1.951100 
1.951300 
1.951700 
1.952000 
1.952100 
1.952400 
1.953200 
1.954300 
1.954400 
1.954900 
1.955300 
1.955400 
1.956000 
1.956700 
1.957000 
1.957100 
1.957100 
1.957800 
1.957800 
1.958500 
1.958500 
1.958700 
1.958900 
1.959000 
1.959600 
1.959900 
1.960100 
1.960500 
1.961200 
1.961300 
1.962000 
1.962000 
1.962500 
1.965100 
1.966100 
1.966700 
1.967000 
1.967600 
1.967800 
1.968800 
1.968900 
1.969600 
1.969700 
1.969700 
1.970000 
1.971200 
1.971400 
1.971400 
1.972300 
1.972400 
1.973300 
1.974000 
1.975900 
1.976500 
1.977100 
1.977700 
1.977800 
1.978000 
1.979400 
1.979600 
1.980100 
1.980100 
1.980300 
1.981700 
1.981800 
1.983200 
1.983400 
1.983600 
1.983700 
1.984700 
1.984800 
1.985900 
1.985900 
1.986100 
1.986300 
1.987200 
1.987900 
1.988100 
1.988300 
1.988900 
1.989100 
1.989600 
1.990400 
1.990400 
1.990800 
1.990800 
1.991200 
1.992400 
1.992500 
1.992500 
1.993000 
1.993100 
1.993200 
1.993400 
1.994800 
1.995200 
1.995200 
1.995300 
1.996000 
1.996100 
1.996300 
1.996400 
1.997600 
1.999800 
2.001300 
2.002500 
2.002800 
2.003100 
2.003200 
2.003300 
2.003500 
2.004000 
2.004500 
2.006700 
2.007600 
2.007600 
2.007700 
2.007700 
2.007700 
2.008300 
2.008800 
2.009500 
2.009700 
2.009800 
2.011600 
2.011700 
2.011900 
2.012400 
2.012800 
2.013600 
2.013700 
2.014700 
2.014800 
2.015000 
2.015100 
2.015400 
2.015800 
2.016000 
2.016100 
2.016200 
2.017700 
2.018200 
2.018700 
2.019100 
2.019100 
2.019200 
2.019300 
2.020000 
2.020200 
2.020800 
2.021400 
2.022200 
2.022600 
2.022900 
2.023000 
2.023200 
2.023800 
2.024200 
2.024200 
2.024200 
2.024600 
2.024800 
2.024900 
2.025000 
2.025400 
2.026700 
2.027000 
2.027300 
2.027700 
2.028500 
2.029200 
2.029400 
2.030000 
2.030100 
2.030700 
2.031000 
2.031600 
2.031900 
2.032400 
2.033000 
2.034100 
2.034600 
2.035500 
2.035700 
2.035900 
2.036200 
2.036800 
2.037600 
2.037700 
2.038200 
2.038800 
2.040000 
2.041700 
2.043200 
2.043700 
2.043900 
2.044300 
2.044700 
2.045300 
2.045800 
2.045900 
2.045900 
2.046100 
2.046600 
2.047300 
2.047900 
2.048200 
2.048300 
2.049100 
2.049600 
2.049900 
2.052400 
2.053400 
2.054500 
2.054900 
2.055000 
2.055400 
2.055600 
2.057200 
2.057600 
2.057600 
2.058100 
2.060400 
2.060700 
2.061100 
2.061300 
2.061500 
2.062900 
2.062900 
2.063100 
2.063800 
2.063900 
2.064000 
2.064900 
2.065100 
2.066400 
2.066700 
2.066800 
2.067400 
2.067800 
2.067900 
2.068600 
2.069100 
2.069600 
2.070200 
2.071600 
2.071700 
2.072900 
2.073000 
2.073300 
2.073500 
2.073600 
2.073700 
2.074500 
2.075500 
2.077100 
2.077200 
2.077700 
2.077900 
2.078100 
2.078200 
2.078800 
2.078900 
2.080200 
2.080500 
2.081100 
2.082400 
2.082600 
2.082600 
2.082900 
2.082900 
2.083300 
2.083400 
2.086000 
2.086600 
2.086600 
2.088300 
2.088500 
2.089000 
2.090000 
2.090200 
2.090400 
2.090400 
2.090700 
2.091800 
2.092200 
2.092200 
2.092700 
2.093800 
2.095100 
2.095700 
2.096800 
2.096900 
2.097100 
2.097500 
2.097600 
2.097800 
2.098200 
2.098400 
2.098400 
2.099400 
2.099900 
2.100200 
2.100400 
2.100500 
2.101200 
2.101300 
2.102200 
2.103100 
2.103300 
2.103700 
2.104100 
2.105000 
2.105500 
2.106700 
2.108200 
2.108300 
2.109100 
2.109800 
2.110000 
2.110400 
2.110500 
2.110600 
2.111000 
2.111200 
2.111500 
2.111500 
2.112100 
2.113000 
2.113500 
2.114100 
2.114100 
2.114500 
2.116300 
2.117200 
2.118200 
2.119600 
2.121100 
2.121200 
2.121300 
2.122100 
2.122100 
2.124200 
2.125100 
2.125500 
2.126300 
2.126300 
2.127200 
2.127700 
2.128600 
2.128900 
2.129200 
2.130600 
2.130700 
2.131500 
2.132700 
2.133600 
2.133900 
2.134100 
2.134800 
2.134800 
2.135200 
2.135800 
2.137500 
2.137700 
2.138400 
2.138500 
2.138900 
2.139000 
2.141900 
2.143600 
2.143800 
2.144600 
2.145400 
2.146900 
2.147500 
2.148200 
2.149300 
2.150900 
2.151900 
2.152200 
2.152900 
2.153100 
2.155300 
2.155400 
2.155600 
2.156000 
2.156000 
2.156700 
2.157300 
2.157400 
2.158500 
2.158900 
2.159600 
2.160000 
2.160700 
2.160800 
2.161000 
2.161300 
2.161400 
2.161600 
2.161800 
2.162300 
2.162400 
2.162900 
2.163200 
2.164500 
2.165500 
2.165800 
2.167500 
2.167800 
2.171900 
2.172500 
2.175100 
2.175800 
2.177500 
2.177900 
2.178100 
2.178200 
2.178300 
2.178700 
2.180200 
2.180200 
2.180800 
2.181900 
2.182200 
2.182700 
2.183700 
2.184300 
2.185600 
2.186300 
2.186400 
2.186700 
2.187200 
2.187200 
2.187800 
2.188000 
2.188000 
2.188700 
2.189000 
2.190000 
2.190600 
2.190700 
2.191100 
2.191300 
2.193000 
2.193000 
2.193200 
2.193300 
2.194600 
2.194600 
2.195500 
2.195900 
2.196200 
2.196400 
2.196900 
2.197400 
2.197500 
2.197900 
2.198000 
2.198600 
2.198700 
2.198900 
2.199100 
2.200500 
2.201000 
2.201100 
2.201700 
2.202600 
2.203000 
2.203300 
2.203400 
2.203900 
2.205000 
2.205000 
2.205100 
2.205100 
2.205300 
2.205400 
2.207500 
2.208700 
2.209700 
2.210200 
2.210700 
2.211000 
2.211000 
2.211400 
2.211500 
2.211800 
2.212500 
2.212700 
2.212700 
2.213500 
2.213800 
2.214300 
2.214600 
2.214700 
2.214700 
2.215000 
2.216000 
2.216100 
2.216600 
2.216900 
2.217400 
2.217500 
2.217800 
2.219200 
2.219500 
2.220300 
2.221100 
2.221200 
2.222900 
2.223400 
2.223500 
2.223500 
2.223800 
2.224100 
2.224400 
2.225600 
2.227000 
2.228000 
2.228200 
2.228500 
2.229000 
2.229600 
2.229800 
2.229800 
2.230000 
2.230700 
2.231600 
2.232500 
2.233600 
2.234000 
2.235800 
2.236700 
2.237900 
2.238400 
2.239400 
2.239600 
2.241600 
2.242400 
2.245800 
2.246700 
2.246800 
2.247300 
2.247600 
2.247700 
2.247800 
2.248000 
2.251400 
2.251600 
2.252000 
2.254200 
2.254200 
2.254300 
2.254800 
2.254900 
2.259000 
2.259100 
2.260000 
2.260100 
2.260500 
2.262300 
2.262600 
2.263800 
2.263800 
2.264000 
2.264300 
2.265000 
2.266800 
2.267300 
2.267300 
2.268400 
2.268600 
2.270200 
2.271200 
2.271400 
2.272300 
2.272300 
2.273200 
2.275100 
2.275400 
2.276900 
2.277100 
2.278500 
2.278700 
2.279400 
2.280000 
2.283000 
2.283700 
2.283700 
2.283800 
2.284500 
2.285200 
2.285400 
2.285400 
2.285700 
2.286000 
2.286300 
2.287000 
2.287600 
2.288900 
2.289000 
2.289000 
2.289900 
2.291800 
2.292200 
2.293300 
2.293900 
2.294100 
2.294400 
2.294500 
2.294700 
2.295000 
2.295900 
2.297300 
2.297700 
2.298400 
2.299300 
2.299400 
2.300500 
2.301100 
2.302000 
2.302100 
2.302600 
2.303900 
2.304200 
2.304200 
2.304900 
2.306500 
2.306900 
2.307200 
2.307300 
2.307500 
2.307800 
2.308100 
2.309700 
2.309900 
2.310600 
2.311700 
2.311800 
2.311900 
2.312900 
2.313200 
2.313200 
2.314300 
2.315400 
2.315500 
2.317300 
2.317500 
2.317600 
2.317900 
2.319500 
2.319900 
2.322600 
2.323000 
2.323400 
2.325000 
2.325600 
2.325700 
2.325900 
2.326200 
2.326300 
2.326700 
2.326900 
2.327800 
2.328300 
2.329100 
2.329500 
2.329800 
2.330400 
2.331000 
2.331200 
2.331200 
2.331800 
2.333100 
2.333400 
2.333600 
2.333800 
2.333900 
2.334000 
2.334400 
2.335000 
2.335500 
2.336500 
2.337200 
2.337300 
2.337400 
2.338600 
2.338700 
2.339500 
2.339500 
2.340100 
2.340400 
2.340900 
2.341500 
2.341700 
2.341800 
2.342400 
2.342700 
2.345100 
2.345300 
2.346000 
2.346000 
2.346200 
2.346200 
2.346900 
2.347300 
2.347900 
2.348200 
2.348300 
2.349900 
2.350700 
2.351100 
2.351500 
2.352300 
2.354200 
2.355000 
2.355300 
2.355300 
2.355600 
2.355600 
2.355700 
2.356800 
2.357200 
2.357300 
2.357500 
2.357600 
2.357800 
2.358400 
2.358400 
2.358700 
2.359400 
2.359500 
2.359700 
2.359700 
2.360300 
2.363500 
2.364000 
2.365200 
2.365300 
2.365800 
2.365900 
2.366900 
2.368500 
2.369500 
2.370000 
2.370700 
2.371400 
2.371400 
2.372900 
2.374100 
2.374400 
2.375800 
2.376700 
2.376700 
2.377200 
2.377700 
2.378200 
2.378500 
2.378800 
2.380000 
2.380200 
2.380900 
2.381700 
2.382800 
2.383800 
2.384100 
2.384300 
2.384700 
2.385000 
2.385200 
2.385200 
2.385300 
2.385400 
2.385600 
2.385800 
2.386400 
2.386700 
2.388900 
2.389200 
2.389800 
2.389900 
2.390400 
2.390900 
2.391000 
2.392500 
2.392900 
2.393400 
2.393700 
2.394100 
2.395100 
2.395300 
2.396700 
2.398100 
2.398200 
2.398200 
2.398600 
2.398700 
2.398900 
2.399400 
2.399900 
2.400100 
2.400100 
2.400500 
2.400500 
2.400800 
2.400900 
2.401900 
2.403200 
2.403200 
2.403400 
2.404100 
2.404700 
2.404900 
2.405000 
2.405100 
2.405500 
2.405600 
2.405700 
2.405800 
2.407300 
2.407600 
2.408000 
2.408700 
2.408900 
2.409300 
2.409600 
2.410500 
2.410600 
2.410600 
2.411000 
2.411400 
2.412500 
2.412800 
2.412900 
2.413300 
2.413400 
2.413600 
2.413700 
2.414100 
2.414500 
2.415700 
2.416200 
2.416700 
2.418500 
2.418600 
2.419900 
2.421100 
2.421500 
2.421800 
2.421900 
2.422500 
2.422600 
2.423600 
2.423600 
2.424000 
2.424400 
2.425900 
2.425900 
2.426000 
2.426300 
2.426300 
2.426700 
2.428000 
2.428900 
2.429000 
2.429200 
2.430200 
2.430700 
2.430900 
2.431300 
2.431400 
2.432700 
2.432700 
2.434600 
2.435400 
2.435600 
2.436900 
2.437300 
2.437500 
2.438600 
2.438900 
2.440100 
2.440500 
2.440700 
2.440800 
2.442700 
2.443000 
2.443500 
2.444200 
2.446300 
2.448100 
2.448800 
2.448900 
2.449400 
2.449500 
2.450100 
2.450200 
2.451100 
2.451200 
2.451800 
2.451900 
2.452000 
2.452200 
2.453100 
2.454100 
2.454500 
2.454800 
2.455000 
2.455400 
2.457700 
2.459000 
2.459100 
2.461500 
2.461900 
2.462200 
2.462800 
2.463100 
2.463100 
2.464100 
2.464200 
2.464600 
2.467500 
2.467600 
2.467900 
2.469800 
2.469900 
2.470200 
2.470300 
2.470600 
2.471200 
2.471400 
2.472400 
2.473700 
2.473800 
2.474400 
2.474700 
2.474700 
2.475900 
2.478000 
2.478100 
2.479600 
2.479700 
2.479800 
2.480900 
2.480900 
2.481200 
2.481500 
2.481600 
2.482000 
2.483300 
2.483500 
2.483500 
2.484100 
2.484100 
2.484400 
2.485100 
2.485300 
2.485400 
2.486600 
2.486900 
2.487500 
2.487500 
2.487700 
2.487700 
2.487800 
2.487900 
2.488100 
2.488600 
2.490600 
2.490600 
2.490700 
2.491200 
2.492600 
2.492800 
2.493000 
2.493400 
2.494800 
2.495100 
2.495400 
2.496100 
2.496200 
2.496400 
2.496500 
2.496600 
2.497100 
2.497300 
2.497400 
2.498000 
2.498000 
2.498200 
2.498400 
2.498700 
2.498800 
2.499800 
2.499800 
2.500600 
2.503200 
2.503200 
2.503300 
2.503300 
2.504400 
2.504500 
2.504500 
2.504900 
2.504900 
2.505100 
2.505400 
2.506800 
2.506900 
2.507100 
2.508100 
2.510400 
2.510900 
2.511600 
2.511800 
2.511900 
2.512800 
2.513900 
2.514500 
2.514600 
2.516700 
2.516700 
2.517400 
2.518300 
2.518900 
2.519000 
2.519200 
2.519800 
2.520500 
2.520900 
2.521200 
2.521800 
2.521900 
2.522000 
2.522600 
2.522900 
2.523600 
2.523900 
2.524500 
2.524600 
2.524700 
2.524800 
2.525300 
2.525300 
2.526100 
2.526800 
2.526800 
2.527000 
2.527700 
2.528100 
2.528300 
2.528400 
2.531300 
2.531600 
2.531600 
2.531700 
2.532000 
2.532300 
2.532700 
2.533000 
2.533100 
2.533100 
2.533600 
2.533700 
2.534800 
2.535100 
2.535300 
2.535500 
2.536900 
2.538000 
2.539200 
2.539200 
2.539700 
2.539700 
2.540100 
2.542000 
2.542200 
2.543600 
2.543900 
2.544000 
2.544500 
2.545900 
2.546800 
2.547700 
2.548600 
2.548700 
2.549000 
2.549400 
2.549900 
2.549900 
2.550000 
2.551300 
2.551300 
2.551500 
2.551800 
2.552900 
2.554400 
2.554900 
2.555200 
2.555400 
2.556100 
2.556200 
2.556200 
2.556200 
2.556300 
2.556300 
2.556600 
2.556900 
2.558400 
2.558800 
2.558900 
2.559200 
2.561800 
2.562600 
2.562700 
2.563000 
2.563200 
2.564900 
2.565500 
2.565700 
2.566200 
2.567500 
2.568300 
2.568700 
2.568700 
2.568800 
2.569400 
2.570200 
2.571300 
2.571500 
2.571500 
2.572100 
2.572800 
2.573300 
2.573300 
2.573700 
2.574000 
2.575600 
2.576400 
2.576500 
2.576900 
2.577300 
2.577700 
2.578100 
2.578500 
2.579400 
2.579900 
2.580200 
2.580500 
2.581100 
2.582200 
2.583300 
2.584600 
2.587500 
2.588300 
2.589300 
2.590300 
2.590600 
2.590600 
2.591600 
2.592500 
2.592500 
2.592800 
2.593200 
2.593300 
2.594300 
2.594700 
2.595100 
2.596400 
2.596700 
2.596900 
2.599000 
2.600800 
2.601000 
2.602300 
2.602700 
2.603500 
2.604600 
2.605000 
2.605400 
2.606700 
2.607100 
2.607600 
2.608200 
2.608300 
2.609300 
2.609400 
2.609600 
2.609600 
2.612100 
2.613400 
2.614500 
2.615100 
2.615200 
2.615500 
2.616100 
2.617900 
2.618000 
2.618400 
2.618900 
2.619600 
2.620900 
2.621800 
2.622200 
2.622400 
2.623100 
2.624400 
2.624900 
2.624900 
2.626100 
2.626100 
2.626700 
2.626800 
2.627100 
2.628100 
2.628200 
2.628500 
2.629700 
2.629900 
2.630700 
2.630700 
2.631400 
2.633000 
2.633000 
2.633700 
2.634400 
2.635000 
2.635300 
2.635800 
2.636200 
2.637300 
2.637700 
2.639000 
2.639400 
2.640000 
2.641400 
2.642700 
2.642700 
2.643900 
2.646000 
2.646900 
2.647600 
2.648100 
2.649100 
2.649400 
2.649700 
2.650600 
2.651800 
2.652800 
2.652900 
2.652900 
2.653300 
2.653800 
2.654100 
2.654600 
2.654600 
2.654900 
2.655000 
2.655100 
2.655200 
2.655300 
2.655600 
2.656100 
2.656300 
2.656400 
2.657000 
2.657800 
2.657900 
2.657900 
2.658100 
2.659600 
2.659600 
2.660500 
2.660800 
2.660800 
2.660900 
2.661200 
2.661200 
2.661500 
2.661700 
2.661700 
2.662100 
2.662200 
2.662400 
2.662800 
2.662900 
2.664700 
2.665100 
2.666400 
2.666600 
2.667000 
2.667400 
2.667600 
2.667700 
2.670400 
2.671300 
2.671500 
2.671500 
2.671700 
2.672000 
2.672300 
2.672600 
2.674000 
2.674400 
2.674700 
2.674800 
2.675200 
2.675500 
2.675600 
2.676000 
2.676500 
2.676800 
2.676900 
2.678400 
2.679300 
2.679400 
2.679500 
2.679700 
2.680000 
2.682200 
2.683400 
2.684500 
2.685500 
2.685800 
2.685800 
2.686000 
2.686100 
2.686400 
2.687200 
2.687500 
2.687700 
2.688100 
2.688700 
2.689300 
2.689700 
2.690500 
2.691600 
2.692100 
2.692600 
2.692600 
2.693200 
2.693200 
2.693500 
2.693600 
2.693700 
2.694300 
2.694400 
2.694500 
2.694700 
2.694700 
2.694800 
2.695200 
2.695400 
2.696600 
2.696800 
2.697400 
2.697500 
2.697800 
2.698900 
2.698900 
2.701400 
2.702900 
2.704100 
2.704200 
2.704300 
2.704500 
2.705300 
2.706200 
2.706700 
2.706900 
2.707300 
2.707500 
2.707700 
2.708000 
2.708100 
2.710400 
2.710500 
2.710800 
2.710800 
2.711000 
2.711200 
2.711200 
2.711600 
2.714000 
2.714000 
2.715100 
2.715200 
2.715500 
2.715600 
2.716700 
2.717300 
2.718600 
2.719300 
2.720400 
2.720800 
2.720800 
2.721900 
2.723700 
2.724000 
2.724200 
2.724200 
2.724600 
2.724900 
2.725800 
2.726000 
2.726600 
2.727300 
2.727400 
2.729300 
2.729700 
2.732400 
2.732500 
2.733000 
2.733800 
2.734400 
2.735900 
2.736100 
2.736500 
2.736600 
2.736600 
2.737400 
2.737800 
2.738300 
2.738300 
2.739700 
2.740800 
2.740900 
2.742300 
2.742300 
2.743300 
2.743600 
2.743800 
2.744100 
2.745000 
2.745800 
2.746000 
2.746900 
2.747000 
2.748000 
2.748000 
2.748200 
2.748900 
2.749200 
2.749300 
2.749300 
2.749600 
2.750100 
2.750500 
2.750600 
2.751100 
2.751100 
2.751400 
2.751600 
2.751700 
2.753600 
2.754100 
2.754800 
2.755100 
2.755900 
2.755900 
2.757000 
2.757200 
2.757200 
2.757300 
2.758600 
2.758600 
2.760700 
2.762500 
2.763000 
2.763500 
2.763700 
2.763800 
2.764300 
2.766100 
2.766300 
2.766600 
2.766600 
2.766600 
2.767800 
2.767800 
2.768200 
2.768400 
2.768900 
2.769000 
2.769700 
2.769800 
2.770600 
2.770800 
2.771300 
2.771500 
2.772000 
2.772900 
2.773000 
2.774200 
2.774900 
2.775000 
2.775800 
2.776200 
2.776600 
2.776800 
2.777100 
2.777300 
2.777400 
2.778500 
2.779800 
2.780600 
2.781200 
2.781500 
2.781900 
2.783300 
2.784900 
2.785000 
2.785900 
2.785900 
2.786500 
2.787300 
2.787500 
2.788200 
2.788300 
2.789400 
2.790500 
2.793100 
2.793900 
2.794000 
2.794000 
2.795200 
2.795400 
2.795600 
2.796500 
2.796600 
2.797200 
2.798300 
2.798500 
2.798500 
2.798900 
2.800400 
2.800700 
2.800700 
2.801100 
2.801500 
2.801900 
2.802400 
2.803000 
2.803400 
2.804800 
2.805100 
2.805700 
2.806300 
2.806600 
2.806700 
2.806700 
2.806800 
2.807300 
2.807800 
2.807800 
2.808700 
2.808700 
2.809100 
2.809400 
2.810400 
2.810400 
2.812900 
2.813000 
2.813100 
2.813300 
2.813900 
2.814600 
2.814600 
2.814800 
2.815400 
2.815800 
2.815800 
2.816000 
2.817800 
2.818100 
2.819800 
2.820000 
2.822700 
2.822900 
2.824200 
2.825100 
2.825300 
2.826200 
2.826300 
2.828200 
2.828600 
2.828700 
2.829600 
2.830000 
2.830500 
2.830600 
2.831000 
2.831500 
2.832700 
2.833000 
2.833100 
2.834600 
2.835300 
2.835400 
2.835900 
2.837300 
2.837900 
2.837900 
2.838400 
2.839900 
2.840400 
2.840600 
2.841300 
2.841800 
2.843600 
2.843600 
2.843900 
2.845100 
2.845300 
2.845400 
2.845900 
2.846500 
2.847700 
2.848400 
2.848500 
2.848800 
2.849100 
2.849500 
2.849900 
2.850200 
2.851100 
2.851200 
2.851300 
2.852000 
2.852200 
2.852700 
2.853400 
2.854000 
2.854200 
2.854500 
2.855500 
2.856300 
2.857900 
2.857900 
2.858100 
2.858200 
2.858900 
2.859400 
2.863100 
2.863400 
2.863900 
2.865500 
2.865700 
2.866200 
2.868500 
2.869600 
2.871200 
2.871300 
2.871800 
2.872600 
2.872600 
2.873900 
2.875000 
2.875600 
2.876100 
2.878000 
2.878700 
2.879000 
2.879100 
2.879100 
2.879200 
2.879400 
2.880900 
2.882700 
2.882700 
2.882900 
2.883000 
2.883200 
2.883200 
2.883300 
2.883800 
2.883900 
2.884700 
2.885400 
2.885700 
2.886000 
2.887200 
2.889600 
2.890500 
2.891900 
2.893200 
2.893800 
2.894000 
2.894200 
2.894900 
2.895300 
2.895400 
2.896000 
2.896100 
2.896500 
2.896900 
2.897000 
2.897200 
2.897200 
2.897700 
2.897900 
2.899900 
2.901000 
2.901100 
2.901100 
2.901300 
2.902000 
2.903600 
2.903700 
2.904600 
2.904600 
2.904700 
2.906500 
2.908800 
2.909600 
2.909700 
2.910200 
2.910600 
2.911000 
2.911600 
2.911600 
2.911700 
2.912400 
2.913200 
2.913500 
2.914500 
2.915200 
2.915800 
2.915900 
2.916100 
2.916200 
2.916500 
2.916500 
2.916900 
2.917300 
2.917300 
2.918500 
2.919200 
2.919200 
2.921200 
2.923200 
2.923500 
2.925200 
2.925700 
2.926100 
2.926200 
2.926700 
2.926900 
2.927000 
2.927200 
2.927500 
2.927600 
2.928200 
2.929200 
2.929600 
2.929900 
2.930300 
2.931300 
2.931500 
2.932400 
2.932400 
2.932600 
2.932600 
2.932900 
2.933000 
2.933300 
2.933500 
2.933500 
2.933800 
2.935100 
2.935900 
2.938900 
2.939000 
2.940000 
2.940000 
2.940200 
2.940800 
2.941400 
2.941900 
2.942300 
2.942900 
2.943300 
2.944100 
2.944800 
2.944800 
2.945300 
2.945600 
2.945900 
2.945900 
2.947100 
2.948900 
2.948900 
2.949200 
2.950200 
2.950300 
2.951200 
2.951400 
2.951900 
2.952200 
2.952300 
2.952700 
2.953400 
2.954800 
2.954800 
2.955500 
2.956000 
2.956800 
2.956900 
2.957100 
2.960100 
2.960500 
2.960900 
2.961600 
2.962700 
2.962900 
2.963000 
2.963100 
2.963200 
2.963600 
2.964000 
2.964800 
2.965100 
2.966500 
2.966900 
2.967500 
2.967800 
2.968000 
2.968100 
2.968600 
2.969700 
2.971300 
2.971400 
2.971800 
2.973000 
2.973100 
2.973900 
2.974300 
2.975600 
2.976300 
2.976500 
2.977000 
2.977500 
2.978200 
2.978400 
2.979400 
2.979700 
2.980200 
2.980500 
2.980600 
2.981000 
2.982800 
2.983100 
2.983300 
2.983500 
2.983600 
2.984300 
2.984500 
2.985200 
2.986200 
2.987400 
2.987600 
2.988300 
2.989400 
2.989900 
2.990600 
2.992100 
2.992200 
2.992600 
2.993300 
2.995100 
2.996500 
2.996700 
2.997000 
2.999400 
3.000600 
3.001000 
3.001400 
3.001800 
3.002000 
3.002100 
3.002200 
3.002900 
3.003500 
3.003900 
3.004100 
3.004700 
3.005000 
3.005400 
3.006100 
3.006100 
3.006600 
3.007000 
3.007600 
3.007700 
3.007800 
3.008700 
3.009300 
3.009300 
3.009500 
3.009800 
3.010000 
3.010000 
3.010600 
3.011800 
3.012700 
3.013800 
3.014400 
3.015200 
3.017000 
3.019500 
3.019900 
3.020300 
3.021600 
3.021900 
3.022300 
3.022800 
3.022900 
3.023200 
3.023500 
3.024800 
3.026200 
3.026500 
3.026600 
3.027800 
3.028100 
3.029300 
3.029900 
3.030100 
3.030200 
3.030400 
3.031800 
3.032100 
3.032600 
3.033000 
3.033300 
3.034100 
3.034500 
3.035400 
3.035800 
3.036200 
3.036800 
3.037300 
3.037500 
3.037700 
3.038000 
3.038800 
3.039000 
3.039400 
3.039600 
3.039900 
3.039900 
3.040300 
3.040800 
3.041200 
3.041500 
3.042400 
3.042600 
3.043200 
3.043600 
3.043900 
3.044300 
3.045100 
3.045200 
3.045400 
3.046100 
3.046200 
3.046500 
3.047400 
3.048500 
3.049000 
3.049200 
3.049600 
3.050300 
3.050500 
3.050700 
3.050700 
3.050900 
3.050900 
3.051800 
3.051900 
3.052600 
3.052800 
3.053200 
3.054000 
3.054500 
3.056000 
3.056300 
3.057100 
3.057200 
3.058000 
3.058400 
3.058900 
3.060700 
3.060900 
3.062000 
3.062900 
3.062900 
3.064900 
3.065400 
3.066100 
3.066300 
3.068200 
3.070100 
3.070500 
3.071600 
3.072400 
3.072700 
3.073900 
3.074800 
3.075200 
3.075300 
3.075900 
3.076200 
3.076700 
3.077000 
3.077100 
3.078000 
3.078800 
3.079000 
3.079900 
3.080000 
3.081500 
3.082400 
3.082600 
3.084100 
3.086000 
3.087400 
3.087400 
3.087900 
3.090100 
3.091400 
3.091500 
3.092700 
3.093400 
3.094100 
3.094900 
3.095700 
3.095900 
3.096300 
3.096400 
3.096600 
3.097100 
3.097700 
3.098000 
3.098200 
3.098400 
3.098900 
3.099000 
3.100000 
3.100300 
3.100400 
3.100600 
3.102700 
3.104500 
3.104600 
3.105000 
3.106700 
3.107700 
3.108300 
3.108900 
3.109000 
3.109100 
3.109200 
3.109900 
3.110600 
3.111800 
3.112000 
3.112600 
3.113100 
3.113200 
3.113400 
3.113600 
3.113600 
3.113600 
3.115200 
3.118200 
3.118700 
3.119300 
3.119400 
3.120800 
3.121300 
3.121600 
3.122100 
3.122400 
3.123000 
3.123200 
3.123900 
3.124200 
3.124200 
3.124200 
3.124600 
3.124800 
3.125400 
3.125500 
3.126400 
3.126900 
3.128700 
3.129700 
3.132400 
3.132400 
3.132400 
3.132500 
3.132700 
3.133900 
3.134100 
3.135800 
3.135800 
3.136300 
3.136300 
3.136500 
3.136600 
3.137700 
3.138600 
3.139000 
3.139500 
3.139700 
3.140100 
3.141600 
3.141900 
3.142000 
3.142300 
3.143700 
3.144200 
3.144400 
3.145200 
3.146000 
3.146400 
3.147800 
3.148000 
3.148200 
3.149000 
3.149100 
3.150400 
3.151800 
3.152400 
3.152400 
3.152500 
3.152600 
3.152700 
3.152800 
3.152900 
3.153000 
3.153500 
3.153700 
3.153800 
3.153800 
3.154100 
3.154700 
3.155100 
3.155400 
3.155500 
3.156200 
3.156400 
3.157300 
3.157600 
3.157600 
3.157700 
3.159100 
3.159900 
3.159900 
3.161500 
3.161600 
3.161600 
3.161600 
3.161800 
3.161900 
3.162000 
3.162000 
3.162600 
3.163200 
3.163700 
3.164700 
3.165000 
3.166300 
3.166300 
3.166700 
3.167000 
3.167200 
3.168500 
3.168600 
3.168800 
3.169300 
3.170700 
3.173200 
3.173300 
3.174000 
3.174300 
3.174300 
3.175600 
3.176500 
3.176900 
3.177100 
3.177600 
3.178200 
3.178700 
3.178700 
3.178800 
3.178800 
3.179300 
3.179400 
3.180100 
3.180300 
3.180900 
3.181200 
3.181700 
3.182000 
3.183300 
3.184000 
3.184100 
3.184300 
3.187300 
3.187500 
3.188000 
3.188100 
3.188700 
3.189100 
3.190000 
3.190400 
3.191200 
3.191800 
3.191900 
3.192000 
3.192600 
3.192700 
3.193600 
3.194800 
3.195100 
3.195100 
3.195100 
3.196600 
3.197300 
3.197500 
3.198900 
3.199700 
3.199800 
3.200000 
3.200200 
3.201100 
3.201600 
3.202800 
3.203200 
3.203700 
3.203800 
3.204000 
3.204000 
3.204000 
3.204700 
3.205000 
3.205400 
3.205500 
3.205600 
3.207700 
3.207900 
3.209500 
3.212100 
3.212700 
3.212700 
3.212900 
3.213900 
3.214500 
3.215100 
3.215200 
3.215500 
3.215700 
3.217200 
3.218000 
3.219500 
3.219500 
3.219600 
3.221900 
3.222700 
3.223600 
3.224000 
3.224400 
3.224900 
3.225200 
3.226200 
3.227300 
3.228200 
3.228600 
3.228700 
3.228700 
3.229900 
3.230100 
3.230600 
3.230600 
3.230700 
3.230900 
3.232000 
3.234800 
3.235100 
3.236200 
3.236600 
3.237700 
3.237900 
3.240400 
3.241000 
3.242200 
3.242300 
3.243300 
3.243700 
3.244100 
3.244700 
3.245300 
3.245500 
3.246400 
3.247000 
3.248600 
3.249800 
3.250100 
3.250700 
3.250800 
3.251700 
3.252000 
3.252200 
3.252300 
3.252300 
3.252600 
3.252900 
3.253100 
3.253400 
3.254000 
3.254300 
3.255400 
3.255600 
3.255700 
3.255800 
3.256900 
3.257400 
3.258900 
3.259700 
3.259700 
3.261600 
3.263200 
3.264100 
3.264200 
3.264700 
3.266700 
3.266900 
3.267000 
3.267000 
3.267500 
3.267600 
3.267700 
3.268900 
3.269900 
3.269900 
3.269900 
3.270100 
3.271600 
3.272600 
3.273600 
3.274700 
3.274900 
3.274900 
3.276100 
3.277400 
3.278000 
3.278900 
3.279500 
3.279900 
3.279900 
3.280000 
3.280900 
3.281800 
3.283000 
3.283200 
3.283200 
3.284400 
3.284500 
3.285700 
3.285900 
3.287100 
3.287600 
3.287700 
3.287900 
3.288500 
3.289200 
3.291500 
3.292400 
3.292500 
3.293600 
3.293600 
3.293800 
3.293900 
3.294000 
3.294100 
3.295300 
3.295500 
3.295500 
3.296100 
3.296300 
3.296800 
3.297500 
3.297500 
3.298300 
3.299400 
3.299700 
3.299700 
3.300000 
3.300200 
3.301200 
3.301400 
3.301700 
3.302500 
3.302700 
3.303000 
3.304100 
3.305300 
3.305600 
3.305700 
3.306000 
3.306500 
3.306500 
3.307000 
3.307000 
3.307200 
3.308400 
3.308800 
3.309600 
3.309700 
3.310500 
3.310600 
3.310600 
3.311600 
3.312300 
3.313100 
3.314500 
3.315200 
3.315200 
3.315700 
3.316200 
3.316400 
3.316900 
3.317000 
3.317200 
3.317300 
3.318100 
3.318500 
3.318600 
3.318700 
3.320600 
3.320800 
3.321200 
3.321400 
3.321600 
3.322700 
3.324500 
3.324700 
3.325400 
3.326500 
3.327700 
3.329000 
3.330500 
3.330700 
3.331000 
3.332200 
3.332900 
3.332900 
3.333500 
3.334300 
3.334400 
3.334800 
3.335600 
3.336600 
3.336800 
3.337000 
3.337000 
3.337200 
3.338300 
3.338700 
3.339700 
3.339900 
3.340200 
3.340300 
3.340300 
3.340600 
3.342700 
3.343800 
3.344300 
3.345000 
3.345000 
3.345400 
3.345900 
3.346700 
3.347200 
3.347300 
3.347700 
3.348300 
3.348700 
3.348700 
3.349300 
3.349800 
3.351200 
3.352100 
3.352500 
3.353500 
3.354100 
3.354100 
3.355000 
3.356900 
3.357900 
3.358400 
3.361500 
3.361600 
3.361700 
3.362100 
3.363200 
3.363400 
3.363400 
3.363700 
3.364100 
3.364600 
3.365800 
3.366300 
3.367200 
3.369300 
3.369400 
3.370000 
3.370000 
3.370200 
3.370500 
3.371400 
3.371400 
3.371800 
3.372300 
3.372600 
3.373300 
3.373300 
3.373300 
3.373400 
3.374000 
3.374000 
3.374100 
3.374500 
3.374900 
3.375600 
3.375700 
3.375700 
3.376200 
3.376300 
3.376500 
3.377800 
3.378000 
3.380100 
3.380400 
3.381100 
3.382300 
3.382500 
3.383400 
3.383600 
3.384700 
3.385100 
3.385200 
3.385500 
3.386000 
3.386300 
3.386600 
3.387800 
3.388200 
3.388600 
3.389100 
3.389900 
3.390000 
3.390100 
3.390400 
3.390600 
3.390800 
3.391100 
3.391800 
3.393100 
3.393200 
3.393300 
3.394100 
3.394300 
3.396200 
3.396500 
3.397200 
3.397800 
3.398300 
3.398800 
3.398800 
3.399900 
3.402800 
3.403700 
3.404000 
3.404400 
3.405200 
3.405400 
3.406000 
3.406900 
3.407300 
3.407300 
3.407900 
3.408400 
3.408900 
3.409900 
3.409900 
3.410700 
3.410700 
3.411600 
3.412700 
3.412800 
3.413100 
3.413600 
3.414100 
3.414600 
3.414800 
3.415500 
3.415800 
3.416300 
3.416700 
3.417200 
3.419100 
3.419600 
3.419700 
3.420700 
3.422000 
3.422100 
3.423500 
3.423600 
3.424600 
3.424600 
3.424600 
3.425400 
3.426500 
3.426800 
3.426800 
3.426800 
3.427200 
3.427900 
3.428800 
3.428800 
3.429000 
3.429300 
3.430400 
3.431300 
3.431700 
3.431800 
3.431900 
3.433700 
3.433800 
3.434800 
3.434800 
3.434800 
3.434900 
3.434900 
3.435100 
3.435200 
3.435600 
3.436800 
3.437200 
3.437300 
3.437300 
3.437800 
3.438300 
3.439600 
3.439900 
3.441000 
3.441500 
3.441500 
3.441700 
3.442100 
3.442200 
3.443700 
3.444100 
3.445800 
3.447100 
3.447200 
3.447500 
3.447700 
3.448100 
3.448100 
3.448200 
3.448200 
3.448900 
3.449800 
3.450100 
3.450400 
3.450700 
3.451000 
3.451300 
3.451500 
3.452000 
3.452000 
3.452300 
3.452800 
3.453000 
3.454300 
3.455200 
3.455300 
3.455700 
3.456000 
3.456600 
3.457100 
3.457700 
3.458400 
3.458500 
3.458800 
3.459600 
3.459700 
3.459900 
3.461700 
3.463200 
3.463400 
3.463700 
3.464100 
3.464400 
3.464800 
3.465500 
3.466200 
3.468200 
3.468700 
3.469200 
3.469400 
3.469600 
3.469800 
3.470200 
3.470800 
3.472000 
3.472200 
3.473000 
3.473100 
3.473700 
3.474100 
3.474800 
3.474900 
3.475200 
3.476500 
3.476800 
3.476800 
3.477000 
3.477200 
3.477200 
3.477300 
3.478200 
3.478500 
3.479900 
3.480000 
3.480000 
3.481000 
3.481300 
3.481400 
3.484700 
3.485500 
3.486400 
3.486400 
3.488000 
3.488200 
3.488300 
3.488600 
3.489400 
3.490200 
3.490800 
3.490900 
3.491000 
3.492200 
3.492400 
3.492500 
3.493400 
3.493600 
3.494200 
3.495200 
3.495700 
3.496100 
3.496300 
3.496600 
3.496900 
3.497000 
3.497000 
3.498100 
3.498500 
3.498500 
3.498900 
3.498900 
3.499000 
3.500300 
3.500600 
3.501100 
3.501400 
3.501800 
3.501900 
3.503300 
3.503400 
3.503600 
3.503600 
3.504000 
3.504300 
3.504700 
3.504900 
3.505900 
3.506400 
3.506700 
3.506800 
3.507600 
3.507600 
3.507700 
3.510300 
3.511100 
3.511600 
3.512200 
3.512300 
3.512400 
3.513500 
3.513600 
3.514000 
3.514200 
3.514700 
3.515600 
3.515700 
3.515900 
3.516000 
3.516600 
3.516600 
3.516600 
3.516800 
3.517000 
3.518100 
3.518400 
3.519400 
3.519500 
3.519500 
3.519700 
3.519900 
3.520400 
3.520700 
3.521000 
3.521000 
3.521100 
3.521300 
3.521600 
3.521900 
3.521900 
3.522100 
3.522800 
3.524900 
3.525200 
3.525500 
3.526600 
3.526800 
3.527200 
3.527300 
3.527400 
3.528700 
3.528700 
3.529000 
3.529100 
3.529600 
3.529600 
3.529900 
3.530000 
3.530400 
3.530500 
3.530700 
3.530800 
3.530800 
3.530800 
3.531400 
3.531400 
3.531700 
3.532000 
3.532200 
3.532600 
3.532800 
3.534000 
3.534200 
3.536100 
3.537000 
3.538200 
3.539200 
3.540100 
3.540300 
3.540800 
3.541100 
3.541800 
3.542000 
3.543900 
3.545100 
3.545900 
3.546100 
3.546200 
3.546800 
3.547300 
3.547700 
3.548300 
3.548900 
3.549200 
3.549800 
3.549800 
3.549900 
3.550800 
3.551900 
3.552800 
3.553800 
3.554000 
3.554600 
3.554700 
3.555300 
3.556500 
3.556600 
3.557600 
3.558900 
3.559600 
3.559800 
3.560200 
3.560700 
3.561000 
3.561100 
3.561100 
3.561300 
3.561600 
3.562300 
3.563800 
3.565200 
3.565800 
3.566200 
3.566500 
3.567100 
3.567500 
3.567700 
3.569000 
3.570000 
3.570400 
3.570600 
3.570800 
3.571100 
3.571300 
3.571500 
3.571600 
3.571700 
3.572000 
3.572600 
3.572600 
3.574900 
3.575400 
3.575400 
3.575700 
3.576000 
3.576200 
3.577500 
3.577600 
3.578600 
3.579100 
3.579700 
3.580300 
3.581100 
3.581600 
3.582100 
3.582500 
3.582500 
3.583400 
3.584000 
3.584000 
3.584400 
3.586700 
3.588200 
3.588300 
3.589200 
3.589600 
3.589900 
3.590800 
3.591100 
3.591100 
3.592000 
3.593400 
3.593400 
3.594200 
3.594700 
3.594900 
3.595000 
3.595100 
3.595500 
3.595900 
3.596200 
3.596200 
3.596900 
3.597200 
3.598900 
3.599600 
3.599600 
3.599900 
3.599900 
3.600300 
3.600700 
3.601200 
3.602400 
3.602600 
3.603300 
3.603400 
3.603900 
3.604000 
3.605500 
3.606700 
3.606700 
3.607700 
3.607800 
3.608500 
3.608800 
3.608900 
3.609000 
3.609300 
3.609900 
3.610500 
3.610600 
3.610800 
3.612000 
3.612400 
3.612500 
3.612700 
3.613300 
3.613800 
3.614400 
3.615800 
3.616300 
3.616700 
3.616900 
3.617700 
3.618100 
3.618200 
3.619000 
3.619700 
3.620500 
3.621400 
3.621700 
3.621800 
3.622800 
3.623200 
3.623700 
3.624100 
3.624300 
3.624600 
3.626100 
3.626900 
3.627300 
3.627500 
3.629500 
3.632200 
3.632200 
3.633500 
3.633600 
3.633700 
3.634800 
3.636600 
3.637200 
3.639700 
3.639900 
3.640400 
3.640800 
3.641000 
3.641200 
3.642300 
3.642400 
3.643900 
3.644200 
3.644300 
3.645500 
3.645500 
3.646600 
3.647700 
3.648100 
3.649500 
3.650000 
3.650700 
3.651100 
3.651300 
3.652900 
3.653000 
3.653700 
3.653800 
3.653900 
3.655900 
3.656700 
3.657000 
3.657500 
3.657600 
3.657600 
3.659200 
3.659800 
3.660200 
3.660300 
3.660700 
3.660700 
3.660800 
3.661100 
3.661200 
3.661200 
3.662600 
3.663900 
3.664200 
3.664400 
3.664400 
3.665300 
3.666200 
3.667600 
3.667800 
3.667900 
3.668600 
3.668700 
3.669100 
3.669300 
3.669500 
3.670300 
3.670500 
3.670600 
3.671400 
3.672900 
3.673000 
3.673100 
3.673100 
3.673400 
3.674500 
3.674500 
3.674600 
3.675300 
3.675600 
3.675600 
3.675700 
3.675800 
3.676100 
3.676900 
3.677400 
3.678200 
3.678500 
3.678700 
3.679500 
3.680000 
3.681800 
3.682000 
3.682100 
3.682600 
3.682800 
3.683000 
3.683100 
3.683300 
3.683300 
3.683400 
3.683500 
3.683700 
3.685000 
3.685100 
3.685900 
3.686000 
3.689200 
3.690000 
3.690400 
3.690800 
3.693300 
3.695300 
3.696400 
3.697000 
3.697100 
3.697500 
3.697600 
3.698300 
3.699200 
3.699300 
3.699800 
3.701700 
3.702000 
3.703900 
3.704500 
3.705800 
3.706300 
3.706600 
3.707100 
3.707100 
3.707500 
3.708000 
3.708100 
3.708400 
3.711200 
3.712300 
3.712400 
3.713100 
3.713300 
3.713700 
3.715700 
3.716700 
3.717000 
3.717100 
3.717400 
3.717900 
3.719100 
3.722100 
3.724600 
3.724800 
3.725200 
3.725300 
3.725300 
3.725700 
3.726600 
3.727300 
3.727900 
3.728300 
3.728500 
3.728700 
3.728900 
3.729100 
3.729100 
3.729200 
3.729500 
3.730300 
3.732300 
3.732600 
3.732800 
3.733400 
3.734400 
3.735000 
3.735000 
3.736500 
3.736500 
3.736900 
3.737200 
3.737300 
3.738100 
3.739300 
3.739400 
3.740400 
3.740600 
3.740800 
3.741100 
3.741100 
3.741400 
3.742300 
3.742900 
3.745200 
3.745400 
3.745600 
3.745600 
3.745900 
3.746600 
3.747000 
3.750000 
3.750800 
3.751300 
3.751600 
3.752100 
3.752300 
3.752600 
3.752900 
3.752900 
3.753200 
3.755300 
3.756000 
3.756200 
3.757000 
3.757400 
3.757900 
3.758000 
3.758100 
3.758600 
3.759900 
3.762200 
3.763800 
3.764100 
3.764300 
3.765600 
3.765800 
3.765800 
3.766600 
3.766900 
3.767400 
3.767800 
3.767900 
3.768800 
3.769000 
3.769200 
3.770600 
3.771200 
3.772300 
3.772600 
3.772600 
3.772900 
3.773400 
3.773500 
3.773600 
3.774700 
3.775600 
3.775700 
3.776300 
3.776700 
3.777400 
3.777500 
3.777700 
3.778300 
3.778600 
3.778800 
3.779200 
3.779300 
3.780000 
3.780000 
3.780100 
3.781100 
3.781800 
3.782500 
3.783100 
3.783700 
3.784100 
3.784500 
3.784900 
3.785500 
3.785800 
3.786000 
3.786400 
3.787300 
3.787600 
3.788000 
3.788400 
3.790600 
3.791100 
3.791700 
3.791700 
3.792200 
3.792400 
3.792700 
3.792800 
3.793700 
3.794000 
3.794400 
3.794500 
3.794600 
3.795200 
3.796000 
3.796200 
3.798400 
3.798600 
3.798900 
3.799100 
3.799100 
3.800300 
3.800700 
3.800700 
3.800900 
3.801600 
3.802000 
3.802200 
3.803000 
3.803200 
3.803600 
3.803600 
3.804000 
3.804200 
3.804400 
3.804900 
3.806200 
3.806900 
3.806900 
3.807000 
3.807400 
3.807500 
3.807800 
3.808300 
3.808500 
3.809400 
3.809500 
3.809800 
3.810000 
3.810100 
3.810100 
3.812300 
3.813200 
3.813600 
3.814500 
3.814600 
3.815300 
3.815900 
3.816000 
3.817600 
3.818500 
3.818500 
3.820100 
3.821600 
3.821800 
3.822700 
3.822900 
3.823400 
3.823500 
3.823500 
3.824000 
3.824600 
3.827500 
3.827600 
3.829100 
3.829400 
3.829500 
3.831900 
3.831900 
3.833400 
3.833500 
3.833600 
3.833700 
3.833800 
3.834000 
3.834000 
3.834100 
3.834400 
3.834500 
3.835000 
3.835100 
3.835400 
3.835400 
3.835500 
3.835900 
3.837100 
3.837600 
3.838200 
3.838300 
3.838400 
3.839700 
3.840500 
3.841600 
3.841900 
3.842000 
3.842200 
3.843300 
3.843400 
3.844400 
3.844400 
3.844600 
3.845100 
3.845300 
3.845500 
3.845600 
3.846000 
3.846400 
3.846400 
3.846600 
3.846800 
3.847400 
3.849000 
3.849300 
3.849400 
3.850300 
3.850400 
3.851000 
3.851100 
3.851400 
3.851500 
3.853700 
3.854600 
3.855000 
3.857000 
3.857100 
3.857800 
3.857800 
3.859300 
3.859500 
3.860400 
3.860400 
3.861200 
3.861500 
3.862500 
3.863500 
3.863900 
3.864400 
3.864900 
3.864900 
3.866100 
3.867800 
3.869100 
3.870400 
3.872300 
3.872500 
3.872500 
3.873100 
3.873300 
3.873600 
3.873600 
3.874300 
3.874900 
3.876000 
3.876600 
3.876700 
3.876700 
3.877300 
3.877700 
3.877900 
3.878000 
3.878100 
3.880000 
3.880100 
3.880100 
3.881000 
3.881700 
3.882700 
3.883200 
3.883700 
3.884300 
3.884300 
3.886300 
3.886500 
3.886600 
3.886900 
3.887800 
3.888900 
3.889000 
3.889100 
3.889400 
3.889600 
3.889800 
3.891100 
3.892100 
3.893000 
3.893900 
3.894200 
3.895000 
3.896000 
3.896200 
3.896400 
3.897200 
3.897200 
3.897600 
3.898800 
3.899600 
3.899800 
3.900300 
3.900400 
3.901700 
3.902800 
3.903000 
3.903400 
3.903500 
3.904300 
3.905400 
3.906100 
3.906500 
3.906700 
3.908300 
3.908400 
3.908600 
3.909300 
3.909500 
3.912600 
3.914000 
3.914800 
3.915400 
3.915400 
3.915500 
3.916700 
3.917500 
3.917500 
3.918600 
3.919200 
3.919400 
3.919500 
3.921200 
3.921700 
3.921800 
3.922800 
3.923100 
3.923200 
3.924400 
3.926600 
3.928000 
3.928000 
3.928300 
3.928700 
3.929600 
3.930100 
3.930200 
3.930300 
3.930500 
3.931300 
3.932700 
3.932800 
3.932800 
3.932900 
3.933100 
3.933300 
3.934100 
3.934500 
3.934600 
3.935000 
3.935100 
3.935500 
3.936100 
3.936300 
3.936400 
3.936400 
3.937000 
3.937200 
3.937200 
3.937600 
3.938000 
3.938700 
3.938700 
3.939000 
3.939000 
3.939100 
3.939200 
3.940300 
3.940600 
3.940700 
3.941200 
3.941900 
3.942600 
3.942800 
3.942800 
3.943400 
3.943600 
3.943900 
3.945900 
3.946400 
3.946900 
3.947100 
3.947300 
3.947500 
3.948300 
3.948500 
3.949200 
3.949700 
3.949900 
3.950300 
3.950500 
3.951200 
3.951500 
3.951900 
3.952500 
3.952700 
3.952900 
3.953100 
3.954900 
3.955100 
3.955200 
3.957100 
3.957800 
3.957800 
3.958700 
3.958800 
3.959200 
3.960300 
3.961000 
3.961000 
3.961200 
3.961800 
3.961800 
3.962500 
3.962600 
3.963000 
3.963400 
3.964000 
3.964500 
3.964600 
3.964800 
3.964800 
3.965100 
3.965600 
3.967800 
3.968200 
3.968200 
3.968200 
3.969300 
3.970000 
3.970100 
3.970200 
3.970400 
3.970500 
3.970600 
3.970800 
3.971300 
3.971900 
3.972000 
3.972200 
3.972500 
3.972700 
3.973100 
3.973700 
3.974000 
3.974100 
3.974400 
3.975700 
3.976900 
3.977000 
3.979300 
3.980000 
3.980000 
3.980400 
3.981100 
3.981200 
3.981500 
3.982900 
3.983200 
3.983200 
3.984100 
3.984100 
3.984200 
3.984500 
3.984700 
3.984900 
3.985100 
3.985100 
3.985200 
3.985300 
3.986000 
3.987000 
3.987400 
3.987400 
3.988300 
3.988500 
3.989500 
3.989600 
3.989700 
3.989800 
3.990000 
3.990000 
3.993300 
3.993900 
3.994300 
3.995200 
3.995600 
3.996300 
3.996400 
3.997400 
3.998900 
3.999000 
