0.012700 
0.017600 
0.018900 
0.022300 
0.022800 
0.025100 
0.025100 
0.031000 
0.037500 
0.040000 
0.041600 
0.043300 
0.043700 
0.044800 
0.055300 
0.056500 
0.060000 
0.060800 
0.061000 
0.068300 
0.075900 
0.078500 
0.080700 
0.086400 
0.086600 
0.087600 
0.091100 
0.093100 
0.093400 
0.094800 
0.097100 
0.098200 
0.099300 
0.101100 
0.102700 
0.103300 
0.104400 
0.108800 
0.109300 
0.110200 
0.110900 
0.111600 
0.112600 
0.112700 
0.113500 
0.113600 
0.115500 
0.115700 
0.117900 
0.120000 
0.126500 
0.131500 
0.131700 
0.132300 
0.133900 
0.136300 
0.137900 
0.140400 
0.142400 
0.144900 
0.146200 
0.146300 
0.146800 
0.149800 
0.150200 
0.153100 
0.154800 
0.156600 
0.156600 
0.159600 
0.160200 
0.161100 
0.163200 
0.164700 
0.166700 
0.167400 
0.168000 
0.172000 
0.173900 
0.174600 
0.177900 
0.178200 
0.178800 
0.179000 
0.179500 
0.181200 
0.181900 
0.182400 
0.183500 
0.185700 
0.187400 
0.188000 
0.188800 
0.189100 
0.192400 
0.195700 
0.197700 
0.202600 
0.204400 
0.207000 
0.210900 
0.213700 
0.215600 
0.215800 
0.218400 
0.219400 
0.223700 
0.225800 
0.227200 
0.230100 
0.233700 
0.234300 
0.234900 
0.239100 
0.240000 
0.240100 
0.241400 
0.247600 
0.248100 
0.249000 
0.250400 
0.252100 
0.252700 
0.254200 
0.255700 
0.256800 
0.256800 
0.257600 
0.262900 
0.263400 
0.264200 
0.264800 
0.268800 
0.269000 
0.270700 
0.271400 
0.271400 
0.280400 
0.282500 
0.283100 
0.284700 
0.285800 
0.286500 
0.288400 
0.289000 
0.291000 
0.293100 
0.293600 
0.294400 
0.296800 
0.299100 
0.300100 
0.301200 
0.301300 
0.302600 
0.303700 
0.304000 
0.320900 
0.323400 
0.324100 
0.324100 
0.328400 
0.338500 
0.342300 
0.342500 
0.343300 
0.345400 
0.346000 
0.347300 
0.348100 
0.348500 
0.351300 
0.353000 
0.355100 
0.357300 
0.359900 
0.361700 
0.362600 
0.362800 
0.364100 
0.367400 
0.368500 
0.369700 
0.370100 
0.370800 
0.371900 
0.375200 
0.375800 
0.376600 
0.377200 
0.384500 
0.384800 
0.385000 
0.386200 
0.388000 
0.389400 
0.394500 
0.394900 
0.399300 
0.401000 
0.401100 
0.401500 
0.402200 
0.403600 
0.404600 
0.404800 
0.406600 
0.406800 
0.412100 
0.415300 
0.416900 
0.417200 
0.419400 
0.420300 
0.421800 
0.422400 
0.424600 
0.424600 
0.426100 
0.430800 
0.432500 
0.433100 
0.437300 
0.439400 
0.440100 
0.440500 
0.443600 
0.446400 
0.448400 
0.449300 
0.449800 
0.451500 
0.452600 
0.456600 
0.457100 
0.458200 
0.460100 
0.463000 
0.464800 
0.468100 
0.469000 
0.471100 
0.475000 
0.475500 
0.476200 
0.477000 
0.477000 
0.480800 
0.482200 
0.482900 
0.487100 
0.487100 
0.490000 
0.490100 
0.493100 
0.493400 
0.494400 
0.496200 
0.496400 
0.498800 
0.500700 
0.501000 
0.502000 
0.506400 
0.506500 
0.506600 
0.508400 
0.512200 
0.515700 
0.516900 
0.518000 
0.520600 
0.521300 
0.522800 
0.525400 
0.526700 
0.527600 
0.527700 
0.531300 
0.532000 
0.540900 
0.543700 
0.543900 
0.545400 
0.547900 
0.549200 
0.549300 
0.550400 
0.551500 
0.553000 
0.553800 
0.556400 
0.557800 
0.565300 
0.567300 
0.568100 
0.568400 
0.568600 
0.569800 
0.573900 
0.574100 
0.580800 
0.581100 
0.583600 
0.584300 
0.589000 
0.589700 
0.593400 
0.594600 
0.595600 
0.596500 
0.601100 
0.602300 
0.602600 
0.604400 
0.611500 
0.612600 
0.614000 
0.616300 
0.617100 
0.618000 
0.619900 
0.620400 
0.623600 
0.624900 
0.629400 
0.632100 
0.634400 
0.634500 
0.639700 
0.641300 
0.645100 
0.646400 
0.647200 
0.650400 
0.656900 
0.657200 
0.657600 
0.658000 
0.660700 
0.661200 
0.664400 
0.667500 
0.667600 
0.667800 
0.670900 
0.674900 
0.675100 
0.675600 
0.676700 
0.677800 
0.677900 
0.679800 
0.679800 
0.683800 
0.689300 
0.690600 
0.692300 
0.698500 
0.703700 
0.706500 
0.706600 
0.707500 
0.707800 
0.708400 
0.709400 
0.711500 
0.712000 
0.712700 
0.714300 
0.714500 
0.717100 
0.717400 
0.718600 
0.720600 
0.723500 
0.727000 
0.729300 
0.729800 
0.730700 
0.732500 
0.738000 
0.739800 
0.740300 
0.740500 
0.743300 
0.748600 
0.750600 
0.750800 
0.751000 
0.752600 
0.759800 
0.760500 
0.764500 
0.766500 
0.772000 
0.772600 
0.772800 
0.773000 
0.773600 
0.774700 
0.775800 
0.777000 
0.777700 
0.777900 
0.778200 
0.779600 
0.780300 
0.783600 
0.784100 
0.791100 
0.791400 
0.794600 
0.794900 
0.796100 
0.798600 
0.802600 
0.804700 
0.804800 
0.805700 
0.809400 
0.810000 
0.810200 
0.812100 
0.812300 
0.812600 
0.813100 
0.813500 
0.813500 
0.822700 
0.826800 
0.828800 
0.829500 
0.830000 
0.832400 
0.835600 
0.838900 
0.840000 
0.841700 
0.842900 
0.845200 
0.850600 
0.851800 
0.857900 
0.858600 
0.859200 
0.859400 
0.861300 
0.861500 
0.863300 
0.865000 
0.866700 
0.867300 
0.868700 
0.870900 
0.871600 
0.872300 
0.873000 
0.878500 
0.879300 
0.880200 
0.882800 
0.883900 
0.889900 
0.901100 
0.905900 
0.910300 
0.910500 
0.911500 
0.911600 
0.913200 
0.913500 
0.913700 
0.914900 
0.917400 
0.917500 
0.917800 
0.917900 
0.919600 
0.919900 
0.920200 
0.925000 
0.926200 
0.927600 
0.931700 
0.934500 
0.936500 
0.936600 
0.936900 
0.939000 
0.941500 
0.945000 
0.946100 
0.947500 
0.948800 
0.949600 
0.950900 
0.951800 
0.953600 
0.953800 
0.956000 
0.956600 
0.959800 
0.962100 
0.963100 
0.965700 
0.966500 
0.968700 
0.968800 
0.970900 
0.976000 
0.984500 
0.984600 
0.984600 
0.989800 
0.990500 
0.991700 
0.993800 
0.995200 
0.995400 
0.996500 
0.998100 
0.999000 
1.000900 
1.001100 
1.001400 
1.002300 
1.003600 
1.004100 
1.006500 
1.011300 
1.012900 
1.013300 
1.013500 
1.014800 
1.016300 
1.017600 
1.020500 
1.021200 
1.024000 
1.024100 
1.025700 
1.026200 
1.027000 
1.029600 
1.030300 
1.031000 
1.033300 
1.037800 
1.041200 
1.042200 
1.045900 
1.048700 
1.048900 
1.050900 
1.053200 
1.054800 
1.055000 
1.059900 
1.062000 
1.062500 
1.064200 
1.065800 
1.066200 
1.066900 
1.067800 
1.070800 
1.071300 
1.074900 
1.076500 
1.079100 
1.083200 
1.084300 
1.084900 
1.085600 
1.086400 
1.087400 
1.087600 
1.088400 
1.089300 
1.090100 
1.091300 
1.091900 
1.093300 
1.094700 
1.094800 
1.095000 
1.095500 
1.098400 
1.100800 
1.101800 
1.103000 
1.105500 
1.111600 
1.111600 
1.114800 
1.115500 
1.115600 
1.116000 
1.116300 
1.119400 
1.120200 
1.121600 
1.127300 
1.127500 
1.127900 
1.131900 
1.132100 
1.132300 
1.133000 
1.133200 
1.133200 
1.133300 
1.136800 
1.137000 
1.137800 
1.138200 
1.140500 
1.142500 
1.146300 
1.147200 
1.147900 
1.150200 
1.151400 
1.152700 
1.153700 
1.157600 
1.158900 
1.159000 
1.159200 
1.159800 
1.161300 
1.161900 
1.162500 
1.163300 
1.164900 
1.165700 
1.166500 
1.168100 
1.170100 
1.171200 
1.173500 
1.174600 
1.176400 
1.176700 
1.177300 
1.183600 
1.186100 
1.190200 
1.190400 
1.196400 
1.196800 
1.197400 
1.201400 
1.203700 
1.204200 
1.207400 
1.207700 
1.209800 
1.214900 
1.218900 
1.219300 
1.219500 
1.221000 
1.222000 
1.224600 
1.227200 
1.229600 
1.229600 
1.230400 
1.230500 
1.231800 
1.232400 
1.233200 
1.235900 
1.240200 
1.241700 
1.242700 
1.244900 
1.245000 
1.245600 
1.247500 
1.247600 
1.250300 
1.251300 
1.252000 
1.253500 
1.255000 
1.255500 
1.259600 
1.261800 
1.262400 
1.263200 
1.263500 
1.263700 
1.266400 
1.270800 
1.271000 
1.272300 
1.273700 
1.275300 
1.276900 
1.276900 
1.277100 
1.278400 
1.278500 
1.278700 
1.280700 
1.281400 
1.282300 
1.282800 
1.284300 
1.285000 
1.285700 
1.288500 
1.290300 
1.292500 
1.298600 
1.298800 
1.300100 
1.306500 
1.309100 
1.311900 
1.312700 
1.313200 
1.314700 
1.315900 
1.316700 
1.318800 
1.319700 
1.320000 
1.322200 
1.322200 
1.323700 
1.326300 
1.326900 
1.328300 
1.329600 
1.330200 
1.333500 
1.334600 
1.336400 
1.339200 
1.340100 
1.341700 
1.342200 
1.343200 
1.345100 
1.349600 
1.350400 
1.350400 
1.352400 
1.359000 
1.362200 
1.364000 
1.364000 
1.366900 
1.367700 
1.370700 
1.371500 
1.374400 
1.374600 
1.376100 
1.378300 
1.378900 
1.379000 
1.379100 
1.380100 
1.381900 
1.383000 
1.383500 
1.384400 
1.388300 
1.389200 
1.389500 
1.392200 
1.393300 
1.394600 
1.395500 
1.398300 
1.399200 
1.399200 
1.399500 
1.400500 
1.401200 
1.406500 
1.407800 
1.408100 
1.408600 
1.409100 
1.411600 
1.412100 
1.415300 
1.415300 
1.415600 
1.415700 
1.418300 
1.418700 
1.419400 
1.419900 
1.420000 
1.420400 
1.420700 
1.422800 
1.423100 
1.425900 
1.425900 
1.426500 
1.431000 
1.431100 
1.434300 
1.437500 
1.438000 
1.438300 
1.439800 
1.441100 
1.443100 
1.444300 
1.447300 
1.450100 
1.452000 
1.452200 
1.452400 
1.453100 
1.454200 
1.454400 
1.455200 
1.459900 
1.466700 
1.466900 
1.468600 
1.468800 
1.469100 
1.472600 
1.472800 
1.473900 
1.476200 
1.477400 
1.478200 
1.478800 
1.479400 
1.481000 
1.482300 
1.483500 
1.486400 
1.486900 
1.488400 
1.488800 
1.489100 
1.490200 
1.492500 
1.492600 
1.492800 
1.494600 
1.497300 
1.499500 
1.500400 
1.503500 
1.503800 
1.508100 
1.510700 
1.512600 
1.515300 
1.515400 
1.516700 
1.521500 
1.522500 
1.526100 
1.526800 
1.529900 
1.532400 
1.533300 
1.534100 
1.534400 
1.534700 
1.537600 
1.539300 
1.540600 
1.544100 
1.544500 
1.545400 
1.547400 
1.548000 
1.549500 
1.549600 
1.550100 
1.550500 
1.551100 
1.551300 
1.553900 
1.556300 
1.556800 
1.557500 
1.557600 
1.558200 
1.559100 
1.560900 
1.561500 
1.563900 
1.564900 
1.565800 
1.566700 
1.568000 
1.569200 
1.569300 
1.570900 
1.571600 
1.571900 
1.573400 
1.573500 
1.573700 
1.574600 
1.576300 
1.577100 
1.578700 
1.579700 
1.580200 
1.581100 
1.583200 
1.585800 
1.586700 
1.595200 
1.595500 
1.596600 
1.597000 
1.597100 
1.598000 
1.601400 
1.603600 
1.603700 
1.604500 
1.604500 
1.605700 
1.608600 
1.610900 
1.611400 
1.611800 
1.612100 
1.612300 
1.613800 
1.616800 
1.616800 
1.618300 
1.618400 
1.618600 
1.621500 
1.622100 
1.624000 
1.624500 
1.625200 
1.625500 
1.628800 
1.629500 
1.634800 
1.635100 
1.638000 
1.641400 
1.643300 
1.644400 
1.649000 
1.650300 
1.650500 
1.651100 
1.652900 
1.653900 
1.654200 
1.654600 
1.657100 
1.659100 
1.660900 
1.663000 
1.663200 
1.663900 
1.665600 
1.666200 
1.666700 
1.666900 
1.667100 
1.668100 
1.669300 
1.671500 
1.678700 
1.683200 
1.686400 
1.687200 
1.689300 
1.690100 
1.690700 
1.690900 
1.692600 
1.697900 
1.698300 
1.698400 
1.699700 
1.700100 
1.701500 
1.703000 
1.703200 
1.705600 
1.706500 
1.707800 
1.708400 
1.714500 
1.717400 
1.723400 
1.726200 
1.726800 
1.727600 
1.727800 
1.731400 
1.731700 
1.733000 
1.733700 
1.734100 
1.734700 
1.735900 
1.736400 
1.738800 
1.740400 
1.742100 
1.744700 
1.744700 
1.748700 
1.748900 
1.752800 
1.756600 
1.758500 
1.761300 
1.761800 
1.762100 
1.762400 
1.762700 
1.762900 
1.763300 
1.765500 
1.767300 
1.768200 
1.770100 
1.770700 
1.771600 
1.777400 
1.778100 
1.780300 
1.780900 
1.783000 
1.784200 
1.784200 
1.784500 
1.785800 
1.787100 
1.788000 
1.789500 
1.792500 
1.793600 
1.793800 
1.794700 
1.795400 
1.796200 
1.798600 
1.799700 
1.801500 
1.801900 
1.804300 
1.807100 
1.807400 
1.810700 
1.812300 
1.812500 
1.813400 
1.814100 
1.816000 
1.819500 
1.820000 
1.821100 
1.822600 
1.823900 
1.824800 
1.825900 
1.826300 
1.826600 
1.829300 
1.831400 
1.833900 
1.838300 
1.839000 
1.843100 
1.845600 
1.846100 
1.848900 
1.849000 
1.849900 
1.850300 
1.851100 
1.851200 
1.851300 
1.855800 
1.857500 
1.861000 
1.861100 
1.865300 
1.866100 
1.867700 
1.867900 
1.869000 
1.873500 
1.876600 
1.876800 
1.878000 
1.880400 
1.882100 
1.884200 
1.885400 
1.886100 
1.887100 
1.889800 
1.889900 
1.890000 
1.891500 
1.891900 
1.892600 
1.893500 
1.893900 
1.894600 
1.900700 
1.902700 
1.906200 
1.908600 
1.909300 
1.910200 
1.910800 
1.911200 
1.911500 
1.911800 
1.914100 
1.915300 
1.916500 
1.917400 
1.918200 
1.919900 
1.920000 
1.920600 
1.923800 
1.925300 
1.925400 
1.925500 
1.928800 
1.932300 
1.932800 
1.932800 
1.932900 
1.933700 
1.936300 
1.937300 
1.937300 
1.938800 
1.939400 
1.940000 
1.940000 
1.942700 
1.944500 
1.946500 
1.948500 
1.948500 
1.949200 
1.950100 
1.950900 
1.951500 
1.952300 
1.955400 
1.956500 
1.959000 
1.959600 
1.959700 
1.963700 
1.963800 
1.963900 
1.964200 
1.967900 
1.968300 
1.969100 
1.970600 
1.971600 
1.972800 
1.973300 
1.973300 
1.975500 
1.976800 
1.977500 
1.980600 
1.981300 
1.984700 
1.984800 
1.988300 
1.994000 
1.995100 
1.995800 
1.996200 
1.996400 
1.997200 
1.997400 
1.997500 
2.000500 
2.001800 
2.003200 
2.003900 
2.004600 
2.006100 
2.008300 
2.008400 
2.008500 
2.008600 
2.008700 
2.009400 
2.011900 
2.015000 
2.018900 
2.019200 
2.019500 
2.020600 
2.023000 
2.024600 
2.025400 
2.026500 
2.028300 
2.031300 
2.033600 
2.034500 
2.035900 
2.039000 
2.039600 
2.040800 
2.043200 
2.043900 
2.044200 
2.045600 
2.046000 
2.046500 
2.047400 
2.050100 
2.052200 
2.053000 
2.053100 
2.054000 
2.054300 
2.057300 
2.057600 
2.061500 
2.062100 
2.064700 
2.066400 
2.066400 
2.069500 
2.070800 
2.071500 
2.072000 
2.073000 
2.074200 
2.074500 
2.075400 
2.076400 
2.076800 
2.077400 
2.078700 
2.078700 
2.080200 
2.082600 
2.084900 
2.086500 
2.088300 
2.091800 
2.093800 
2.093900 
2.094400 
2.096500 
2.097700 
2.098300 
2.098700 
2.099000 
2.100700 
2.101400 
2.103600 
2.103800 
2.106800 
2.107000 
2.112900 
2.113500 
2.117900 
2.118200 
2.118900 
2.120400 
2.122200 
2.124600 
2.126900 
2.130100 
2.133000 
2.133100 
2.133300 
2.133600 
2.135100 
2.136400 
2.137300 
2.138300 
2.143300 
2.144100 
2.144700 
2.144700 
2.145400 
2.146900 
2.147600 
2.148700 
2.151100 
2.151800 
2.154000 
2.154300 
2.155900 
2.156600 
2.157000 
2.158200 
2.158400 
2.158900 
2.159600 
2.159900 
2.160200 
2.161300 
2.161400 
2.163700 
2.164900 
2.165100 
2.165700 
2.166400 
2.168100 
2.169000 
2.169400 
2.169400 
2.170200 
2.171800 
2.173200 
2.174200 
2.175200 
2.180500 
2.181200 
2.181500 
2.184900 
2.186500 
2.187500 
2.187900 
2.188900 
2.189500 
2.189600 
2.191100 
2.192100 
2.195200 
2.195400 
2.195500 
2.195800 
2.195900 
2.196200 
2.201900 
2.202600 
2.206300 
2.206900 
2.208000 
2.217000 
2.221200 
2.221500 
2.222000 
2.222700 
2.225400 
2.227100 
2.228400 
2.229900 
2.232300 
2.235000 
2.235900 
2.236000 
2.236700 
2.237800 
2.238500 
2.239900 
2.241200 
2.241700 
2.242700 
2.244900 
2.247000 
2.249000 
2.252300 
2.252900 
2.253000 
2.253400 
2.254200 
2.257500 
2.259500 
2.260900 
2.262700 
2.266700 
2.270100 
2.271200 
2.271500 
2.271600 
2.272700 
2.276600 
2.278100 
2.278200 
2.278200 
2.278400 
2.280000 
2.280200 
2.281200 
2.281400 
2.281600 
2.283200 
2.283700 
2.285400 
2.287200 
2.287800 
2.292300 
2.292300 
2.297000 
2.297000 
2.298200 
2.298600 
2.299400 
2.301000 
2.301700 
2.303300 
2.304900 
2.307100 
2.307200 
2.309200 
2.310300 
2.311000 
2.312100 
2.313800 
2.316500 
2.318300 
2.319100 
2.324500 
2.325200 
2.326300 
2.327000 
2.327300 
2.328700 
2.329000 
2.332200 
2.332800 
2.333400 
2.334100 
2.335500 
2.336000 
2.336800 
2.339800 
2.340500 
2.341900 
2.343000 
2.343200 
2.349200 
2.350100 
2.351700 
2.352100 
2.352800 
2.352900 
2.353000 
2.354000 
2.354100 
2.354500 
2.355400 
2.358600 
2.359000 
2.359800 
2.361400 
2.361900 
2.363100 
2.363200 
2.365100 
2.369300 
2.369900 
2.374100 
2.374200 
2.377000 
2.377000 
2.378800 
2.378900 
2.379800 
2.380100 
2.383500 
2.385300 
2.388700 
2.388700 
2.390400 
2.390600 
2.393700 
2.394600 
2.397000 
2.397100 
2.399600 
2.402300 
2.402700 
2.403100 
2.405200 
2.405700 
2.407400 
2.408700 
2.408800 
2.410100 
2.410800 
2.411000 
2.412200 
2.412600 
2.413300 
2.415500 
2.415500 
2.416100 
2.416300 
2.416500 
2.418600 
2.419200 
2.420900 
2.421200 
2.423000 
2.423600 
2.423600 
2.423800 
2.425700 
2.426200 
2.428500 
2.431500 
2.431700 
2.433900 
2.437000 
2.437800 
2.438100 
2.438600 
2.438900 
2.439300 
2.439400 
2.440700 
2.441100 
2.442600 
2.443200 
2.443300 
2.444100 
2.444900 
2.445200 
2.445400 
2.451400 
2.452200 
2.452300 
2.452700 
2.458100 
2.458100 
2.458900 
2.459100 
2.459500 
2.459600 
2.460900 
2.461900 
2.463500 
2.465100 
2.467000 
2.467600 
2.470800 
2.471100 
2.471200 
2.471900 
2.473300 
2.474300 
2.474900 
2.475500 
2.476600 
2.477100 
2.477500 
2.477800 
2.481700 
2.482800 
2.483600 
2.483800 
2.484800 
2.485500 
2.486300 
2.486600 
2.487100 
2.487200 
2.488700 
2.488900 
2.489500 
2.490200 
2.490400 
2.494100 
2.494600 
2.496400 
2.504500 
2.506600 
2.507700 
2.508400 
2.509400 
2.510900 
2.513700 
2.519100 
2.520400 
2.522500 
2.524700 
2.525600 
2.525600 
2.529300 
2.530300 
2.531200 
2.531500 
2.531600 
2.531800 
2.533100 
2.533400 
2.535100 
2.536100 
2.536700 
2.544500 
2.546500 
2.546800 
2.547400 
2.549300 
2.550100 
2.550500 
2.553400 
2.553800 
2.553800 
2.555300 
2.555900 
2.556000 
2.556000 
2.559100 
2.561400 
2.563900 
2.564300 
2.564400 
2.564400 
2.567200 
2.567400 
2.569000 
2.571500 
2.573500 
2.574200 
2.575600 
2.575800 
2.578300 
2.579500 
2.581600 
2.582300 
2.584400 
2.586200 
2.587200 
2.589300 
2.590600 
2.591800 
2.594100 
2.596500 
2.597400 
2.598400 
2.599100 
2.599600 
2.602300 
2.603700 
2.603800 
2.605100 
2.605400 
2.607200 
2.612200 
2.613600 
2.613800 
2.613900 
2.614100 
2.615000 
2.615300 
2.616300 
2.616700 
2.616800 
2.617300 
2.618900 
2.620800 
2.622300 
2.627900 
2.629300 
2.629600 
2.630500 
2.632800 
2.633400 
2.633800 
2.634100 
2.634300 
2.634600 
2.636400 
2.636700 
2.637900 
2.641700 
2.644200 
2.645100 
2.645300 
2.646500 
2.647900 
2.649100 
2.649400 
2.651000 
2.652900 
2.654700 
2.660400 
2.660700 
2.661900 
2.661900 
2.665300 
2.665600 
2.666500 
2.666900 
2.668300 
2.668600 
2.670000 
2.670100 
2.670600 
2.670800 
2.672300 
2.672500 
2.673500 
2.673500 
2.675300 
2.675600 
2.676800 
2.681200 
2.681600 
2.682200 
2.683600 
2.684100 
2.684700 
2.688600 
2.689300 
2.690500 
2.691400 
2.691500 
2.694500 
2.695100 
2.696700 
2.698300 
2.701800 
2.702100 
2.702200 
2.704500 
2.706800 
2.707100 
2.709200 
2.710200 
2.710400 
2.714800 
2.717200 
2.717800 
2.718000 
2.720200 
2.721700 
2.723900 
2.725200 
2.726000 
2.728400 
2.728500 
2.729700 
2.729700 
2.731900 
2.732400 
2.732900 
2.733700 
2.735000 
2.736700 
2.737300 
2.737900 
2.738100 
2.738500 
2.740000 
2.740400 
2.740700 
2.742500 
2.743700 
2.746600 
2.749900 
2.750400 
2.750400 
2.754700 
2.755800 
2.756000 
2.757000 
2.758000 
2.758100 
2.758300 
2.759300 
2.760100 
2.760100 
2.760600 
2.761600 
2.762400 
2.765900 
2.766400 
2.767800 
2.768700 
2.768900 
2.769000 
2.770800 
2.771900 
2.772200 
2.772600 
2.773800 
2.774000 
2.774700 
2.776600 
2.776700 
2.776800 
2.777500 
2.778200 
2.779000 
2.779400 
2.780200 
2.785000 
2.786900 
2.790300 
2.790400 
2.790700 
2.792100 
2.792500 
2.794000 
2.794900 
2.795000 
2.796000 
2.797100 
2.798600 
2.798800 
2.798800 
2.799000 
2.799000 
2.801800 
2.801800 
2.803600 
2.804100 
2.804800 
2.804900 
2.808800 
2.809000 
2.809600 
2.810000 
2.811500 
2.811500 
2.812800 
2.813800 
2.813900 
2.814300 
2.815100 
2.815500 
2.816800 
2.816900 
2.822400 
2.822500 
2.823600 
2.823800 
2.824600 
2.824700 
2.828700 
2.828700 
2.829900 
2.831000 
2.833100 
2.835200 
2.835500 
2.837100 
2.838700 
2.839200 
2.840300 
2.841000 
2.844400 
2.846600 
2.848400 
2.849200 
2.849500 
2.856000 
2.859300 
2.862100 
2.862900 
2.864200 
2.866400 
2.867800 
2.867800 
2.869700 
2.871500 
2.873000 
2.873300 
2.874200 
2.875100 
2.876900 
2.878800 
2.879900 
2.879900 
2.880000 
2.881400 
2.883800 
2.884900 
2.885900 
2.888000 
2.889300 
2.893500 
2.894800 
2.895000 
2.895200 
2.895600 
2.898000 
2.898400 
2.898500 
2.900500 
2.901100 
2.905800 
2.906900 
2.907700 
2.908200 
2.908400 
2.908500 
2.909200 
2.911800 
2.913600 
2.913800 
2.914100 
2.916600 
2.918000 
2.918100 
2.918400 
2.918600 
2.918800 
2.921000 
2.921600 
2.924100 
2.924400 
2.924700 
2.930000 
2.932400 
2.933100 
2.933600 
2.933800 
2.934600 
2.938200 
2.938800 
2.939800 
2.940300 
2.940300 
2.940800 
2.944000 
2.946100 
2.947000 
2.947200 
2.947500 
2.949000 
2.949900 
2.950600 
2.952700 
2.953800 
2.956400 
2.957300 
2.959200 
2.959700 
2.962500 
2.967500 
2.971400 
2.973300 
2.974700 
2.975800 
2.976800 
2.977800 
2.979900 
2.980400 
2.982900 
2.983200 
2.983400 
2.984900 
2.988300 
2.989400 
2.989500 
2.993400 
2.995500 
2.998000 
2.998500 
2.999100 
2.999200 
3.000200 
3.000500 
3.001300 
3.005600 
3.007000 
3.008500 
3.009100 
3.009700 
3.010000 
3.010200 
3.011300 
3.011800 
3.012000 
3.012400 
3.020200 
3.020800 
3.023700 
3.024000 
3.024400 
3.026200 
3.031000 
3.032700 
3.035500 
3.037400 
3.038900 
3.040000 
3.040100 
3.041800 
3.042400 
3.043800 
3.045700 
3.046400 
3.047900 
3.048600 
3.050200 
3.050800 
3.050800 
3.051700 
3.055900 
3.056700 
3.057800 
3.059500 
3.063800 
3.064900 
3.066000 
3.066800 
3.069900 
3.073800 
3.074000 
3.078600 
3.078800 
3.079000 
3.079800 
3.081000 
3.084800 
3.085300 
3.086200 
3.086600 
3.088100 
3.089900 
3.091300 
3.092700 
3.093800 
3.098600 
3.103800 
3.107000 
3.107800 
3.108900 
3.109200 
3.109200 
3.110100 
3.110200 
3.110900 
3.114600 
3.115200 
3.117400 
3.121400 
3.122500 
3.125200 
3.126800 
3.129500 
3.133300 
3.133500 
3.133800 
3.133800 
3.134900 
3.138900 
3.139100 
3.140600 
3.141300 
3.144200 
3.145300 
3.145800 
3.145900 
3.145900 
3.145900 
3.149800 
3.150800 
3.151300 
3.151400 
3.153600 
3.155000 
3.161900 
3.162400 
3.163200 
3.164800 
3.165000 
3.165200 
3.168000 
3.172800 
3.172900 
3.174400 
3.178300 
3.178500 
3.179300 
3.179800 
3.184400 
3.189500 
3.192900 
3.194100 
3.194200 
3.195900 
3.196000 
3.196400 
3.199100 
3.204800 
3.206500 
3.206600 
3.206600 
3.208700 
3.210400 
3.213600 
3.218400 
3.218800 
3.221100 
3.221100 
3.221400 
3.222100 
3.225200 
3.226300 
3.226900 
3.227300 
3.228200 
3.230500 
3.230800 
3.231400 
3.234700 
3.236000 
3.239800 
3.240100 
3.242200 
3.242900 
3.244300 
3.245800 
3.246000 
3.250000 
3.252400 
3.252500 
3.253200 
3.253700 
3.257500 
3.259900 
3.262500 
3.262900 
3.263700 
3.263800 
3.264000 
3.264500 
3.266700 
3.269300 
3.270400 
3.270700 
3.270800 
3.272100 
3.273200 
3.276400 
3.280300 
3.282100 
3.282300 
3.282400 
3.283500 
3.286400 
3.287200 
3.288100 
3.290100 
3.291000 
3.293000 
3.295500 
3.296100 
3.297000 
3.297500 
3.297600 
3.299200 
3.300800 
3.301400 
3.304400 
3.304800 
3.307000 
3.307900 
3.309400 
3.311200 
3.312100 
3.316500 
3.318000 
3.318500 
3.321200 
3.324000 
3.324200 
3.324500 
3.328700 
3.329600 
3.331500 
3.331600 
3.332000 
3.333100 
3.333400 
3.334700 
3.334700 
3.336700 
3.338400 
3.341100 
3.341300 
3.342000 
3.343000 
3.344800 
3.346100 
3.349700 
3.350100 
3.350500 
3.350600 
3.355300 
3.358500 
3.358800 
3.360700 
3.361200 
3.361400 
3.363000 
3.364000 
3.365100 
3.365200 
3.365200 
3.365400 
3.367900 
3.368000 
3.369300 
3.370000 
3.370900 
3.371400 
3.371700 
3.371700 
3.371800 
3.372800 
3.374300 
3.375600 
3.376200 
3.376900 
3.378800 
3.379700 
3.381100 
3.383000 
3.384700 
3.386000 
3.397500 
3.397700 
3.399600 
3.400500 
3.400600 
3.401000 
3.401500 
3.401800 
3.402000 
3.404600 
3.404700 
3.405600 
3.406100 
3.406800 
3.408900 
3.410700 
3.411200 
3.411500 
3.411800 
3.414300 
3.414800 
3.415100 
3.415800 
3.416500 
3.417700 
3.418800 
3.423500 
3.424000 
3.424700 
3.426200 
3.426600 
3.428700 
3.429000 
3.431100 
3.431900 
3.432000 
3.433800 
3.434500 
3.436500 
3.437000 
3.438500 
3.439800 
3.440100 
3.440200 
3.440800 
3.441600 
3.442000 
3.442900 
3.443800 
3.444700 
3.446300 
3.448100 
3.449800 
3.449900 
3.451200 
3.452400 
3.453800 
3.454000 
3.454800 
3.455600 
3.455700 
3.458200 
3.458400 
3.460600 
3.462500 
3.463200 
3.463500 
3.463700 
3.464800 
3.469400 
3.469600 
3.470300 
3.471600 
3.473300 
3.473600 
3.474200 
3.475200 
3.475200 
3.475300 
3.477000 
3.477600 
3.477700 
3.485800 
3.486700 
3.489100 
3.489400 
3.489400 
3.490600 
3.490700 
3.494900 
3.495400 
3.495800 
3.496100 
3.497800 
3.498000 
3.501500 
3.502800 
3.503000 
3.503400 
3.504200 
3.505000 
3.506900 
3.512000 
3.512200 
3.512800 
3.513700 
3.514100 
3.516200 
3.517400 
3.520100 
3.520700 
3.521100 
3.521400 
3.523800 
3.527300 
3.527800 
3.529400 
3.532300 
3.536400 
3.536800 
3.537300 
3.540300 
3.541100 
3.541800 
3.541900 
3.544200 
3.546200 
3.548300 
3.556500 
3.557700 
3.557800 
3.558600 
3.559100 
3.560300 
3.562000 
3.564600 
3.567900 
3.569100 
3.571000 
3.572000 
3.573300 
3.574000 
3.576100 
3.577100 
3.577300 
3.578200 
3.582300 
3.585700 
3.587700 
3.588500 
3.592600 
3.592900 
3.594100 
3.594400 
3.596100 
3.596200 
3.598600 
3.598900 
3.599100 
3.599100 
3.600700 
3.602500 
3.603000 
3.605400 
3.607400 
3.607400 
3.607700 
3.609300 
3.609900 
3.610000 
3.611700 
3.614800 
3.618800 
3.619200 
3.619700 
3.620100 
3.620400 
3.622400 
3.622700 
3.623200 
3.623600 
3.624500 
3.624700 
3.626900 
3.627300 
3.627400 
3.627500 
3.628500 
3.629900 
3.631300 
3.631600 
3.634400 
3.639500 
3.643100 
3.643300 
3.643400 
3.644700 
3.645000 
3.646900 
3.647700 
3.648000 
3.649000 
3.649000 
3.650000 
3.650200 
3.652700 
3.652900 
3.654200 
3.655400 
3.656800 
3.656900 
3.656900 
3.657100 
3.657200 
3.659200 
3.664300 
3.671100 
3.671400 
3.674600 
3.676300 
3.676800 
3.677500 
3.677700 
3.678100 
3.679100 
3.679100 
3.679900 
3.681300 
3.684900 
3.685200 
3.685900 
3.689100 
3.691100 
3.691100 
3.696000 
3.696100 
3.698600 
3.698900 
3.700700 
3.700700 
3.701500 
3.704600 
3.706600 
3.707200 
3.708500 
3.709900 
3.712800 
3.714000 
3.715600 
3.723900 
3.724100 
3.725400 
3.726300 
3.727400 
3.727600 
3.728600 
3.729100 
3.731300 
3.734300 
3.735700 
3.738000 
3.738100 
3.741800 
3.743800 
3.744800 
3.746200 
3.747200 
3.748300 
3.749300 
3.750900 
3.751800 
3.752100 
3.752900 
3.754500 
3.756500 
3.757500 
3.759900 
3.760000 
3.760800 
3.762300 
3.764000 
3.767700 
3.768600 
3.769000 
3.769200 
3.770000 
3.771200 
3.774000 
3.774200 
3.775300 
3.776900 
3.777200 
3.778200 
3.781100 
3.782000 
3.785200 
3.785600 
3.785800 
3.793400 
3.793700 
3.794000 
3.794100 
3.794900 
3.795700 
3.796900 
3.796900 
3.798100 
3.798300 
3.799600 
3.800900 
3.802200 
3.804500 
3.806400 
3.808100 
3.809200 
3.809800 
3.810600 
3.810600 
3.812000 
3.812200 
3.812900 
3.812900 
3.815400 
3.816900 
3.817300 
3.819700 
3.820000 
3.821300 
3.821300 
3.822200 
3.824700 
3.827700 
3.831200 
3.832400 
3.833200 
3.837500 
3.838500 
3.839400 
3.840600 
3.843600 
3.844300 
3.845700 
3.845800 
3.847200 
3.848000 
3.855400 
3.855700 
3.855800 
3.856900 
3.857700 
3.859200 
3.860400 
3.861800 
3.862000 
3.863100 
3.863600 
3.863700 
3.865300 
3.866000 
3.867100 
3.868800 
3.869600 
3.871900 
3.873100 
3.874000 
3.874300 
3.874800 
3.876500 
3.881500 
3.887500 
3.891700 
3.892000 
3.893100 
3.895200 
3.895200 
3.896600 
3.896800 
3.897300 
3.898600 
3.900000 
3.900400 
3.900700 
3.901900 
3.903300 
3.903800 
3.905100 
3.906100 
3.907200 
3.907500 
3.910200 
3.911700 
3.911700 
3.912600 
3.913500 
3.914800 
3.915400 
3.915500 
3.917600 
3.920900 
3.921600 
3.921800 
3.925000 
3.926100 
3.927300 
3.928000 
3.928200 
3.929300 
3.929400 
3.930400 
3.930500 
3.932800 
3.934700 
3.937100 
3.938200 
3.938800 
3.939600 
3.942700 
3.944000 
3.944300 
3.945000 
3.947300 
3.947300 
3.949500 
3.950500 
3.951900 
3.952600 
3.953200 
3.956100 
3.957500 
3.959500 
3.963700 
3.968300 
3.968800 
3.970600 
3.971100 
3.972600 
3.972700 
3.974300 
3.974700 
3.975900 
3.976000 
3.976900 
3.976900 
3.977000 
3.979100 
3.980600 
3.980700 
3.984500 
3.985800 
3.987000 
3.989800 
3.993100 
3.997400 
3.997800 
3.998000 
