160 
170 
72 
47 
157 
109 
139 
162 
52 
21 
73 
87 
50 
91 
152 
13 
36 
18 
138 
140 
118 
82 
25 
74 
101 
138 
162 
11 
161 
40 
160 
168 
145 
143 
84 
132 
44 
35 
179 
170 
162 
40 
140 
60 
24 
166 
4 
109 
132 
36 
75 
79 
162 
92 
173 
167 
117 
86 
25 
67 
74 
66 
70 
114 
29 
93 
178 
33 
175 
94 
72 
153 
27 
171 
131 
142 
137 
48 
12 
77 
2 
59 
169 
13 
138 
61 
137 
94 
70 
76 
80 
87 
36 
114 
32 
86 
163 
26 
27 
5 
77 
160 
101 
76 
163 
62 
105 
52 
157 
42 
164 
57 
130 
44 
11 
38 
181 
18 
128 
89 
131 
180 
169 
27 
97 
55 
126 
172 
178 
32 
122 
4 
168 
78 
124 
73 
88 
56 
36 
169 
173 
12 
103 
155 
115 
45 
53 
131 
25 
38 
183 
148 
51 
121 
179 
122 
42 
86 
6 
30 
135 
31 
77 
143 
121 
70 
98 
181 
182 
86 
173 
156 
74 
41 
138 
37 
101 
82 
107 
84 
44 
155 
162 
78 
181 
45 
122 
149 
92 
155 
114 
127 
158 
145 
70 
51 
124 
89 
67 
29 
113 
175 
80 
95 
28 
187 
184 
87 
94 
9 
53 
171 
131 
42 
153 
66 
63 
117 
157 
155 
8 
140 
92 
40 
12 
100 
63 
34 
67 
154 
161 
35 
66 
36 
122 
144 
119 
166 
48 
176 
9 
159 
87 
55 
146 
119 
133 
136 
8 
101 
92 
180 
93 
149 
158 
25 
56 
1 
37 
121 
3 
151 
17 
38 
104 
162 
85 
132 
97 
120 
58 
160 
88 
36 
9 
66 
133 
153 
67 
40 
161 
76 
44 
176 
141 
48 
39 
180 
41 
187 
84 
38 
17 
60 
163 
108 
89 
162 
185 
129 
5 
136 
120 
45 
121 
77 
39 
61 
28 
7 
35 
133 
144 
118 
148 
149 
171 
65 
105 
2 
134 
122 
28 
68 
21 
95 
79 
29 
9 
85 
135 
130 
141 
111 
102 
29 
105 
166 
115 
48 
117 
92 
171 
57 
139 
187 
61 
19 
58 
120 
84 
59 
166 
175 
6 
39 
86 
80 
49 
144 
29 
2 
127 
67 
27 
3 
131 
171 
167 
117 
11 
78 
136 
169 
155 
110 
96 
123 
184 
158 
30 
0 
151 
118 
172 
168 
52 
98 
24 
25 
86 
171 
150 
113 
8 
48 
185 
141 
69 
102 
147 
137 
163 
78 
155 
30 
111 
20 
177 
185 
156 
134 
133 
26 
6 
24 
139 
166 
51 
130 
29 
116 
85 
123 
46 
21 
54 
20 
64 
101 
107 
173 
6 
114 
152 
158 
9 
170 
134 
96 
14 
84 
118 
28 
4 
76 
77 
34 
0 
107 
95 
48 
151 
106 
40 
73 
53 
124 
140 
133 
7 
10 
144 
175 
95 
138 
10 
148 
94 
144 
136 
60 
31 
161 
139 
13 
53 
42 
100 
57 
107 
186 
115 
56 
97 
121 
131 
95 
90 
9 
103 
167 
15 
169 
12 
9 
116 
107 
68 
170 
134 
144 
100 
98 
163 
156 
136 
91 
107 
88 
64 
137 
71 
155 
145 
38 
57 
47 
37 
97 
27 
40 
85 
84 
74 
161 
79 
176 
134 
116 
180 
90 
33 
179 
64 
27 
110 
26 
93 
83 
25 
182 
174 
176 
2 
92 
137 
120 
61 
115 
82 
1 
14 
10 
17 
161 
30 
37 
50 
75 
112 
185 
41 
105 
71 
142 
83 
162 
119 
54 
149 
34 
9 
44 
19 
41 
118 
124 
50 
155 
95 
40 
92 
151 
160 
179 
139 
152 
37 
134 
135 
25 
79 
34 
113 
182 
167 
147 
8 
55 
54 
127 
50 
142 
173 
57 
172 
166 
0 
50 
10 
44 
60 
17 
153 
105 
141 
61 
98 
137 
66 
90 
22 
60 
45 
11 
123 
63 
42 
160 
154 
150 
71 
33 
181 
152 
96 
23 
92 
185 
31 
88 
139 
187 
98 
166 
118 
39 
103 
55 
181 
135 
90 
48 
133 
29 
170 
151 
56 
89 
48 
4 
101 
118 
51 
160 
180 
3 
50 
28 
115 
175 
137 
59 
125 
121 
151 
120 
141 
150 
56 
23 
73 
2 
32 
176 
43 
22 
100 
155 
167 
140 
123 
3 
60 
27 
144 
88 
40 
93 
119 
104 
139 
17 
65 
67 
169 
171 
51 
156 
68 
53 
73 
71 
48 
182 
84 
49 
183 
90 
156 
113 
84 
117 
63 
76 
92 
11 
122 
57 
31 
42 
162 
97 
96 
112 
55 
2 
106 
91 
159 
40 
99 
118 
183 
23 
143 
109 
26 
87 
127 
154 
99 
104 
14 
33 
92 
57 
67 
172 
94 
112 
149 
71 
12 
175 
5 
117 
1 
80 
48 
9 
90 
131 
40 
159 
97 
60 
88 
16 
42 
157 
11 
94 
59 
3 
129 
177 
79 
164 
89 
15 
54 
126 
5 
10 
63 
183 
150 
169 
163 
68 
187 
102 
35 
137 
157 
69 
104 
31 
162 
33 
35 
119 
83 
50 
133 
165 
142 
69 
27 
175 
138 
58 
15 
176 
49 
168 
13 
106 
22 
68 
168 
30 
86 
148 
20 
152 
41 
125 
163 
64 
57 
51 
81 
88 
151 
37 
11 
150 
9 
119 
96 
50 
97 
25 
103 
180 
26 
183 
85 
8 
44 
164 
123 
37 
57 
63 
8 
175 
83 
81 
71 
20 
79 
84 
182 
78 
95 
115 
174 
75 
5 
55 
70 
28 
87 
85 
57 
50 
154 
38 
138 
131 
122 
137 
19 
176 
171 
39 
93 
110 
165 
23 
61 
28 
49 
48 
29 
139 
119 
127 
140 
115 
65 
160 
52 
155 
47 
151 
60 
21 
180 
156 
48 
106 
134 
53 
57 
139 
56 
111 
76 
69 
91 
178 
105 
30 
49 
15 
80 
131 
159 
125 
24 
71 
13 
129 
158 
169 
17 
43 
26 
62 
65 
52 
162 
46 
149 
108 
80 
142 
53 
178 
95 
132 
16 
63 
68 
41 
152 
175 
8 
37 
99 
135 
76 
86 
140 
123 
90 
89 
39 
177 
7 
33 
28 
124 
139 
174 
44 
70 
67 
37 
22 
14 
20 
56 
6 
158 
66 
24 
1 
168 
183 
128 
30 
182 
155 
54 
98 
56 
149 
92 
110 
160 
142 
15 
126 
153 
74 
75 
116 
9 
99 
187 
52 
131 
111 
27 
135 
42 
137 
95 
3 
24 
39 
114 
86 
123 
142 
64 
156 
99 
52 
28 
147 
13 
90 
142 
170 
70 
87 
133 
126 
163 
37 
67 
78 
103 
164 
1 
132 
65 
88 
148 
124 
41 
55 
171 
16 
138 
137 
6 
8 
140 
44 
112 
85 
174 
60 
91 
159 
135 
63 
94 
176 
96 
68 
13 
92 
173 
74 
164 
180 
184 
141 
150 
66 
96 
1 
159 
168 
18 
154 
131 
95 
103 
117 
145 
91 
56 
46 
169 
136 
25 
15 
36 
72 
118 
22 
187 
171 
100 
67 
13 
24 
144 
54 
161 
71 
147 
78 
5 
112 
15 
40 
47 
27 
169 
29 
162 
117 
159 
168 
180 
143 
56 
151 
84 
27 
38 
63 
165 
101 
159 
54 
185 
18 
142 
73 
57 
108 
140 
169 
105 
39 
88 
133 
48 
145 
177 
50 
33 
27 
81 
54 
92 
148 
59 
11 
23 
49 
5 
56 
163 
168 
134 
55 
108 
143 
129 
175 
174 
84 
138 
157 
149 
25 
127 
66 
82 
71 
43 
143 
162 
155 
140 
11 
118 
186 
139 
138 
153 
60 
97 
160 
54 
58 
141 
130 
76 
180 
107 
187 
80 
39 
14 
147 
0 
162 
176 
31 
18 
164 
175 
103 
69 
139 
15 
180 
186 
44 
89 
23 
12 
3 
179 
165 
122 
123 
136 
160 
4 
39 
98 
119 
162 
99 
65 
139 
181 
109 
168 
7 
40 
170 
115 
81 
34 
64 
156 
187 
37 
53 
109 
163 
77 
178 
88 
147 
104 
117 
186 
85 
75 
63 
174 
76 
164 
110 
88 
103 
38 
50 
132 
47 
180 
9 
4 
141 
161 
137 
99 
15 
144 
127 
1 
88 
105 
80 
5 
169 
173 
153 
65 
82 
116 
150 
91 
55 
106 
170 
130 
159 
94 
162 
53 
116 
12 
182 
122 
85 
169 
13 
129 
152 
54 
79 
49 
105 
109 
142 
46 
141 
130 
52 
86 
153 
75 
176 
85 
19 
110 
20 
57 
178 
96 
15 
56 
62 
48 
133 
77 
156 
180 
82 
31 
147 
47 
61 
158 
142 
177 
182 
26 
90 
117 
135 
42 
146 
127 
72 
57 
114 
16 
153 
143 
10 
180 
77 
18 
43 
30 
65 
97 
150 
79 
5 
117 
112 
41 
29 
54 
39 
63 
107 
96 
163 
7 
44 
51 
116 
161 
150 
47 
53 
120 
122 
107 
20 
104 
55 
176 
41 
172 
69 
110 
97 
94 
116 
156 
30 
19 
58 
70 
118 
26 
77 
91 
108 
134 
160 
40 
105 
186 
34 
60 
72 
74 
47 
38 
52 
102 
176 
94 
11 
62 
147 
140 
160 
77 
165 
149 
4 
7 
122 
20 
174 
167 
23 
123 
42 
129 
35 
102 
2 
49 
14 
178 
65 
106 
183 
12 
50 
180 
96 
115 
157 
175 
123 
41 
149 
136 
4 
112 
16 
169 
2 
25 
68 
156 
178 
170 
155 
137 
81 
98 
54 
64 
74 
27 
19 
121 
127 
114 
130 
116 
139 
2 
24 
44 
181 
103 
3 
170 
68 
0 
84 
98 
49 
79 
162 
174 
186 
141 
137 
60 
135 
133 
87 
138 
160 
44 
91 
82 
67 
61 
159 
165 
74 
36 
95 
90 
63 
27 
75 
161 
10 
129 
45 
49 
134 
151 
137 
8 
153 
168 
16 
96 
172 
175 
47 
12 
111 
38 
138 
179 
22 
92 
39 
66 
14 
0 
108 
67 
34 
4 
141 
133 
12 
73 
124 
120 
134 
6 
69 
116 
16 
112 
96 
146 
179 
139 
99 
37 
177 
159 
49 
178 
153 
11 
154 
111 
113 
120 
158 
103 
122 
180 
154 
90 
49 
165 
42 
64 
14 
162 
71 
36 
121 
76 
109 
110 
48 
1 
141 
107 
70 
54 
90 
162 
63 
29 
129 
81 
17 
67 
142 
76 
46 
182 
98 
7 
129 
153 
127 
37 
5 
77 
116 
121 
13 
183 
103 
173 
15 
66 
157 
10 
112 
144 
81 
183 
99 
33 
44 
162 
177 
163 
92 
36 
5 
153 
128 
123 
110 
95 
107 
137 
181 
60 
14 
25 
99 
61 
32 
109 
46 
80 
124 
153 
29 
172 
33 
136 
142 
114 
109 
5 
30 
121 
175 
38 
20 
177 
155 
129 
18 
94 
123 
22 
163 
72 
27 
152 
176 
15 
51 
112 
29 
172 
160 
128 
90 
178 
33 
110 
170 
86 
180 
147 
2 
19 
132 
87 
69 
56 
67 
8 
176 
31 
17 
81 
60 
87 
64 
121 
139 
145 
116 
4 
8 
178 
105 
184 
183 
135 
5 
75 
132 
161 
87 
123 
0 
80 
138 
57 
179 
50 
158 
187 
90 
156 
172 
185 
17 
37 
128 
151 
88 
73 
58 
114 
131 
173 
42 
103 
130 
180 
87 
81 
65 
156 
105 
78 
169 
97 
143 
71 
151 
38 
101 
124 
18 
183 
49 
75 
50 
53 
178 
144 
2 
156 
102 
176 
28 
66 
10 
171 
32 
116 
44 
58 
153 
6 
131 
125 
137 
54 
103 
126 
154 
35 
43 
135 
79 
142 
133 
38 
84 
90 
70 
116 
157 
23 
1 
43 
179 
181 
76 
126 
184 
129 
113 
165 
49 
35 
166 
29 
82 
150 
105 
13 
85 
102 
45 
174 
131 
129 
151 
47 
168 
105 
56 
125 
89 
0 
75 
140 
182 
9 
184 
186 
160 
179 
52 
102 
139 
99 
30 
42 
135 
84 
31 
104 
111 
18 
65 
183 
118 
19 
103 
130 
52 
182 
78 
105 
14 
21 
36 
12 
99 
185 
30 
34 
80 
27 
171 
178 
50 
145 
21 
122 
53 
114 
176 
184 
112 
76 
183 
152 
79 
37 
161 
34 
74 
174 
167 
120 
16 
162 
142 
111 
20 
83 
114 
140 
48 
41 
135 
132 
77 
94 
116 
51 
186 
74 
32 
75 
30 
83 
92 
171 
121 
115 
114 
90 
154 
117 
3 
42 
18 
140 
53 
81 
157 
19 
101 
20 
150 
96 
135 
44 
97 
155 
161 
111 
178 
93 
23 
45 
15 
38 
42 
131 
75 
172 
123 
40 
100 
88 
169 
90 
115 
138 
113 
35 
77 
111 
178 
183 
81 
135 
21 
73 
122 
32 
154 
3 
56 
63 
156 
37 
12 
138 
137 
178 
165 
158 
16 
67 
6 
21 
122 
182 
102 
19 
42 
61 
24 
67 
176 
106 
159 
91 
80 
81 
105 
176 
141 
108 
42 
159 
146 
14 
38 
59 
54 
117 
11 
174 
80 
137 
166 
114 
68 
88 
0 
77 
17 
104 
13 
96 
76 
179 
183 
2 
87 
68 
55 
159 
8 
129 
60 
70 
25 
147 
11 
64 
83 
91 
141 
94 
74 
161 
89 
107 
162 
100 
140 
24 
77 
38 
180 
93 
57 
166 
127 
12 
152 
108 
15 
90 
145 
86 
18 
4 
131 
66 
82 
59 
61 
21 
137 
130 
176 
121 
36 
172 
132 
4 
39 
11 
133 
34 
129 
150 
76 
135 
37 
119 
181 
9 
79 
173 
154 
146 
174 
38 
47 
105 
118 
53 
9 
76 
15 
161 
164 
143 
98 
142 
49 
107 
51 
117 
137 
68 
87 
152 
81 
39 
30 
74 
25 
120 
1 
88 
174 
107 
15 
125 
135 
138 
151 
13 
168 
130 
109 
47 
17 
98 
169 
26 
111 
39 
81 
63 
2 
3 
8 
118 
184 
176 
185 
187 
17 
21 
24 
31 
61 
178 
16 
26 
104 
159 
123 
57 
170 
155 
20 
58 
143 
171 
72 
117 
168 
30 
67 
169 
32 
28 
54 
46 
187 
57 
35 
93 
104 
177 
48 
180 
184 
114 
130 
105 
106 
150 
35 
2 
53 
36 
111 
22 
15 
42 
135 
172 
51 
179 
127 
46 
142 
65 
96 
106 
54 
70 
144 
62 
174 
74 
180 
97 
173 
40 
25 
13 
135 
102 
148 
67 
99 
65 
104 
132 
30 
7 
36 
115 
184 
45 
48 
61 
11 
3 
174 
63 
157 
87 
111 
183 
34 
129 
182 
136 
27 
51 
117 
70 
137 
56 
181 
178 
145 
46 
0 
71 
109 
30 
150 
85 
96 
102 
164 
144 
147 
69 
14 
121 
156 
123 
152 
182 
110 
180 
7 
26 
89 
44 
13 
86 
145 
69 
174 
42 
55 
116 
67 
64 
36 
35 
76 
24 
187 
111 
117 
62 
37 
39 
77 
13 
32 
58 
181 
179 
36 
59 
86 
176 
122 
44 
100 
126 
92 
35 
112 
19 
69 
49 
25 
167 
169 
63 
68 
42 
46 
70 
97 
18 
156 
178 
66 
143 
55 
22 
41 
43 
20 
47 
118 
21 
58 
166 
95 
51 
181 
72 
113 
77 
150 
131 
174 
161 
110 
142 
155 
24 
35 
47 
159 
109 
129 
68 
187 
127 
12 
38 
20 
43 
108 
63 
11 
158 
180 
169 
148 
113 
40 
0 
114 
4 
13 
61 
185 
59 
33 
25 
139 
114 
99 
70 
67 
27 
98 
85 
96 
130 
44 
16 
92 
112 
172 
93 
169 
114 
46 
187 
69 
50 
171 
51 
183 
53 
145 
57 
131 
127 
135 
30 
120 
151 
122 
13 
121 
96 
148 
30 
7 
46 
178 
81 
105 
96 
108 
12 
26 
75 
154 
70 
102 
94 
185 
103 
145 
13 
63 
80 
84 
117 
138 
93 
19 
28 
85 
59 
2 
36 
4 
172 
174 
167 
132 
164 
169 
71 
137 
92 
0 
121 
100 
31 
166 
182 
118 
54 
104 
48 
36 
122 
53 
73 
98 
162 
126 
40 
4 
22 
96 
148 
56 
152 
153 
45 
32 
121 
102 
125 
73 
150 
115 
140 
14 
74 
64 
180 
94 
129 
172 
186 
105 
168 
109 
161 
117 
39 
108 
97 
78 
35 
114 
163 
121 
139 
153 
59 
29 
159 
80 
86 
177 
34 
88 
46 
61 
165 
65 
0 
84 
176 
125 
20 
124 
150 
67 
186 
139 
104 
111 
183 
98 
53 
175 
35 
73 
68 
113 
22 
140 
60 
65 
101 
152 
174 
100 
127 
34 
132 
25 
144 
163 
42 
18 
70 
50 
58 
69 
67 
6 
83 
119 
10 
53 
73 
124 
76 
51 
183 
145 
58 
121 
26 
149 
175 
144 
81 
31 
112 
142 
89 
1 
73 
113 
27 
63 
182 
173 
115 
186 
6 
48 
128 
34 
103 
10 
177 
174 
148 
12 
15 
20 
186 
116 
91 
135 
93 
