158 
59 
160 
170 
8 
30 
90 
59 
134 
67 
56 
173 
104 
126 
61 
156 
0 
22 
49 
105 
171 
110 
90 
62 
70 
102 
24 
50 
153 
55 
117 
123 
33 
94 
110 
125 
119 
151 
92 
17 
123 
142 
184 
180 
45 
32 
61 
68 
67 
31 
47 
123 
131 
116 
175 
50 
176 
122 
105 
10 
96 
185 
102 
94 
92 
84 
184 
72 
20 
113 
54 
95 
120 
65 
182 
42 
117 
179 
88 
36 
185 
161 
138 
110 
116 
178 
56 
50 
48 
133 
77 
171 
34 
29 
29 
7 
15 
18 
153 
81 
92 
128 
16 
122 
46 
55 
141 
30 
78 
62 
176 
31 
64 
108 
120 
115 
16 
58 
177 
155 
9 
49 
33 
90 
55 
63 
137 
108 
38 
109 
53 
105 
173 
123 
100 
76 
118 
38 
12 
183 
126 
182 
42 
181 
117 
92 
140 
178 
111 
50 
153 
187 
141 
144 
32 
7 
116 
27 
10 
51 
117 
53 
5 
28 
178 
4 
179 
52 
113 
110 
0 
88 
8 
6 
44 
1 
36 
161 
74 
156 
134 
32 
34 
100 
59 
135 
6 
149 
119 
159 
150 
112 
89 
161 
70 
171 
19 
148 
168 
117 
72 
52 
119 
135 
151 
31 
96 
0 
92 
143 
131 
10 
174 
36 
104 
90 
125 
141 
68 
152 
139 
163 
160 
52 
120 
70 
79 
48 
151 
152 
39 
8 
76 
164 
137 
59 
93 
186 
155 
133 
12 
151 
148 
88 
89 
12 
55 
166 
45 
94 
130 
179 
6 
40 
9 
149 
130 
112 
83 
128 
60 
76 
24 
135 
186 
84 
182 
59 
98 
3 
93 
82 
171 
187 
41 
157 
133 
168 
81 
163 
113 
121 
29 
172 
69 
147 
100 
122 
52 
92 
12 
55 
124 
34 
60 
125 
63 
164 
182 
31 
50 
52 
99 
154 
6 
79 
137 
149 
132 
136 
165 
17 
21 
52 
172 
108 
177 
2 
28 
169 
122 
81 
97 
76 
78 
34 
64 
27 
11 
121 
45 
138 
63 
36 
42 
111 
20 
89 
125 
122 
42 
167 
129 
158 
127 
55 
116 
14 
173 
187 
58 
126 
36 
153 
82 
53 
171 
79 
173 
64 
132 
176 
13 
75 
118 
160 
137 
141 
177 
79 
100 
12 
15 
90 
31 
20 
46 
165 
59 
29 
152 
161 
68 
4 
116 
77 
174 
170 
50 
65 
49 
113 
95 
28 
153 
103 
105 
106 
68 
36 
94 
124 
62 
187 
89 
27 
4 
113 
46 
91 
94 
42 
108 
161 
97 
111 
130 
167 
112 
3 
11 
86 
90 
67 
181 
60 
62 
150 
40 
6 
57 
109 
108 
99 
23 
118 
127 
110 
8 
0 
55 
27 
5 
51 
28 
124 
122 
119 
95 
147 
33 
71 
87 
86 
152 
110 
9 
166 
43 
54 
108 
0 
135 
50 
92 
10 
11 
89 
98 
166 
183 
107 
133 
49 
81 
179 
118 
32 
57 
79 
113 
55 
66 
107 
169 
33 
176 
152 
131 
60 
154 
111 
42 
114 
151 
107 
153 
147 
167 
24 
64 
146 
88 
175 
173 
89 
70 
41 
163 
17 
59 
58 
131 
76 
47 
82 
99 
34 
89 
106 
113 
137 
100 
5 
21 
66 
70 
65 
147 
171 
163 
132 
114 
177 
58 
143 
71 
44 
41 
57 
5 
16 
128 
159 
64 
6 
99 
108 
101 
129 
169 
23 
15 
43 
167 
31 
77 
140 
25 
34 
29 
113 
18 
23 
124 
83 
109 
125 
42 
17 
54 
94 
179 
51 
152 
109 
184 
30 
108 
68 
137 
75 
168 
97 
90 
43 
60 
129 
39 
12 
59 
82 
91 
53 
46 
130 
85 
138 
170 
19 
103 
6 
52 
68 
161 
24 
75 
59 
96 
139 
166 
68 
76 
39 
61 
1 
125 
73 
120 
36 
18 
89 
151 
75 
79 
5 
6 
155 
133 
93 
37 
82 
143 
88 
22 
129 
114 
103 
98 
148 
2 
71 
80 
105 
62 
59 
96 
114 
34 
173 
121 
26 
142 
84 
35 
7 
169 
120 
180 
128 
43 
141 
58 
171 
24 
28 
91 
81 
169 
137 
131 
22 
37 
108 
51 
75 
68 
78 
138 
38 
114 
95 
15 
79 
25 
156 
32 
185 
103 
81 
123 
87 
124 
146 
72 
180 
36 
116 
137 
16 
98 
119 
74 
45 
35 
147 
84 
52 
176 
1 
119 
71 
127 
31 
173 
77 
20 
5 
101 
1 
79 
154 
183 
10 
29 
93 
130 
145 
70 
167 
185 
138 
50 
52 
91 
178 
18 
82 
150 
123 
30 
22 
94 
39 
43 
175 
110 
54 
140 
169 
143 
147 
3 
79 
65 
185 
149 
53 
156 
0 
60 
31 
41 
121 
103 
55 
84 
119 
64 
150 
15 
89 
83 
75 
159 
27 
152 
163 
167 
179 
171 
63 
59 
98 
52 
6 
137 
58 
144 
17 
72 
62 
165 
87 
114 
176 
52 
46 
181 
111 
105 
108 
27 
115 
89 
77 
130 
29 
2 
50 
35 
175 
48 
185 
36 
112 
100 
39 
120 
70 
45 
122 
73 
28 
139 
131 
4 
125 
98 
72 
155 
164 
147 
146 
94 
106 
18 
175 
37 
42 
99 
132 
136 
52 
20 
118 
57 
49 
126 
65 
171 
165 
148 
34 
154 
173 
45 
134 
3 
183 
15 
9 
67 
98 
79 
85 
28 
132 
31 
80 
2 
131 
60 
39 
102 
61 
50 
25 
3 
8 
81 
121 
53 
109 
4 
88 
6 
150 
165 
62 
151 
70 
7 
159 
83 
87 
113 
63 
89 
94 
132 
106 
96 
128 
135 
138 
182 
67 
95 
181 
98 
111 
137 
161 
94 
145 
91 
141 
160 
143 
84 
89 
138 
103 
20 
93 
185 
90 
73 
158 
125 
184 
140 
74 
126 
178 
187 
181 
55 
164 
14 
88 
105 
139 
186 
179 
134 
123 
0 
63 
40 
82 
138 
184 
15 
120 
4 
105 
75 
59 
177 
5 
164 
37 
7 
16 
147 
77 
156 
128 
60 
87 
118 
34 
53 
47 
5 
32 
39 
88 
25 
11 
79 
66 
56 
164 
166 
44 
170 
9 
106 
130 
16 
62 
80 
47 
108 
0 
185 
172 
27 
142 
55 
48 
131 
127 
70 
141 
35 
95 
13 
136 
87 
5 
61 
158 
175 
51 
57 
36 
150 
179 
11 
93 
135 
150 
157 
120 
50 
155 
46 
16 
3 
85 
49 
88 
69 
150 
179 
185 
33 
118 
160 
13 
187 
174 
154 
34 
81 
90 
99 
95 
112 
105 
89 
45 
65 
92 
144 
59 
86 
79 
74 
12 
36 
26 
39 
94 
171 
186 
30 
117 
122 
105 
181 
174 
98 
1 
142 
57 
104 
173 
179 
146 
113 
77 
67 
126 
131 
62 
29 
32 
38 
14 
81 
55 
130 
60 
57 
71 
91 
145 
103 
114 
49 
136 
121 
88 
125 
165 
59 
119 
97 
134 
13 
184 
31 
12 
185 
111 
133 
3 
115 
160 
93 
104 
89 
117 
168 
15 
51 
99 
139 
6 
175 
176 
106 
91 
71 
116 
90 
4 
156 
68 
105 
107 
15 
114 
165 
178 
185 
49 
146 
142 
37 
167 
80 
168 
104 
12 
163 
69 
171 
86 
76 
53 
9 
13 
26 
184 
88 
172 
109 
2 
25 
34 
13 
97 
119 
126 
56 
99 
139 
132 
9 
8 
13 
133 
51 
146 
110 
59 
159 
131 
36 
13 
29 
142 
81 
104 
145 
101 
122 
18 
168 
152 
84 
60 
133 
156 
186 
187 
32 
39 
50 
42 
107 
170 
179 
45 
108 
18 
48 
98 
34 
134 
143 
130 
7 
126 
163 
173 
148 
52 
57 
115 
81 
65 
150 
161 
94 
73 
63 
169 
77 
115 
82 
143 
141 
144 
181 
130 
25 
11 
79 
142 
73 
139 
87 
132 
106 
24 
49 
52 
107 
61 
26 
116 
84 
19 
164 
92 
150 
126 
169 
9 
96 
4 
87 
120 
7 
165 
89 
109 
1 
141 
58 
186 
68 
30 
0 
12 
147 
121 
125 
43 
157 
98 
85 
117 
54 
29 
182 
90 
180 
52 
164 
138 
89 
127 
164 
39 
114 
140 
130 
118 
74 
27 
100 
60 
51 
158 
166 
148 
109 
153 
88 
26 
29 
59 
105 
3 
78 
79 
161 
68 
34 
76 
113 
91 
126 
95 
77 
17 
15 
25 
89 
7 
29 
137 
0 
50 
133 
143 
16 
70 
15 
3 
144 
71 
1 
178 
92 
73 
42 
122 
165 
41 
58 
46 
67 
3 
37 
112 
163 
56 
145 
86 
144 
2 
17 
95 
15 
164 
167 
47 
177 
146 
60 
176 
107 
136 
25 
37 
53 
65 
153 
104 
94 
100 
70 
154 
36 
59 
187 
82 
17 
71 
1 
76 
18 
51 
91 
48 
147 
174 
106 
103 
186 
79 
165 
94 
123 
125 
153 
93 
184 
45 
126 
103 
76 
88 
29 
22 
27 
36 
6 
114 
62 
78 
24 
17 
1 
182 
74 
122 
108 
97 
2 
47 
68 
55 
18 
136 
87 
43 
160 
154 
90 
126 
49 
1 
88 
114 
148 
146 
14 
59 
137 
129 
31 
92 
71 
20 
80 
61 
69 
170 
75 
36 
153 
26 
130 
52 
69 
30 
6 
76 
136 
16 
112 
109 
115 
68 
60 
57 
147 
93 
39 
3 
24 
86 
52 
186 
80 
69 
157 
178 
142 
38 
28 
74 
47 
107 
42 
84 
14 
22 
120 
1 
157 
58 
41 
26 
33 
162 
19 
158 
147 
63 
31 
46 
8 
102 
10 
70 
48 
178 
21 
33 
160 
145 
170 
65 
154 
165 
3 
11 
28 
72 
118 
143 
71 
87 
162 
161 
152 
94 
34 
70 
26 
130 
87 
180 
105 
163 
14 
143 
89 
178 
36 
139 
116 
155 
153 
53 
156 
40 
67 
145 
144 
162 
93 
112 
2 
37 
119 
124 
30 
56 
29 
35 
187 
99 
100 
21 
165 
50 
28 
139 
80 
64 
141 
130 
82 
168 
95 
165 
115 
102 
62 
75 
119 
19 
46 
94 
97 
6 
166 
153 
171 
120 
81 
33 
156 
101 
183 
177 
149 
50 
40 
70 
62 
26 
165 
69 
112 
73 
27 
168 
37 
100 
152 
181 
87 
139 
164 
131 
135 
57 
17 
63 
20 
109 
74 
22 
8 
134 
47 
151 
140 
19 
100 
72 
156 
151 
106 
121 
185 
33 
183 
164 
139 
133 
147 
181 
182 
27 
14 
141 
99 
90 
166 
140 
165 
150 
127 
17 
182 
70 
72 
147 
170 
176 
0 
125 
77 
81 
44 
156 
120 
161 
158 
34 
57 
67 
43 
102 
47 
18 
97 
26 
0 
153 
53 
75 
92 
172 
96 
152 
31 
173 
140 
100 
106 
132 
99 
55 
116 
167 
174 
66 
110 
97 
109 
28 
55 
80 
73 
100 
131 
108 
156 
74 
60 
166 
185 
143 
121 
152 
69 
3 
80 
144 
122 
161 
1 
32 
53 
20 
47 
31 
2 
55 
177 
91 
95 
66 
114 
93 
171 
58 
42 
7 
141 
169 
102 
44 
164 
32 
5 
109 
125 
38 
117 
168 
47 
147 
155 
140 
113 
26 
130 
65 
181 
175 
118 
148 
135 
163 
58 
161 
11 
76 
7 
77 
145 
72 
142 
27 
64 
89 
149 
123 
36 
32 
10 
21 
150 
66 
100 
151 
75 
90 
73 
130 
40 
2 
43 
146 
119 
116 
165 
29 
6 
85 
97 
148 
40 
159 
55 
4 
51 
134 
77 
49 
128 
122 
170 
13 
66 
62 
1 
123 
105 
110 
127 
59 
153 
150 
149 
64 
178 
102 
40 
140 
137 
54 
129 
78 
29 
159 
121 
57 
146 
160 
99 
105 
16 
150 
64 
0 
77 
94 
98 
37 
184 
176 
58 
89 
180 
49 
137 
83 
113 
90 
157 
70 
117 
149 
80 
125 
134 
62 
88 
35 
150 
9 
135 
66 
151 
41 
3 
4 
147 
106 
22 
54 
68 
96 
41 
23 
171 
101 
36 
74 
176 
117 
102 
51 
9 
122 
52 
18 
92 
87 
7 
73 
106 
160 
12 
153 
17 
162 
183 
50 
155 
94 
149 
164 
172 
104 
46 
140 
51 
78 
1 
154 
58 
150 
29 
162 
88 
95 
167 
184 
75 
146 
90 
37 
78 
59 
94 
6 
101 
69 
180 
27 
95 
185 
56 
123 
148 
131 
65 
48 
159 
7 
119 
141 
99 
126 
87 
139 
168 
122 
76 
123 
53 
49 
84 
78 
81 
174 
66 
4 
106 
80 
65 
173 
52 
51 
147 
5 
148 
28 
172 
181 
121 
120 
103 
66 
45 
162 
93 
111 
83 
99 
172 
158 
39 
128 
110 
185 
133 
183 
6 
49 
116 
172 
94 
114 
144 
87 
20 
69 
9 
17 
18 
40 
68 
129 
182 
107 
172 
45 
157 
139 
23 
173 
133 
169 
140 
138 
89 
174 
161 
49 
64 
71 
178 
141 
14 
80 
183 
13 
98 
119 
104 
136 
150 
2 
109 
178 
112 
86 
57 
63 
75 
23 
30 
77 
17 
165 
60 
97 
43 
15 
29 
50 
28 
63 
8 
145 
159 
115 
18 
91 
180 
164 
53 
82 
146 
88 
112 
151 
84 
16 
24 
153 
169 
33 
178 
103 
31 
67 
137 
3 
38 
47 
168 
101 
70 
123 
153 
17 
187 
141 
64 
94 
11 
26 
47 
54 
32 
74 
164 
28 
93 
153 
22 
154 
127 
118 
153 
101 
161 
162 
41 
36 
86 
24 
114 
167 
119 
28 
30 
133 
70 
21 
43 
37 
149 
159 
23 
98 
164 
169 
171 
71 
129 
0 
182 
103 
165 
140 
64 
61 
91 
73 
121 
29 
145 
105 
75 
168 
72 
95 
109 
136 
143 
27 
83 
14 
117 
103 
162 
108 
57 
3 
14 
25 
69 
171 
137 
107 
169 
92 
34 
139 
147 
39 
95 
163 
83 
140 
2 
134 
145 
7 
30 
53 
47 
33 
44 
80 
147 
54 
110 
79 
27 
168 
101 
77 
174 
97 
85 
47 
33 
74 
168 
95 
15 
147 
146 
162 
45 
112 
123 
110 
10 
2 
77 
160 
28 
128 
54 
84 
21 
167 
180 
63 
79 
168 
132 
74 
39 
147 
15 
116 
81 
88 
6 
127 
148 
54 
33 
10 
160 
15 
32 
161 
98 
6 
57 
109 
8 
48 
149 
19 
151 
34 
69 
134 
89 
43 
77 
27 
97 
93 
50 
177 
90 
105 
82 
133 
108 
135 
3 
33 
81 
22 
66 
36 
53 
94 
67 
152 
173 
10 
141 
125 
123 
17 
81 
102 
96 
31 
186 
121 
86 
38 
127 
48 
149 
16 
76 
114 
186 
78 
110 
9 
118 
72 
80 
103 
75 
119 
133 
132 
92 
95 
126 
28 
169 
155 
86 
143 
19 
75 
51 
104 
158 
60 
90 
179 
143 
74 
89 
76 
68 
159 
168 
26 
182 
177 
171 
13 
41 
187 
10 
90 
72 
122 
61 
134 
140 
98 
59 
171 
163 
13 
68 
121 
6 
154 
33 
28 
169 
18 
131 
101 
134 
132 
16 
152 
50 
15 
108 
83 
183 
135 
120 
157 
161 
18 
67 
100 
94 
158 
154 
72 
64 
121 
112 
11 
44 
58 
111 
59 
83 
171 
22 
50 
103 
82 
154 
13 
165 
70 
153 
140 
21 
28 
106 
47 
187 
113 
74 
95 
170 
84 
166 
161 
136 
145 
92 
75 
118 
16 
74 
97 
174 
29 
122 
156 
171 
28 
37 
83 
30 
111 
88 
0 
95 
152 
41 
57 
67 
63 
130 
135 
56 
19 
102 
108 
137 
87 
26 
44 
172 
149 
148 
89 
8 
16 
137 
109 
48 
186 
100 
127 
19 
133 
156 
2 
139 
15 
121 
42 
1 
5 
136 
94 
26 
72 
140 
102 
156 
28 
76 
56 
73 
147 
155 
168 
91 
57 
124 
8 
94 
1 
152 
109 
178 
93 
77 
32 
133 
99 
90 
113 
58 
173 
30 
172 
68 
81 
135 
120 
131 
164 
161 
104 
156 
57 
85 
68 
170 
160 
133 
107 
139 
184 
70 
93 
47 
74 
75 
21 
12 
120 
49 
34 
48 
115 
121 
145 
71 
8 
122 
20 
116 
94 
59 
46 
110 
45 
107 
133 
89 
