59 
138 
104 
67 
135 
39 
74 
103 
80 
93 
127 
132 
129 
134 
7 
122 
182 
114 
119 
39 
116 
88 
15 
124 
66 
169 
177 
105 
132 
70 
19 
160 
122 
84 
146 
170 
141 
145 
171 
20 
51 
24 
18 
159 
122 
150 
29 
95 
64 
5 
114 
69 
78 
52 
140 
139 
150 
25 
93 
108 
39 
62 
42 
119 
106 
50 
133 
43 
156 
77 
31 
73 
113 
175 
98 
14 
99 
5 
27 
107 
128 
101 
77 
181 
23 
24 
52 
139 
103 
60 
94 
92 
20 
84 
50 
141 
64 
98 
59 
74 
77 
12 
13 
162 
156 
98 
74 
87 
149 
3 
160 
121 
32 
55 
8 
44 
177 
38 
75 
128 
79 
67 
156 
138 
105 
9 
48 
180 
30 
93 
27 
50 
133 
70 
79 
13 
106 
105 
145 
55 
148 
186 
30 
32 
94 
50 
146 
158 
41 
116 
117 
129 
18 
95 
91 
68 
29 
154 
65 
183 
47 
85 
84 
135 
95 
74 
56 
169 
7 
82 
2 
150 
94 
106 
50 
137 
144 
146 
122 
55 
49 
70 
134 
179 
113 
73 
37 
127 
183 
187 
157 
169 
103 
112 
19 
107 
173 
50 
133 
55 
98 
140 
104 
95 
15 
13 
145 
84 
173 
96 
135 
55 
144 
72 
158 
54 
151 
119 
78 
80 
99 
75 
41 
144 
152 
61 
88 
104 
150 
182 
66 
90 
112 
172 
111 
161 
24 
73 
52 
130 
68 
81 
101 
58 
56 
106 
92 
0 
170 
44 
184 
146 
186 
75 
181 
187 
34 
174 
165 
113 
102 
166 
122 
63 
145 
18 
74 
34 
156 
115 
25 
40 
88 
96 
167 
95 
184 
145 
146 
33 
161 
55 
38 
178 
84 
154 
109 
1 
144 
60 
119 
90 
83 
10 
85 
15 
75 
31 
76 
118 
107 
169 
51 
77 
23 
114 
161 
59 
79 
43 
4 
103 
165 
68 
61 
13 
176 
173 
12 
134 
168 
149 
58 
64 
170 
48 
161 
171 
160 
110 
46 
85 
146 
101 
47 
121 
19 
63 
115 
95 
186 
50 
84 
126 
48 
77 
156 
17 
106 
103 
117 
20 
122 
89 
104 
46 
139 
105 
96 
93 
19 
145 
3 
85 
98 
47 
0 
122 
98 
53 
163 
35 
16 
171 
129 
114 
75 
9 
176 
118 
43 
86 
26 
13 
70 
126 
49 
111 
48 
180 
171 
30 
157 
53 
142 
148 
21 
132 
101 
115 
15 
84 
169 
69 
65 
122 
113 
153 
52 
55 
9 
163 
156 
110 
187 
67 
36 
161 
55 
11 
60 
59 
57 
150 
37 
84 
152 
103 
184 
39 
142 
22 
116 
93 
149 
186 
53 
21 
14 
27 
101 
133 
105 
30 
2 
74 
82 
131 
18 
60 
167 
123 
42 
60 
134 
55 
37 
40 
177 
183 
106 
21 
38 
49 
18 
163 
83 
48 
28 
62 
33 
147 
98 
99 
41 
106 
42 
0 
20 
34 
134 
155 
1 
35 
113 
144 
72 
110 
90 
89 
92 
17 
50 
166 
157 
98 
171 
28 
65 
35 
166 
37 
129 
32 
38 
168 
123 
180 
145 
89 
17 
44 
28 
47 
186 
68 
50 
85 
132 
17 
104 
144 
119 
180 
35 
166 
126 
92 
170 
177 
12 
128 
122 
155 
104 
173 
163 
80 
146 
29 
106 
43 
64 
12 
88 
79 
86 
65 
184 
150 
129 
157 
183 
1 
16 
25 
45 
111 
110 
113 
99 
158 
132 
185 
161 
78 
53 
70 
75 
62 
150 
120 
139 
56 
118 
154 
73 
52 
51 
104 
33 
102 
176 
23 
187 
101 
62 
16 
2 
131 
115 
19 
97 
75 
78 
12 
53 
130 
109 
183 
132 
10 
135 
91 
155 
21 
157 
49 
95 
37 
177 
137 
29 
5 
0 
186 
51 
154 
150 
147 
90 
22 
72 
42 
126 
151 
35 
60 
171 
136 
20 
45 
87 
182 
111 
80 
135 
8 
152 
12 
137 
33 
144 
161 
50 
185 
170 
162 
123 
163 
30 
73 
48 
156 
165 
148 
14 
9 
3 
102 
91 
150 
169 
113 
53 
44 
104 
83 
119 
116 
167 
166 
61 
177 
181 
8 
13 
164 
100 
37 
95 
179 
34 
176 
92 
148 
54 
183 
35 
10 
31 
130 
159 
29 
109 
184 
124 
14 
60 
119 
180 
152 
0 
18 
171 
99 
44 
63 
129 
118 
65 
70 
4 
135 
68 
127 
83 
124 
25 
144 
103 
54 
92 
126 
31 
119 
164 
132 
24 
78 
93 
95 
6 
181 
52 
107 
94 
165 
5 
125 
185 
1 
82 
151 
9 
146 
99 
162 
19 
73 
140 
152 
12 
23 
54 
148 
184 
22 
173 
28 
168 
71 
120 
169 
7 
39 
104 
126 
42 
30 
53 
136 
45 
141 
95 
106 
128 
116 
4 
180 
166 
81 
130 
159 
163 
11 
161 
176 
17 
167 
25 
123 
179 
148 
85 
40 
5 
43 
60 
115 
52 
129 
44 
42 
140 
66 
111 
114 
54 
16 
100 
159 
79 
53 
187 
65 
136 
143 
57 
24 
22 
35 
137 
28 
142 
94 
88 
175 
10 
93 
152 
17 
92 
146 
121 
119 
168 
183 
105 
178 
126 
172 
50 
25 
182 
49 
167 
13 
186 
158 
115 
51 
69 
127 
163 
94 
181 
117 
146 
79 
132 
82 
99 
50 
152 
46 
65 
9 
36 
139 
6 
42 
168 
53 
107 
100 
0 
55 
115 
61 
128 
131 
144 
158 
85 
32 
10 
19 
75 
33 
35 
116 
5 
105 
49 
175 
84 
151 
15 
162 
54 
78 
155 
42 
132 
109 
28 
172 
4 
180 
129 
20 
121 
161 
68 
148 
21 
18 
30 
24 
81 
137 
96 
114 
149 
117 
132 
185 
70 
32 
126 
7 
140 
60 
65 
164 
57 
63 
36 
144 
86 
102 
108 
163 
51 
131 
141 
99 
112 
40 
95 
52 
120 
186 
77 
3 
175 
171 
38 
66 
37 
15 
85 
39 
133 
155 
27 
147 
73 
6 
128 
185 
34 
103 
49 
24 
65 
80 
171 
57 
56 
44 
64 
125 
111 
121 
169 
67 
96 
68 
90 
181 
140 
152 
63 
134 
117 
35 
186 
167 
113 
108 
1 
26 
44 
107 
170 
78 
22 
179 
51 
69 
148 
14 
141 
38 
90 
76 
149 
63 
50 
163 
23 
52 
128 
173 
170 
37 
167 
141 
45 
58 
75 
4 
5 
157 
27 
1 
16 
134 
120 
151 
186 
118 
150 
116 
156 
185 
82 
112 
95 
180 
135 
49 
172 
43 
99 
20 
144 
67 
104 
58 
92 
100 
90 
132 
159 
44 
122 
160 
57 
156 
64 
66 
106 
149 
37 
144 
123 
69 
135 
86 
20 
30 
113 
107 
23 
105 
163 
167 
162 
49 
136 
64 
153 
16 
9 
141 
7 
75 
148 
88 
185 
5 
46 
47 
54 
113 
163 
63 
79 
166 
15 
67 
110 
171 
62 
72 
109 
96 
68 
85 
144 
86 
6 
152 
181 
111 
146 
159 
168 
58 
135 
147 
90 
158 
83 
40 
74 
94 
160 
121 
42 
39 
164 
35 
70 
118 
156 
32 
139 
172 
6 
5 
145 
113 
143 
40 
28 
100 
173 
130 
121 
157 
34 
88 
46 
10 
56 
122 
119 
92 
74 
112 
180 
59 
91 
114 
30 
33 
29 
49 
168 
65 
123 
151 
39 
126 
105 
34 
24 
43 
132 
63 
138 
140 
52 
9 
57 
10 
143 
95 
130 
90 
72 
44 
58 
76 
182 
183 
86 
178 
31 
180 
92 
51 
184 
84 
2 
13 
145 
171 
148 
56 
20 
149 
18 
87 
61 
166 
176 
95 
7 
40 
114 
38 
143 
162 
86 
46 
109 
4 
89 
157 
117 
39 
141 
128 
56 
12 
98 
102 
25 
58 
88 
122 
21 
51 
52 
15 
29 
79 
132 
36 
119 
184 
101 
3 
53 
186 
45 
181 
160 
117 
156 
108 
50 
169 
163 
177 
47 
30 
49 
65 
88 
116 
135 
157 
31 
39 
165 
91 
127 
78 
23 
109 
164 
103 
186 
182 
55 
163 
76 
85 
170 
161 
138 
162 
93 
67 
142 
9 
68 
140 
81 
160 
176 
144 
14 
99 
156 
26 
110 
10 
106 
130 
30 
74 
36 
58 
83 
4 
19 
20 
159 
168 
49 
171 
90 
56 
184 
98 
67 
9 
150 
131 
16 
22 
115 
124 
116 
2 
53 
179 
88 
96 
172 
42 
113 
126 
187 
4 
105 
121 
158 
163 
89 
23 
71 
182 
119 
149 
125 
43 
85 
117 
75 
49 
31 
177 
22 
77 
46 
0 
69 
134 
100 
171 
120 
62 
28 
9 
87 
133 
130 
95 
151 
4 
76 
67 
163 
146 
94 
31 
112 
78 
165 
164 
107 
167 
5 
181 
25 
50 
56 
83 
30 
63 
36 
176 
152 
139 
66 
79 
55 
75 
175 
146 
72 
165 
57 
29 
161 
71 
24 
91 
11 
149 
159 
180 
35 
83 
56 
31 
144 
46 
13 
67 
131 
82 
52 
111 
84 
162 
81 
116 
37 
181 
137 
170 
128 
69 
76 
113 
65 
109 
119 
96 
48 
39 
87 
74 
187 
17 
44 
169 
186 
148 
94 
140 
136 
178 
166 
43 
107 
15 
157 
149 
163 
108 
133 
101 
3 
177 
40 
141 
55 
130 
105 
178 
87 
59 
127 
92 
124 
148 
185 
112 
126 
86 
37 
119 
38 
114 
55 
120 
170 
63 
175 
113 
160 
161 
168 
49 
7 
158 
46 
178 
136 
91 
84 
27 
6 
35 
8 
48 
140 
162 
138 
167 
65 
82 
93 
18 
51 
88 
99 
127 
113 
151 
87 
117 
5 
9 
38 
60 
90 
64 
19 
84 
180 
47 
16 
12 
125 
130 
119 
94 
45 
157 
147 
126 
87 
113 
22 
34 
4 
153 
18 
59 
141 
112 
181 
115 
14 
103 
53 
104 
60 
49 
58 
2 
71 
135 
12 
66 
102 
90 
80 
145 
185 
108 
70 
96 
163 
89 
127 
129 
166 
153 
26 
118 
170 
141 
56 
186 
54 
126 
22 
10 
101 
83 
17 
72 
2 
9 
73 
140 
74 
13 
100 
1 
174 
165 
119 
78 
34 
143 
76 
169 
185 
30 
70 
47 
105 
50 
163 
103 
85 
155 
162 
182 
24 
80 
109 
172 
88 
49 
54 
82 
171 
4 
75 
175 
106 
139 
166 
51 
77 
33 
90 
186 
160 
142 
52 
114 
136 
43 
144 
177 
69 
138 
161 
184 
181 
145 
48 
153 
18 
183 
10 
172 
163 
45 
59 
9 
58 
14 
74 
134 
36 
70 
19 
126 
89 
124 
52 
120 
110 
125 
46 
13 
105 
3 
69 
70 
4 
94 
93 
161 
6 
95 
49 
61 
60 
96 
114 
66 
97 
138 
129 
113 
75 
135 
86 
92 
175 
182 
143 
171 
132 
146 
53 
134 
160 
91 
11 
36 
23 
35 
121 
32 
66 
88 
57 
64 
56 
131 
74 
6 
44 
146 
144 
98 
97 
151 
42 
127 
148 
48 
138 
86 
95 
51 
67 
143 
72 
63 
108 
168 
157 
160 
173 
140 
37 
27 
62 
117 
82 
65 
31 
176 
25 
14 
57 
91 
184 
131 
47 
35 
48 
186 
4 
7 
64 
61 
110 
148 
23 
168 
155 
33 
174 
51 
180 
3 
37 
172 
132 
12 
53 
97 
157 
69 
88 
173 
50 
133 
99 
151 
158 
92 
35 
142 
141 
185 
102 
147 
71 
56 
148 
61 
114 
63 
40 
129 
154 
98 
73 
58 
186 
126 
40 
5 
161 
43 
158 
155 
34 
22 
20 
54 
85 
127 
106 
91 
59 
125 
14 
72 
157 
165 
181 
111 
168 
140 
178 
160 
45 
31 
170 
44 
137 
47 
105 
113 
130 
55 
151 
80 
1 
120 
185 
102 
94 
51 
143 
57 
139 
133 
9 
141 
35 
5 
42 
77 
0 
2 
48 
167 
30 
61 
109 
149 
70 
49 
177 
137 
114 
154 
24 
36 
47 
6 
136 
17 
90 
157 
60 
43 
124 
38 
175 
179 
185 
15 
156 
19 
18 
99 
127 
167 
23 
182 
30 
25 
122 
44 
64 
89 
184 
126 
42 
88 
92 
57 
132 
157 
13 
173 
187 
141 
99 
117 
51 
136 
33 
16 
31 
153 
68 
95 
178 
90 
167 
53 
97 
120 
63 
179 
96 
61 
107 
109 
5 
122 
119 
22 
80 
10 
144 
98 
9 
60 
158 
11 
2 
180 
130 
127 
106 
151 
39 
55 
113 
64 
17 
164 
178 
90 
41 
156 
115 
69 
32 
49 
121 
139 
10 
50 
73 
77 
23 
65 
96 
132 
180 
149 
68 
125 
99 
8 
186 
72 
74 
52 
59 
0 
182 
40 
22 
110 
168 
66 
157 
124 
3 
92 
105 
159 
63 
130 
53 
117 
129 
16 
89 
30 
170 
103 
88 
34 
79 
41 
57 
165 
14 
68 
109 
122 
62 
75 
102 
115 
144 
82 
1 
107 
154 
32 
72 
77 
51 
29 
121 
159 
39 
151 
80 
148 
137 
125 
64 
119 
92 
65 
73 
7 
79 
12 
120 
13 
178 
113 
54 
112 
88 
89 
48 
155 
90 
42 
68 
50 
104 
11 
93 
182 
130 
143 
183 
186 
40 
59 
44 
167 
162 
60 
3 
156 
159 
41 
150 
163 
72 
85 
51 
66 
98 
169 
106 
103 
10 
149 
144 
46 
36 
179 
14 
52 
69 
79 
113 
153 
13 
49 
21 
9 
5 
84 
181 
43 
178 
118 
119 
63 
61 
168 
126 
17 
62 
179 
64 
18 
10 
59 
70 
22 
177 
119 
165 
76 
148 
14 
43 
171 
63 
15 
1 
125 
3 
136 
77 
172 
61 
164 
137 
151 
101 
185 
128 
28 
121 
160 
142 
156 
55 
30 
29 
123 
13 
187 
62 
146 
144 
7 
98 
23 
182 
129 
162 
179 
8 
140 
14 
147 
90 
175 
117 
153 
170 
27 
53 
35 
137 
26 
64 
160 
47 
154 
169 
99 
139 
31 
46 
104 
128 
18 
39 
158 
108 
30 
75 
146 
115 
157 
178 
90 
76 
16 
119 
133 
15 
32 
127 
183 
103 
3 
22 
56 
79 
173 
121 
69 
151 
31 
83 
91 
128 
155 
18 
185 
166 
23 
65 
167 
59 
57 
122 
36 
154 
148 
21 
114 
24 
162 
35 
178 
38 
9 
51 
155 
156 
40 
5 
47 
160 
41 
133 
12 
28 
7 
89 
108 
65 
18 
126 
88 
48 
119 
103 
137 
31 
33 
39 
177 
128 
56 
144 
162 
156 
138 
32 
14 
79 
99 
166 
77 
146 
115 
90 
78 
173 
46 
87 
160 
114 
44 
73 
124 
136 
151 
43 
30 
179 
155 
60 
184 
3 
162 
77 
175 
95 
17 
158 
2 
114 
49 
54 
119 
101 
85 
64 
93 
170 
134 
23 
27 
128 
182 
168 
6 
183 
174 
144 
124 
88 
156 
84 
35 
149 
123 
113 
111 
131 
117 
75 
107 
76 
127 
108 
126 
182 
77 
31 
169 
25 
50 
51 
151 
161 
74 
186 
10 
72 
118 
165 
54 
170 
45 
61 
86 
78 
81 
20 
154 
150 
152 
160 
24 
53 
35 
163 
176 
21 
42 
56 
73 
173 
69 
136 
139 
97 
171 
1 
167 
67 
132 
144 
3 
32 
168 
66 
9 
111 
147 
17 
78 
117 
31 
184 
7 
156 
112 
149 
21 
155 
54 
23 
72 
86 
164 
88 
183 
4 
44 
140 
151 
45 
157 
186 
83 
27 
57 
110 
80 
99 
90 
9 
180 
66 
82 
139 
100 
46 
52 
29 
143 
76 
33 
169 
181 
85 
47 
92 
101 
36 
127 
116 
105 
18 
168 
111 
136 
12 
16 
182 
23 
123 
99 
21 
71 
28 
183 
6 
124 
148 
167 
70 
115 
78 
166 
135 
41 
123 
73 
121 
108 
57 
113 
10 
102 
136 
187 
2 
20 
127 
180 
173 
31 
160 
147 
155 
47 
107 
124 
8 
17 
96 
89 
87 
114 
4 
150 
59 
27 
142 
33 
85 
149 
84 
179 
104 
130 
148 
81 
82 
135 
108 
181 
91 
43 
6 
123 
100 
170 
177 
144 
156 
24 
48 
121 
72 
131 
141 
89 
98 
124 
8 
172 
187 
166 
45 
10 
164 
20 
186 
47 
76 
156 
158 
64 
185 
29 
152 
58 
82 
65 
5 
6 
80 
175 
114 
37 
92 
102 
53 
32 
128 
99 
11 
130 
134 
118 
85 
178 
15 
155 
97 
184 
52 
116 
142 
24 
148 
19 
66 
105 
82 
121 
21 
17 
169 
5 
36 
72 
185 
153 
48 
54 
62 
149 
177 
158 
70 
56 
182 
128 
30 
23 
91 
139 
167 
112 
96 
45 
69 
130 
84 
36 
74 
180 
179 
98 
85 
6 
136 
110 
48 
82 
104 
150 
8 
86 
20 
24 
163 
78 
133 
16 
69 
27 
14 
71 
174 
52 
23 
32 
4 
22 
46 
1 
11 
125 
106 
121 
117 
168 
139 
120 
48 
161 
56 
181 
178 
148 
174 
123 
31 
25 
122 
76 
132 
4 
78 
6 
182 
16 
2 
101 
46 
50 
5 
21 
54 
81 
124 
95 
98 
100 
18 
177 
160 
48 
163 
92 
106 
116 
170 
14 
82 
77 
130 
31 
181 
0 
157 
182 
113 
4 
65 
19 
129 
123 
96 
43 
62 
33 
47 
67 
138 
24 
68 
46 
93 
89 
144 
133 
5 
184 
99 
106 
53 
150 
36 
76 
28 
57 
108 
111 
118 
25 
50 
176 
15 
44 
180 
14 
26 
182 
32 
75 
183 
80 
122 
147 
173 
172 
104 
52 
39 
89 
95 
7 
17 
182 
49 
53 
76 
161 
18 
111 
54 
91 
61 
99 
135 
183 
22 
165 
166 
11 
127 
57 
148 
152 
98 
0 
151 
162 
45 
168 
133 
104 
62 
33 
20 
158 
117 
40 
97 
91 
179 
24 
146 
134 
35 
128 
120 
2 
84 
136 
21 
130 
10 
170 
36 
57 
160 
39 
99 
151 
74 
116 
44 
11 
43 
168 
165 
100 
94 
82 
32 
6 
121 
1 
87 
59 
92 
104 
147 
187 
105 
28 
23 
118 
171 
42 
49 
173 
123 
108 
166 
183 
81 
154 
112 
22 
2 
186 
91 
5 
127 
126 
66 
93 
131 
118 
184 
33 
175 
102 
27 
4 
79 
30 
133 
139 
128 
148 
52 
16 
124 
95 
24 
162 
43 
69 
40 
32 
152 
144 
187 
70 
84 
104 
88 
181 
166 
118 
17 
142 
175 
94 
135 
1 
108 
161 
156 
100 
179 
19 
127 
76 
58 
40 
79 
177 
136 
2 
117 
27 
65 
32 
154 
131 
140 
14 
95 
70 
137 
23 
155 
58 
135 
167 
75 
139 
159 
162 
73 
123 
16 
145 
150 
152 
120 
61 
172 
34 
82 
98 
65 
10 
124 
63 
184 
102 
7 
167 
68 
31 
9 
95 
133 
51 
60 
5 
54 
138 
78 
125 
22 
80 
85 
149 
23 
27 
132 
33 
48 
16 
92 
127 
86 
63 
169 
72 
163 
151 
148 
49 
26 
34 
20 
47 
19 
174 
140 
53 
94 
129 
132 
11 
3 
146 
8 
81 
38 
22 
127 
7 
92 
76 
113 
40 
39 
37 
33 
114 
41 
52 
74 
164 
43 
17 
36 
25 
111 
131 
125 
145 
77 
110 
105 
117 
10 
30 
109 
48 
32 
155 
64 
154 
182 
35 
108 
57 
138 
122 
153 
87 
56 
121 
114 
17 
129 
40 
168 
183 
30 
70 
128 
23 
73 
174 
157 
104 
144 
131 
110 
41 
88 
166 
76 
101 
102 
5 
171 
120 
168 
72 
135 
57 
25 
84 
87 
165 
1 
185 
129 
162 
147 
119 
124 
96 
94 
92 
123 
53 
13 
97 
65 
47 
37 
106 
93 
151 
144 
12 
121 
169 
164 
85 
2 
69 
112 
186 
156 
137 
143 
72 
154 
86 
62 
1 
102 
178 
161 
88 
27 
5 
18 
185 
138 
33 
117 
168 
19 
175 
17 
135 
46 
43 
104 
74 
156 
170 
100 
3 
130 
92 
147 
151 
89 
64 
172 
79 
131 
23 
177 
180 
44 
175 
90 
55 
149 
69 
14 
136 
124 
52 
106 
184 
105 
10 
28 
131 
187 
61 
161 
94 
156 
29 
107 
21 
4 
37 
125 
141 
138 
18 
93 
6 
35 
64 
157 
99 
89 
167 
51 
1 
47 
41 
120 
16 
170 
60 
76 
46 
127 
63 
13 
164 
61 
174 
38 
50 
182 
30 
172 
142 
119 
69 
144 
14 
54 
68 
143 
135 
65 
133 
21 
43 
44 
134 
52 
81 
55 
36 
96 
91 
4 
39 
35 
66 
163 
1 
23 
70 
104 
11 
77 
80 
113 
115 
156 
69 
100 
140 
139 
73 
110 
51 
15 
72 
60 
128 
14 
80 
116 
32 
111 
171 
157 
163 
103 
146 
124 
66 
181 
30 
55 
161 
172 
120 
70 
25 
78 
73 
49 
118 
87 
149 
173 
180 
171 
21 
56 
51 
112 
106 
43 
103 
90 
13 
7 
105 
156 
119 
50 
166 
95 
187 
18 
99 
31 
58 
144 
16 
131 
73 
6 
5 
178 
2 
143 
59 
116 
155 
166 
85 
96 
37 
53 
52 
141 
177 
51 
40 
137 
92 
105 
109 
26 
69 
185 
145 
112 
22 
182 
123 
33 
127 
56 
110 
95 
106 
83 
82 
70 
67 
93 
158 
17 
122 
73 
54 
161 
102 
155 
30 
128 
125 
33 
42 
60 
108 
123 
116 
75 
181 
43 
151 
101 
160 
24 
143 
97 
55 
164 
4 
141 
68 
1 
172 
44 
185 
142 
91 
22 
147 
100 
59 
28 
62 
108 
156 
84 
19 
92 
149 
48 
161 
16 
66 
163 
122 
152 
106 
182 
180 
98 
100 
36 
141 
71 
1 
19 
132 
33 
178 
27 
29 
118 
47 
85 
51 
112 
154 
38 
91 
41 
16 
67 
125 
65 
144 
177 
143 
167 
60 
133 
156 
66 
72 
91 
181 
155 
3 
48 
119 
54 
86 
13 
161 
172 
47 
57 
101 
15 
145 
97 
123 
90 
187 
140 
185 
44 
70 
184 
42 
32 
91 
163 
82 
118 
121 
36 
4 
144 
62 
64 
88 
104 
158 
63 
75 
142 
35 
80 
111 
17 
138 
50 
125 
124 
70 
0 
180 
140 
156 
110 
9 
65 
72 
130 
137 
94 
126 
177 
127 
160 
184 
115 
116 
85 
149 
156 
74 
11 
62 
118 
40 
179 
145 
108 
154 
131 
170 
50 
124 
31 
12 
86 
104 
69 
84 
24 
155 
122 
113 
67 
17 
87 
186 
184 
171 
173 
130 
90 
33 
82 
183 
141 
142 
88 
169 
177 
63 
117 
52 
91 
151 
129 
114 
136 
44 
89 
107 
163 
178 
0 
111 
67 
3 
165 
125 
112 
148 
28 
129 
123 
63 
53 
121 
115 
85 
71 
60 
47 
46 
13 
111 
108 
48 
42 
36 
127 
116 
138 
37 
144 
185 
102 
6 
70 
30 
34 
169 
124 
27 
13 
44 
50 
102 
63 
139 
74 
173 
121 
39 
69 
146 
9 
105 
103 
166 
111 
88 
56 
53 
126 
101 
4 
131 
95 
178 
40 
87 
187 
138 
42 
115 
49 
54 
97 
33 
29 
160 
150 
110 
103 
25 
81 
85 
79 
76 
56 
21 
64 
18 
83 
23 
55 
119 
20 
169 
111 
105 
69 
113 
136 
112 
34 
22 
39 
66 
33 
165 
181 
176 
140 
49 
163 
73 
157 
94 
149 
104 
151 
123 
128 
27 
103 
75 
25 
96 
143 
107 
58 
54 
14 
92 
8 
76 
33 
104 
170 
19 
95 
47 
126 
64 
69 
140 
179 
123 
165 
103 
18 
24 
137 
91 
99 
172 
97 
13 
169 
9 
0 
124 
69 
82 
100 
116 
61 
122 
11 
91 
160 
33 
66 
109 
148 
157 
3 
88 
102 
62 
80 
27 
17 
115 
130 
90 
4 
164 
149 
43 
148 
165 
151 
179 
28 
56 
181 
143 
10 
166 
12 
53 
97 
54 
116 
169 
99 
33 
162 
19 
14 
63 
51 
4 
60 
122 
178 
85 
154 
142 
30 
185 
20 
64 
5 
134 
186 
163 
167 
83 
143 
69 
113 
173 
89 
102 
111 
90 
49 
79 
7 
43 
180 
173 
96 
24 
105 
132 
53 
127 
138 
179 
158 
70 
86 
38 
139 
117 
128 
14 
82 
104 
80 
100 
66 
7 
178 
68 
83 
122 
41 
52 
42 
71 
186 
31 
79 
179 
19 
74 
129 
170 
153 
47 
127 
90 
107 
109 
138 
93 
2 
28 
92 
155 
65 
116 
184 
167 
144 
62 
129 
139 
32 
6 
145 
35 
105 
40 
96 
0 
70 
42 
126 
150 
91 
158 
33 
82 
90 
102 
57 
54 
88 
89 
95 
26 
21 
64 
67 
81 
120 
145 
48 
185 
180 
175 
15 
34 
65 
37 
84 
178 
80 
124 
159 
130 
16 
56 
176 
55 
51 
146 
161 
62 
107 
63 
160 
183 
44 
25 
14 
29 
54 
24 
16 
163 
70 
151 
28 
0 
26 
112 
3 
115 
59 
97 
147 
65 
27 
56 
76 
179 
79 
46 
118 
84 
186 
73 
106 
74 
142 
132 
176 
90 
116 
177 
126 
128 
88 
9 
119 
122 
178 
185 
72 
81 
80 
48 
76 
152 
83 
145 
113 
86 
67 
24 
51 
163 
14 
176 
174 
28 
29 
22 
103 
120 
65 
183 
15 
167 
161 
134 
71 
181 
35 
133 
99 
103 
152 
155 
40 
11 
73 
88 
166 
95 
80 
101 
185 
170 
163 
46 
102 
64 
126 
98 
130 
180 
157 
152 
55 
148 
151 
90 
86 
37 
155 
44 
186 
69 
38 
62 
33 
164 
22 
51 
20 
52 
71 
124 
85 
47 
117 
115 
0 
26 
158 
185 
24 
6 
184 
183 
135 
39 
4 
98 
100 
27 
35 
55 
122 
139 
29 
58 
140 
172 
179 
41 
151 
14 
6 
145 
108 
26 
63 
176 
101 
10 
57 
143 
124 
91 
50 
96 
103 
54 
130 
75 
83 
167 
174 
48 
161 
177 
60 
8 
86 
40 
180 
160 
105 
126 
21 
66 
9 
109 
79 
132 
151 
128 
43 
87 
162 
165 
71 
173 
149 
148 
136 
105 
111 
99 
164 
185 
78 
166 
76 
177 
101 
45 
134 
157 
176 
114 
19 
156 
128 
32 
89 
184 
38 
44 
79 
75 
95 
82 
50 
163 
20 
47 
68 
58 
72 
107 
48 
54 
119 
151 
131 
91 
63 
21 
14 
87 
109 
49 
66 
167 
148 
52 
149 
178 
186 
82 
120 
15 
83 
156 
75 
4 
146 
22 
164 
103 
137 
92 
65 
187 
122 
25 
70 
19 
109 
120 
101 
46 
20 
168 
39 
163 
119 
93 
186 
117 
71 
114 
134 
60 
124 
138 
63 
50 
108 
181 
24 
144 
28 
80 
91 
150 
52 
78 
38 
137 
187 
72 
163 
64 
49 
92 
27 
43 
48 
118 
68 
103 
2 
25 
33 
80 
108 
21 
106 
141 
36 
137 
65 
71 
46 
5 
172 
28 
155 
151 
98 
44 
142 
92 
123 
96 
2 
52 
150 
170 
72 
111 
83 
185 
77 
88 
18 
37 
144 
93 
145 
36 
62 
177 
46 
187 
1 
131 
174 
35 
134 
3 
10 
172 
65 
47 
162 
181 
67 
49 
144 
90 
170 
113 
184 
5 
160 
2 
98 
29 
118 
66 
79 
11 
164 
170 
116 
41 
20 
17 
72 
65 
147 
177 
16 
51 
6 
104 
40 
27 
82 
25 
100 
101 
108 
78 
21 
124 
183 
136 
36 
86 
141 
160 
34 
148 
180 
174 
127 
49 
142 
10 
72 
52 
143 
90 
51 
130 
70 
23 
183 
153 
69 
100 
129 
114 
140 
167 
132 
173 
106 
176 
21 
8 
133 
24 
101 
166 
81 
143 
73 
187 
168 
92 
116 
103 
90 
52 
5 
174 
60 
109 
145 
115 
119 
144 
132 
13 
152 
137 
180 
184 
168 
112 
0 
40 
2 
25 
170 
88 
160 
77 
54 
121 
136 
72 
109 
15 
51 
95 
30 
43 
126 
42 
36 
138 
87 
169 
163 
57 
170 
177 
46 
161 
181 
128 
150 
178 
124 
55 
33 
94 
144 
25 
173 
147 
135 
97 
84 
165 
4 
115 
6 
24 
153 
122 
41 
83 
123 
56 
10 
47 
117 
145 
86 
136 
159 
146 
173 
160 
20 
131 
14 
63 
176 
123 
144 
120 
64 
91 
21 
116 
143 
8 
130 
46 
178 
25 
164 
33 
92 
152 
128 
135 
172 
177 
104 
30 
44 
63 
165 
47 
98 
148 
39 
160 
119 
3 
103 
46 
109 
127 
75 
161 
134 
2 
45 
130 
104 
83 
151 
23 
156 
168 
124 
24 
65 
147 
120 
179 
10 
41 
135 
126 
40 
157 
49 
80 
71 
90 
118 
59 
184 
55 
18 
186 
58 
85 
110 
60 
81 
100 
70 
101 
168 
179 
132 
149 
115 
16 
171 
25 
27 
13 
79 
53 
7 
122 
107 
177 
155 
50 
68 
94 
9 
78 
172 
52 
64 
46 
48 
147 
127 
67 
41 
178 
109 
100 
120 
60 
143 
173 
20 
97 
183 
123 
94 
172 
93 
22 
16 
28 
43 
63 
70 
103 
31 
48 
24 
121 
81 
12 
89 
6 
56 
125 
98 
174 
175 
42 
144 
62 
91 
27 
99 
118 
108 
146 
132 
72 
167 
71 
24 
83 
60 
47 
21 
123 
8 
80 
16 
55 
133 
176 
125 
41 
112 
127 
74 
180 
85 
91 
102 
63 
145 
129 
108 
65 
60 
84 
87 
39 
162 
122 
138 
131 
140 
168 
88 
68 
153 
181 
150 
163 
2 
128 
165 
146 
7 
123 
92 
73 
25 
168 
93 
158 
39 
176 
161 
170 
63 
143 
108 
131 
51 
45 
56 
97 
89 
35 
106 
139 
37 
101 
132 
133 
135 
187 
103 
27 
147 
31 
104 
80 
11 
66 
73 
172 
100 
4 
178 
52 
115 
107 
98 
141 
72 
184 
161 
27 
15 
117 
82 
37 
127 
100 
135 
20 
123 
164 
110 
178 
125 
152 
97 
35 
50 
142 
67 
11 
94 
76 
72 
147 
148 
128 
105 
40 
112 
162 
75 
95 
169 
122 
151 
124 
165 
59 
64 
48 
137 
21 
55 
14 
39 
117 
106 
71 
36 
73 
148 
136 
116 
79 
72 
96 
13 
110 
132 
23 
156 
16 
127 
44 
153 
37 
42 
124 
15 
147 
114 
115 
143 
26 
112 
32 
126 
54 
40 
61 
27 
29 
49 
132 
164 
89 
62 
25 
75 
144 
140 
14 
72 
44 
4 
11 
171 
0 
28 
113 
89 
10 
13 
107 
118 
3 
143 
85 
163 
84 
86 
144 
48 
26 
5 
22 
55 
53 
38 
183 
105 
50 
72 
130 
93 
126 
79 
186 
29 
181 
161 
80 
116 
73 
125 
12 
67 
147 
182 
81 
128 
154 
187 
89 
68 
84 
0 
88 
75 
153 
40 
139 
62 
101 
174 
127 
144 
80 
124 
98 
18 
102 
16 
163 
105 
23 
108 
2 
145 
111 
47 
14 
169 
180 
52 
37 
162 
168 
164 
62 
182 
6 
134 
118 
70 
92 
24 
133 
28 
158 
73 
96 
80 
21 
174 
88 
135 
27 
45 
109 
23 
76 
36 
121 
65 
160 
9 
13 
156 
21 
177 
87 
179 
37 
3 
67 
68 
79 
115 
1 
39 
81 
91 
124 
147 
153 
50 
41 
132 
48 
59 
148 
58 
184 
178 
173 
151 
126 
31 
107 
168 
0 
97 
80 
165 
68 
74 
96 
83 
187 
28 
133 
89 
37 
87 
101 
135 
90 
2 
32 
65 
13 
184 
167 
128 
132 
93 
179 
144 
11 
140 
70 
94 
35 
187 
138 
50 
25 
154 
171 
120 
67 
29 
59 
118 
96 
8 
36 
177 
106 
32 
7 
80 
137 
146 
122 
12 
89 
109 
17 
45 
110 
37 
87 
49 
35 
97 
108 
130 
176 
179 
78 
148 
0 
173 
71 
124 
127 
43 
136 
105 
82 
103 
123 
75 
182 
171 
118 
96 
180 
125 
119 
173 
115 
67 
107 
9 
179 
84 
23 
140 
83 
126 
98 
167 
151 
113 
70 
178 
51 
100 
34 
57 
75 
2 
129 
110 
40 
46 
148 
155 
98 
84 
60 
167 
161 
105 
10 
20 
15 
136 
43 
27 
107 
66 
73 
50 
94 
67 
38 
115 
6 
138 
16 
146 
157 
15 
52 
45 
132 
140 
23 
31 
185 
11 
96 
55 
174 
170 
165 
124 
65 
32 
173 
88 
103 
78 
144 
52 
96 
166 
30 
53 
20 
0 
45 
177 
80 
56 
73 
102 
180 
16 
61 
63 
93 
167 
116 
119 
85 
128 
5 
44 
133 
59 
160 
71 
64 
82 
92 
109 
123 
170 
184 
126 
13 
42 
157 
18 
81 
69 
99 
7 
74 
90 
34 
33 
22 
86 
97 
147 
146 
66 
27 
102 
180 
59 
113 
13 
84 
53 
108 
101 
44 
2 
26 
152 
88 
187 
25 
65 
11 
169 
170 
35 
40 
141 
177 
157 
164 
20 
126 
186 
36 
45 
122 
103 
163 
105 
116 
181 
78 
80 
5 
83 
39 
115 
143 
8 
84 
134 
128 
162 
153 
4 
75 
117 
122 
169 
181 
92 
52 
132 
168 
178 
177 
36 
116 
39 
37 
63 
173 
43 
68 
114 
100 
143 
51 
21 
30 
182 
95 
35 
94 
20 
74 
160 
44 
48 
85 
162 
60 
115 
61 
24 
132 
82 
141 
67 
133 
90 
113 
87 
103 
120 
25 
83 
186 
49 
56 
177 
111 
118 
16 
84 
72 
125 
185 
148 
155 
95 
51 
33 
37 
24 
144 
34 
133 
49 
116 
62 
6 
154 
169 
64 
185 
180 
103 
14 
78 
129 
21 
187 
30 
53 
57 
153 
135 
137 
88 
184 
49 
116 
62 
82 
143 
155 
3 
152 
84 
105 
75 
147 
124 
19 
44 
132 
39 
127 
146 
67 
25 
109 
83 
4 
88 
6 
69 
149 
107 
95 
20 
135 
142 
89 
147 
160 
178 
134 
145 
73 
80 
56 
