23
22
28
25
33
32
29
22
17
29
29
22
20
30
34
24
32
26
28
24
31
31
28
33
35
32
15
32
26
22
33
28
27
34
20
35
30
31
20
31
32
20
26
33
36
21
30
32
35
38
36
36
39
33
30
31
32
26
20
24
32
21
28
35
32
40
28
29
26
32
35
20
36
32
27
33
26
20
26
28
35
20
32
27
34
33
25
24
39
29
38
32
37
25
26
36
30
22
31
31
27
28
26
35
31
35
29
26
30
27
22
26
23
35
26
31
33
28
28
35
25
26
35
31
37
23
35
36
34
25
31
24
38
27
23
30
27
24
24
24
29
25
20
29
48
26
31
27
39
28
23
37
24
19
20
29
37
31
23
14
35
34
27
42
24
26
27
33
33
29
34
26
26
31
18
18
22
36
34
28
35
32
29
26
33
33
35
27
