12
13
8
7
14
8
15
9
13
10
8
8
8
16
8
12
10
16
8
13
11
8
10
6
11
11
13
18
13
14
13
12
4
11
11
8
7
10
16
21
10
7
14
6
15
15
6
6
13
11
7
9
15
20
7
11
11
9
8
15
10
15
15
15
14
12
16
10
17
10
14
6
13
11
16
14
14
13
12
11
11
8
13
6
8
5
12
23
16
16
11
14
9
9
11
12
13
18
8
13
13
13
14
8
10
2
11
12
19
13
11
10
11
14
10
5
10
13
14
12
10
21
8
17
18
16
15
14
17
13
13
11
12
10
17
16
15
14
9
12
14
9
10
16
16
14
15
11
12
16
20
13
9
16
8
7
9
6
9
13
14
15
9
13
11
13
10
10
10
9
11
10
16
9
11
11
8
15
9
10
12
10
14
15
12
10
7
12
