36 
66 
317 
25 
143 
124 
381 
22 
564 
760 
749 
221 
558 
3 
293 
537 
499 
352 
964 
1022 
40 
448 
1008 
211 
752 
95 
233 
750 
949 
908 
718 
134 
17 
335 
87 
98 
313 
5 
860 
637 
1054 
277 
55 
936 
296 
735 
416 
1031 
149 
482 
227 
232 
122 
237 
862 
56 
514 
600 
292 
548 
52 
544 
629 
424 
358 
97 
12 
992 
922 
14 
83 
210 
552 
802 
173 
917 
402 
487 
934 
314 
606 
290 
941 
773 
844 
727 
450 
120 
1019 
121 
726 
829 
486 
754 
125 
240 
642 
892 
728 
110 
303 
580 
353 
383 
585 
928 
675 
983 
39 
566 
965 
257 
189 
317 
1060 
93 
389 
545 
529 
716 
1021 
342 
858 
986 
339 
987 
684 
783 
589 
958 
218 
207 
78 
1039 
9 
542 
19 
133 
180 
899 
137 
564 
478 
763 
256 
885 
29 
948 
737 
437 
401 
543 
565 
104 
226 
909 
792 
774 
786 
473 
889 
495 
637 
967 
804 
498 
128 
459 
329 
76 
417 
823 
512 
198 
933 
558 
315 
382 
813 
47 
471 
371 
807 
1040 
255 
304 
907 
57 
209 
940 
713 
519 
1054 
997 
410 
1009 
468 
427 
738 
991 
336 
671 
1032 
466 
277 
723 
735 
877 
1044 
64 
144 
321 
743 
586 
758 
984 
6 
806 
572 
257 
272 
169 
690 
874 
945 
1058 
516 
414 
615 
816 
938 
143 
985 
944 
697 
632 
559 
730 
663 
525 
241 
494 
502 
722 
699 
765 
827 
771 
132 
532 
824 
441 
725 
375 
401 
354 
204 
487 
400 
1049 
287 
629 
814 
291 
567 
705 
460 
462 
882 
836 
86 
942 
617 
190 
522 
325 
833 
1017 
1027 
58 
583 
550 
46 
691 
66 
899 
592 
136 
138 
85 
49 
1053 
529 
664 
347 
602 
146 
721 
385 
769 
660 
917 
75 
993 
179 
634 
372 
53 
263 
381 
638 
227 
412 
105 
398 
470 
710 
973 
431 
849 
693 
275 
271 
614 
409 
40 
596 
531 
18 
1033 
3 
851 
416 
116 
203 
476 
324 
122 
97 
32 
404 
686 
857 
361 
161 
1026 
155 
1014 
1055 
894 
992 
265 
1020 
544 
472 
744 
168 
903 
635 
569 
84 
985 
352 
589 
610 
471 
104 
444 
540 
392 
452 
433 
28 
865 
463 
720 
1015 
587 
883 
714 
860 
311 
766 
152 
790 
153 
802 
420 
181 
94 
848 
147 
762 
964 
746 
616 
772 
415 
961 
459 
490 
512 
688 
1052 
142 
11 
166 
754 
783 
350 
863 
726 
496 
334 
713 
966 
296 
159 
207 
169 
213 
654 
775 
128 
16 
283 
81 
541 
292 
837 
346 
247 
85 
719 
110 
644 
465 
675 
869 
240 
175 
794 
631 
232 
373 
59 
509 
9 
958 
640 
353 
610 
741 
76 
608 
436 
453 
537 
294 
674 
1017 
623 
233 
757 
209 
446 
1027 
54 
1054 
1004 
129 
204 
269 
673 
919 
1011 
339 
650 
132 
662 
321 
473 
160 
864 
225 
714 
820 
984 
331 
574 
309 
731 
431 
796 
916 
315 
254 
145 
445 
811 
630 
576 
554 
716 
1038 
705 
766 
345 
517 
20 
260 
18 
522 
151 
366 
126 
408 
14 
612 
60 
722 
742 
6 
620 
615 
318 
740 
748 
121 
840 
638 
402 
93 
360 
99 
271 
835 
734 
782 
738 
819 
518 
663 
1050 
307 
619 
169 
139 
159 
940 
692 
702 
634 
588 
344 
997 
1032 
472 
188 
429 
223 
284 
856 
854 
949 
1030 
1020 
304 
32 
668 
477 
830 
534 
958 
231 
646 
428 
592 
462 
1041 
904 
1018 
369 
648 
133 
208 
75 
323 
25 
753 
553 
930 
509 
521 
466 
699 
892 
905 
199 
771 
511 
175 
658 
226 
790 
607 
124 
1055 
815 
1051 
849 
461 
245 
356 
113 
266 
913 
5 
562 
899 
683 
990 
743 
942 
723 
583 
555 
1059 
879 
515 
247 
687 
647 
569 
48 
239 
230 
754 
558 
603 
804 
248 
228 
316 
23 
101 
258 
535 
499 
549 
548 
440 
524 
278 
918 
829 
71 
178 
822 
962 
253 
30 
76 
497 
315 
339 
1043 
293 
716 
857 
636 
51 
392 
108 
574 
832 
277 
855 
541 
640 
777 
910 
88 
500 
456 
917 
37 
568 
512 
608 
97 
645 
431 
110 
96 
174 
824 
286 
827 
736 
808 
679 
582 
676 
563 
209 
291 
579 
1005 
956 
700 
596 
345 
196 
816 
488 
1002 
904 
289 
201 
78 
921 
152 
911 
811 
863 
862 
612 
997 
726 
708 
424 
1009 
993 
932 
87 
650 
243 
776 
344 
118 
273 
263 
922 
146 
666 
195 
802 
33 
550 
455 
471 
602 
442 
330 
975 
920 
665 
627 
971 
432 
103 
559 
925 
973 
838 
508 
893 
790 
465 
367 
774 
433 
799 
701 
164 
486 
1040 
916 
235 
735 
683 
145 
876 
1048 
494 
958 
143 
649 
745 
114 
123 
177 
589 
573 
901 
779 
818 
542 
0 
413 
819 
847 
1051 
1049 
798 
1015 
801 
633 
135 
148 
1003 
31 
792 
75 
451 
1000 
492 
696 
889 
325 
93 
153 
267 
450 
611 
214 
406 
416 
221 
282 
21 
813 
391 
368 
242 
364 
490 
836 
974 
127 
397 
115 
969 
147 
190 
232 
278 
510 
822 
418 
34 
887 
526 
749 
663 
298 
976 
639 
1058 
594 
429 
730 
892 
903 
705 
29 
880 
1042 
82 
711 
962 
101 
215 
117 
710 
544 
163 
927 
533 
62 
134 
332 
537 
137 
886 
530 
500 
292 
261 
422 
217 
884 
540 
852 
330 
748 
486 
712 
1033 
882 
991 
65 
993 
408 
759 
152 
108 
79 
124 
322 
56 
1060 
94 
784 
28 
690 
763 
937 
38 
863 
871 
199 
210 
41 
491 
595 
517 
972 
98 
671 
294 
875 
193 
474 
796 
558 
424 
842 
74 
618 
812 
636 
630 
467 
40 
48 
263 
808 
742 
669 
33 
826 
652 
428 
658 
43 
52 
201 
527 
143 
699 
552 
765 
86 
626 
1061 
531 
154 
1037 
291 
646 
948 
81 
984 
661 
91 
39 
272 
196 
818 
135 
3 
637 
398 
564 
348 
596 
389 
267 
668 
1059 
523 
118 
819 
546 
136 
189 
1041 
273 
745 
822 
779 
89 
827 
677 
828 
804 
138 
1048 
492 
9 
996 
935 
587 
44 
686 
427 
774 
443 
604 
631 
236 
689 
729 
951 
25 
780 
422 
14 
579 
843 
862 
982 
553 
802 
761 
737 
388 
128 
82 
414 
437 
856 
816 
329 
1031 
840 
483 
985 
198 
261 
346 
315 
290 
242 
697 
771 
399 
239 
416 
549 
147 
915 
808 
710 
966 
401 
120 
896 
206 
412 
700 
1003 
791 
55 
134 
824 
946 
858 
191 
652 
342 
566 
72 
309 
921 
807 
119 
158 
339 
71 
957 
756 
1032 
316 
1046 
567 
621 
645 
619 
873 
782 
540 
215 
868 
95 
465 
892 
845 
1050 
360 
514 
905 
57 
306 
805 
8 
375 
859 
759 
691 
993 
510 
382 
589 
434 
9 
408 
932 
227 
527 
972 
787 
135 
60 
426 
994 
574 
218 
261 
56 
798 
207 
876 
275 
611 
372 
504 
698 
257 
131 
385 
959 
667 
258 
500 
250 
173 
587 
413 
86 
532 
166 
398 
397 
462 
265 
384 
20 
1029 
390 
232 
747 
608 
228 
754 
812 
252 
976 
1055 
834 
10 
954 
828 
45 
1017 
349 
643 
810 
459 
901 
503 
943 
817 
535 
168 
983 
695 
322 
570 
18 
560 
80 
751 
357 
355 
955 
996 
78 
105 
547 
498 
777 
928 
4 
42 
762 
352 
656 
629 
143 
283 
659 
85 
586 
162 
374 
783 
177 
133 
968 
136 
709 
753 
89 
867 
526 
742 
765 
965 
712 
537 
240 
305 
646 
346 
282 
291 
202 
538 
724 
795 
677 
451 
904 
483 
119 
815 
208 
663 
658 
749 
849 
670 
407 
870 
61 
531 
809 
925 
145 
931 
391 
417 
420 
523 
348 
363 
450 
358 
507 
610 
329 
1000 
1006 
1 
183 
12 
701 
947 
244 
416 
595 
476 
26 
424 
217 
575 
846 
431 
87 
331 
766 
53 
319 
841 
933 
1013 
579 
910 
373 
444 
700 
81 
62 
936 
388 
509 
179 
613 
154 
76 
886 
149 
236 
573 
818 
614 
248 
307 
311 
267 
596 
31 
930 
1023 
681 
225 
276 
652 
705 
850 
1045 
205 
778 
805 
678 
34 
124 
827 
13 
567 
779 
33 
364 
361 
843 
115 
110 
950 
1028 
638 
49 
180 
65 
829 
5 
91 
341 
340 
387 
410 
830 
888 
894 
561 
251 
1041 
285 
328 
781 
518 
985 
210 
952 
2 
441 
402 
159 
15 
399 
593 
67 
175 
1039 
39 
640 
22 
542 
686 
790 
699 
623 
460 
630 
409 
637 
970 
972 
152 
72 
345 
582 
693 
1038 
945 
137 
728 
609 
83 
513 
320 
366 
77 
273 
1015 
418 
836 
676 
769 
550 
93 
671 
814 
564 
29 
147 
703 
419 
185 
197 
359 
148 
544 
501 
625 
991 
186 
692 
549 
1008 
259 
234 
371 
108 
429 
470 
881 
97 
500 
302 
1037 
389 
189 
837 
432 
445 
354 
935 
3 
960 
101 
454 
563 
940 
915 
833 
1056 
11 
951 
75 
277 
489 
504 
882 
601 
667 
558 
1026 
98 
398 
793 
939 
721 
880 
1048 
725 
668 
125 
541 
615 
58 
52 
740 
24 
858 
298 
386 
1059 
665 
822 
316 
151 
889 
735 
209 
221 
18 
959 
116 
873 
1058 
243 
333 
626 
317 
741 
247 
1012 
380 
831 
862 
286 
736 
616 
226 
885 
144 
249 
1044 
989 
82 
378 
139 
602 
278 
892 
78 
488 
1002 
123 
330 
405 
539 
543 
913 
30 
332 
657 
720 
798 
163 
553 
839 
1020 
360 
80 
167 
655 
260 
890 
595 
1032 
747 
694 
395 
485 
875 
4 
1052 
1049 
479 
937 
802 
142 
852 
1033 
619 
44 
554 
74 
517 
94 
719 
759 
600 
64 
274 
271 
56 
25 
816 
324 
112 
707 
847 
184 
132 
899 
279 
365 
130 
546 
864 
649 
521 
896 
998 
440 
168 
577 
439 
60 
909 
373 
754 
905 
598 
1055 
233 
528 
647 
570 
321 
491 
987 
538 
738 
172 
860 
961 
466 
245 
38 
0 
8 
1047 
287 
476 
569 
263 
838 
811 
6 
893 
46 
982 
1035 
699 
782 
396 
214 
237 
635 
908 
973 
604 
291 
540 
465 
76 
367 
196 
215 
401 
220 
412 
685 
867 
90 
1043 
140 
21 
36 
342 
784 
27 
23 
200 
293 
582 
194 
824 
301 
190 
823 
869 
158 
770 
993 
322 
453 
467 
962 
711 
474 
806 
498 
156 
757 
449 
944 
1017 
231 
457 
314 
107 
406 
887 
536 
57 
113 
207 
306 
7 
377 
547 
383 
235 
1054 
988 
100 
212 
338 
120 
415 
968 
435 
1034 
1061 
106 
730 
403 
496 
715 
153 
169 
702 
990 
705 
349 
596 
19 
382 
690 
356 
854 
68 
975 
422 
766 
792 
307 
127 
895 
868 
436 
760 
599 
195 
524 
936 
986 
177 
88 
979 
292 
613 
133 
863 
83 
591 
818 
980 
443 
217 
1057 
662 
50 
680 
808 
964 
804 
605 
826 
103 
136 
648 
318 
970 
733 
162 
49 
230 
273 
886 
783 
129 
912 
54 
459 
121 
265 
385 
17 
724 
592 
670 
223 
664 
55 
372 
803 
241 
1029 
110 
879 
519 
666 
552 
640 
1003 
922 
825 
587 
451 
609 
953 
122 
545 
266 
787 
332 
831 
984 
411 
917 
571 
526 
210 
574 
1013 
174 
966 
420 
437 
294 
375 
723 
193 
105 
820 
762 
744 
938 
259 
258 
683 
815 
1 
645 
845 
881 
355 
52 
714 
913 
651 
813 
817 
537 
463 
722 
656 
691 
198 
933 
985 
53 
455 
737 
1019 
128 
228 
450 
250 
921 
925 
183 
285 
828 
971 
363 
594 
663 
1040 
167 
441 
2 
176 
379 
637 
115 
25 
718 
492 
812 
118 
112 
952 
191 
327 
402 
424 
165 
841 
847 
674 
311 
1050 
471 
160 
197 
945 
548 
418 
643 
1038 
499 
632 
739 
77 
199 
267 
298 
155 
95 
483 
1045 
866 
47 
417 
956 
244 
727 
822 
919 
286 
947 
578 
520 
523 
251 
44 
903 
362 
611 
764 
180 
92 
28 
141 
65 
384 
416 
409 
590 
842 
312 
586 
218 
16 
763 
505 
43 
284 
641 
642 
484 
262 
1015 
134 
313 
675 
729 
154 
996 
300 
32 
10 
636 
1009 
655 
572 
646 
978 
542 
220 
576 
322 
503 
926 
462 
323 
712 
395 
243 
756 
686 
767 
171 
859 
758 
589 
717 
768 
221 
678 
46 
560 
839 
481 
1053 
22 
226 
924 
70 
507 
532 
597 
513 
870 
67 
90 
697 
181 
225 
407 
270 
40 
580 
31 
801 
97 
157 
625 
361 
559 
679 
740 
927 
281 
161 
358 
1008 
794 
661 
494 
242 
638 
811 
458 
432 
910 
96 
26 
275 
696 
233 
957 
347 
565 
604 
911 
759 
771 
850 
581 
853 
480 
583 
150 
446 
840 
320 
785 
795 
1027 
339 
434 
490 
935 
360 
124 
880 
1021 
131 
279 
969 
207 
521 
955 
63 
928 
89 
321 
206 
396 
293 
943 
534 
1058 
755 
781 
21 
668 
904 
551 
657 
843 
378 
732 
711 
603 
374 
185 
468 
909 
14 
119 
254 
802 
341 
750 
346 
687 
400 
584 
601 
386 
772 
71 
282 
144 
981 
624 
950 
1014 
27 
544 
392 
408 
962 
766 
725 
693 
707 
227 
939 
433 
837 
669 
858 
58 
331 
596 
710 
690 
948 
212 
20 
182 
522 
530 
73 
186 
296 
4 
792 
615 
836 
1024 
354 
855 
735 
172 
653 
930 
823 
69 
751 
215 
612 
108 
211 
618 
698 
918 
145 
159 
352 
1035 
261 
525 
991 
274 
647 
797 
830 
33 
705 
439 
773 
370 
639 
598 
888 
620 
425 
1025 
883 
630 
821 
779 
920 
338 
608 
746 
203 
406 
538 
42 
5 
91 
557 
734 
435 
701 
741 
575 
832 
236 
805 
988 
351 
382 
662 
965 
585 
672 
644 
789 
224 
280 
291 
912 
902 
335 
749 
852 
889 
897 
593 
1059 
72 
760 
82 
549 
126 
496 
941 
158 
393 
528 
465 
907 
857 
99 
806 
106 
208 
164 
290 
461 
804 
967 
35 
810 
665 
872 
987 
570 
607 
1000 
892 
454 
460 
742 
350 
213 
807 
1052 
831 
405 
329 
469 
622 
627 
932 
294 
163 
130 
277 
986 
595 
951 
1023 
949 
818 
784 
13 
283 
809 
316 
175 
302 
289 
875 
977 
418 
500 
878 
752 
1020 
511 
998 
833 
1012 
514 
556 
547 
896 
631 
151 
908 
873 
295 
238 
995 
1037 
114 
115 
48 
94 
388 
960 
553 
626 
170 
288 
55 
79 
863 
371 
649 
449 
992 
1034 
424 
193 
699 
477 
554 
546 
189 
861 
643 
111 
222 
736 
330 
529 
1038 
444 
650 
844 
946 
415 
526 
606 
197 
217 
240 
623 
899 
416 
1043 
489 
3 
38 
264 
994 
869 
740 
645 
402 
201 
917 
248 
796 
748 
77 
80 
610 
146 
856 
1005 
688 
539 
723 
658 
176 
414 
429 
450 
1013 
129 
246 
299 
270 
764 
864 
561 
744 
219 
377 
174 
729 
940 
1031 
45 
419 
903 
938 
975 
426 
455 
387 
442 
704 
304 
761 
149 
152 
412 
476 
799 
155 
256 
445 
165 
328 
587 
1057 
754 
884 
906 
885 
438 
682 
8 
778 
98 
407 
142 
39 
9 
97 
868 
470 
970 
127 
214 
56 
673 
47 
1054 
221 
76 
983 
375 
183 
733 
148 
87 
118 
81 
848 
271 
817 
376 
536 
52 
265 
840 
721 
49 
303 
132 
266 
944 
138 
245 
36 
718 
59 
355 
307 
654 
11 
298 
866 
200 
670 
919 
694 
1016 
826 
342 
104 
915 
223 
493 
534 
974 
392 
936 
15 
409 
269 
854 
137 
147 
813 
676 
722 
728 
437 
1048 
590 
1046 
16 
205 
366 
237 
281 
140 
263 
657 
488 
359 
120 
21 
990 
824 
491 
95 
1036 
788 
57 
822 
829 
308 
770 
724 
1010 
865 
278 
499 
803 
543 
154 
819 
552 
674 
898 
260 
268 
703 
123 
462 
859 
870 
258 
683 
251 
420 
232 
576 
404 
187 
926 
102 
226 
600 
874 
325 
117 
820 
180 
241 
357 
321 
244 
156 
396 
78 
512 
502 
44 
234 
774 
1029 
800 
1002 
965 
168 
667 
358 
362 
725 
344 
239 
963 
486 
711 
254 
588 
1011 
107 
594 
4 
323 
173 
210 
314 
900 
113 
492 
1 
186 
340 
243 
753 
726 
1040 
663 
143 
999 
121 
955 
431 
858 
909 
233 
220 
685 
656 
731 
959 
40 
989 
580 
775 
564 
846 
996 
348 
212 
365 
510 
913 
762 
360 
519 
430 
257 
538 
231 
51 
42 
456 
612 
671 
498 
517 
691 
1049 
284 
1050 
548 
247 
853 
479 
952 
487 
25 
319 
680 
918 
745 
66 
195 
41 
880 
64 
422 
847 
252 
421 
566 
702 
1051 
74 
337 
599 
272 
508 
947 
956 
285 
986 
648 
23 
72 
661 
659 
475 
716 
537 
1041 
390 
971 
363 
696 
766 
809 
199 
717 
875 
924 
403 
569 
578 
651 
444 
646 
192 
471 
555 
1009 
527 
364 
250 
759 
830 
765 
398 
43 
372 
611 
520 
297 
261 
795 
961 
229 
686 
315 
291 
275 
619 
112 
743 
730 
162 
792 
938 
582 
441 
1028 
653 
681 
705 
529 
638 
570 
954 
2 
267 
312 
482 
644 
329 
218 
707 
70 
736 
94 
433 
228 
637 
811 
1003 
24 
338 
26 
802 
425 
1006 
259 
871 
302 
155 
798 
692 
1022 
253 
334 
642 
896 
125 
182 
530 
213 
734 
754 
523 
1046 
99 
497 
19 
126 
494 
71 
371 
379 
216 
641 
678 
147 
287 
349 
1018 
292 
700 
729 
53 
589 
401 
332 
738 
9 
65 
863 
923 
242 
318 
369 
356 
514 
35 
539 
591 
446 
463 
825 
92 
434 
235 
203 
867 
697 
755 
163 
856 
428 
603 
782 
719 
10 
737 
907 
760 
857 
54 
665 
209 
978 
136 
221 
449 
631 
862 
1061 
324 
768 
1045 
280 
995 
757 
309 
879 
150 
541 
279 
911 
916 
915 
658 
381 
395 
687 
666 
130 
293 
165 
786 
402 
481 
15 
290 
828 
385 
333 
744 
389 
86 
689 
476 
587 
632 
13 
988 
282 
773 
225 
84 
354 
37 
18 
513 
998 
876 
1010 
20 
128 
1053 
933 
443 
59 
652 
116 
615 
377 
358 
593 
533 
639 
453 
424 
310 
230 
1023 
549 
801 
906 
895 
835 
495 
980 
770 
887 
183 
785 
832 
655 
1037 
131 
157 
375 
695 
8 
962 
141 
118 
545 
712 
799 
249 
592 
75 
635 
769 
277 
776 
979 
690 
720 
636 
1029 
5 
602 
62 
207 
1038 
649 
178 
76 
114 
1012 
196 
944 
416 
478 
609 
1055 
184 
454 
881 
146 
256 
493 
546 
932 
684 
534 
32 
82 
245 
410 
1005 
138 
450 
982 
1035 
335 
467 
504 
739 
989 
6 
276 
623 
783 
796 
56 
177 
211 
934 
29 
506 
204 
429 
219 
14 
598 
142 
296 
957 
976 
698 
172 
459 
949 
741 
764 
883 
901 
170 
469 
709 
970 
977 
427 
922 
929 
307 
554 
263 
384 
308 
536 
266 
376 
485 
44 
836 
778 
343 
350 
330 
936 
408 
758 
328 
439 
843 
499 
898 
826 
198 
206 
283 
144 
882 
903 
512 
834 
804 
169 
874 
300 
491 
368 
353 
407 
409 
470 
91 
510 
819 
255 
34 
327 
749 
1017 
840 
355 
28 
246 
781 
849 
921 
134 
1026 
845 
299 
244 
337 
981 
167 
50 
252 
435 
928 
817 
647 
838 
664 
113 
983 
38 
432 
97 
948 
486 
584 
106 
800 
124 
693 
702 
445 
415 
728 
808 
696 
763 
109 
456 
629 
43 
657 
1041 
306 
12 
521 
480 
829 
85 
191 
345 
775 
662 
132 
891 
710 
11 
112 
224 
753 
1059 
999 
325 
515 
1036 
890 
39 
175 
617 
779 
748 
164 
816 
208 
304 
248 
525 
329 
991 
339 
866 
440 
46 
236 
202 
626 
972 
448 
530 
58 
67 
1039 
158 
685 
120 
630 
1016 
272 
886 
122 
234 
614 
746 
492 
904 
179 
613 
532 
193 
556 
275 
771 
861 
790 
404 
792 
974 
241 
555 
560 
794 
607 
548 
262 
754 
899 
577 
612 
822 
897 
437 
7 
69 
938 
33 
385 
813 
185 
220 
10 
893 
171 
442 
258 
180 
78 
788 
498 
575 
526 
691 
391 
461 
810 
4 
767 
645 
351 
807 
531 
557 
786 
597 
975 
508 
562 
539 
511 
895 
360 
633 
721 
663 
830 
703 
523 
518 
96 
182 
969 
231 
582 
919 
61 
166 
870 
305 
902 
914 
823 
319 
541 
311 
528 
689 
361 
438 
606 
965 
1049 
600 
102 
168 
658 
740 
947 
77 
718 
793 
149 
535 
621 
133 
412 
567 
505 
1033 
713 
324 
366 
888 
390 
864 
707 
937 
87 
996 
270 
678 
1048 
1058 
1015 
157 
279 
36 
706 
732 
911 
650 
382 
303 
1009 
812 
590 
846 
160 
688 
831 
878 
364 
651 
672 
863 
780 
380 
346 
714 
162 
1025 
288 
265 
269 
429 
985 
145 
240 
699 
400 
40 
1053 
455 
181 
561 
908 
821 
66 
537 
726 
105 
147 
772 
920 
373 
638 
104 
422 
163 
347 
411 
63 
80 
668 
945 
200 
232 
314 
401 
156 
342 
0 
398 
489 
494 
692 
913 
81 
332 
873 
17 
26 
1011 
851 
918 
533 
554 
910 
183 
971 
516 
143 
789 
125 
503 
715 
1028 
1035 
264 
735 
201 
723 
107 
716 
842 
852 
637 
681 
278 
328 
297 
280 
964 
736 
388 
854 
559 
959 
249 
805 
737 
95 
619 
1052 
174 
674 
869 
1034 
601 
111 
368 
927 
173 
490 
161 
187 
383 
326 
454 
237 
402 
227 
287 
782 
550 
724 
708 
221 
393 
151 
549 
624 
589 
687 
406 
686 
643 
654 
1013 
744 
1017 
117 
620 
594 
1057 
239 
628 
509 
855 
522 
517 
909 
634 
836 
453 
958 
1037 
253 
56 
413 
30 
631 
340 
520 
24 
188 
318 
127 
627 
940 
946 
423 
378 
466 
596 
750 
578 
300 
808 
924 
3 
608 
844 
700 
701 
146 
392 
859 
353 
742 
233 
797 
905 
622 
980 
138 
500 
514 
875 
246 
475 
274 
356 
460 
329 
358 
543 
408 
98 
502 
463 
573 
70 
84 
23 
379 
334 
118 
690 
284 
603 
480 
1044 
195 
510 
6 
581 
666 
850 
219 
800 
865 
1008 
260 
1055 
348 
653 
766 
370 
488 
1019 
48 
720 
907 
618 
313 
286 
570 
546 
547 
513 
255 
576 
1024 
973 
711 
5 
941 
1060 
39 
433 
857 
835 
153 
405 
825 
55 
51 
1027 
197 
362 
584 
139 
142 
315 
671 
377 
934 
1014 
769 
335 
684 
848 
268 
957 
951 
747 
923 
94 
310 
1012 
13 
486 
252 
119 
140 
588 
955 
282 
891 
818 
824 
953 
778 
950 
583 
113 
381 
987 
847 
144 
100 
819 
829 
112 
709 
331 
210 
1061 
917 
477 
72 
1038 
281 
544 
1051 
815 
1040 
414 
569 
290 
784 
534 
828 
430 
34 
261 
926 
338 
877 
443 
243 
727 
1047 
928 
367 
420 
445 
225 
846 
803 
1 
386 
752 
263 
306 
425 
872 
83 
652 
698 
293 
916 
444 
390 
1039 
90 
564 
664 
316 
611 
587 
1031 
235 
519 
469 
409 
839 
472 
881 
435 
154 
645 
198 
25 
879 
1041 
796 
68 
874 
585 
431 
885 
222 
231 
242 
795 
673 
729 
52 
717 
294 
861 
106 
595 
384 
600 
832 
234 
247 
749 
851 
181 
930 
814 
150 
60 
167 
952 
772 
276 
459 
743 
889 
407 
697 
132 
968 
773 
894 
185 
457 
54 
266 
403 
731 
374 
355 
676 
110 
29 
236 
349 
849 
730 
823 
1022 
311 
765 
432 
365 
357 
929 
985 
180 
598 
661 
605 
758 
558 
890 
438 
2 
936 
810 
49 
807 
659 
88 
866 
597 
82 
668 
770 
545 
109 
524 
942 
240 
999 
886 
229 
852 
1029 
616 
675 
487 
768 
967 
440 
137 
416 
9 
308 
207 
419 
960 
8 
612 
693 
131 
395 
984 
321 
10 
95 
178 
806 
948 
129 
812 
307 
300 
516 
296 
456 
41 
694 
85 
739 
900 
148 
317 
639 
422 
493 
813 
424 
763 
860 
888 
426 
67 
177 
579 
771 
992 
944 
183 
184 
256 
135 
336 
168 
429 
1020 
644 
133 
721 
963 
427 
748 
301 
703 
931 
191 
982 
696 
65 
305 
620 
989 
40 
976 
89 
507 
986 
277 
760 
683 
1023 
722 
333 
710 
33 
434 
935 
674 
838 
538 
20 
224 
536 
751 
123 
76 
820 
172 
186 
961 
974 
1003 
398 
292 
44 
615 
685 
1054 
744 
552 
702 
541 
353 
312 
602 
1046 
250 
0 
101 
30 
706 
171 
783 
582 
692 
504 
933 
320 
902 
540 
179 
501 
26 
107 
499 
494 
869 
1010 
124 
143 
897 
373 
609 
141 
738 
647 
194 
663 
867 
1049 
389 
658 
1043 
206 
309 
947 
190 
18 
302 
981 
75 
977 
657 
149 
526 
165 
680 
1045 
1035 
679 
1009 
537 
908 
938 
24 
249 
650 
995 
379 
833 
502 
17 
465 
678 
975 
397 
344 
649 
346 
482 
117 
314 
55 
991 
111 
350 
632 
762 
196 
339 
495 
232 
531 
1007 
37 
46 
163 
570 
1052 
80 
590 
596 
834 
264 
347 
553 
340 
734 
1048 
601 
97 
677 
831 
591 
809 
155 
559 
63 
201 
836 
520 
954 
835 
662 
473 
223 
750 
800 
151 
821 
655 
939 
882 
801 
215 
467 
998 
417 
656 
195 
880 
211 
233 
399 
485 
925 
142 
782 
61 
74 
458 
122 
741 
966 
260 
376 
842 
754 
607 
161 
331 
1026 
562 
943 
393 
543 
442 
777 
904 
481 
32 
606 
811 
636 
568 
162 
560 
630 
267 
326 
408 
108 
57 
919 
461 
428 
433 
447 
858 
221 
380 
566 
716 
856 
724 
957 
1038 
279 
278 
767 
448 
23 
912 
176 
441 
136 
84 
747 
688 
733 
774 
266 
736 
121 
532 
586 
909 
476 
238 
884 
1036 
157 
490 
575 
788 
291 
361 
288 
824 
73 
701 
987 
463 
156 
781 
715 
799 
103 
214 
257 
525 
970 
911 
700 
969 
15 
621 
735 
633 
68 
81 
248 
299 
726 
573 
52 
332 
270 
949 
105 
574 
514 
790 
337 
577 
997 
464 
932 
147 
371 
134 
496 
226 
251 
895 
319 
561 
841 
845 
847 
187 
274 
1042 
259 
31 
903 
753 
625 
119 
608 
793 
452 
262 
576 
275 
220 
901 
466 
356 
173 
862 
635 
665 
204 
368 
1006 
451 
491 
584 
830 
14 
443 
1024 
792 
78 
745 
1019 
1028 
681 
592 
640 
695 
106 
53 
418 
387 
907 
612 
355 
941 
825 
271 
595 
766 
175 
789 
289 
38 
479 
1005 
508 
146 
488 
521 
281 
325 
227 
208 
383 
936 
341 
829 
462 
497 
304 
216 
628 
145 
209 
500 
746 
1 
844 
3 
120 
138 
303 
503 
691 
817 
952 
158 
664 
962 
509 
498 
978 
247 
242 
188 
113 
426 
696 
59 
1021 
132 
1053 
697 
773 
159 
199 
883 
737 
202 
547 
807 
528 
530 
589 
819 
874 
436 
557 
1010 
604 
896 
276 
764 
826 
769 
988 
112 
728 
180 
412 
725 
91 
851 
1027 
28 
714 
296 
692 
871 
1039 
1060 
993 
505 
906 
170 
619 
610 
926 
190 
510 
519 
29 
359 
634 
181 
885 
169 
539 
629 
961 
979 
506 
460 
236 
564 
593 
673 
850 
828 
894 
892 
950 
996 
64 
1032 
13 
79 
48 
189 
282 
1020 
385 
517 
450 
47 
306 
888 
1030 
1055 
928 
329 
958 
404 
690 
910 
1022 
366 
1041 
410 
167 
25 
438 
535 
43 
582 
386 
534 
1025 
929 
396 
975 
369 
783 
705 
831 
837 
323 
711 
80 
676 
678 
713 
886 
154 
293 
684 
115 
71 
255 
1059 
951 
893 
750 
231 
990 
594 
627 
986 
283 
578 
33 
457 
963 
265 
373 
516 
686 
541 
322 
1013 
551 
400 
1015 
360 
587 
613 
21 
881 
981 
849 
234 
708 
765 
798 
679 
11 
518 
63 
992 
875 
669 
1029 
840 
131 
786 
468 
923 
666 
1045 
4 
219 
729 
748 
377 
474 
109 
507 
429 
286 
484 
277 
335 
333 
392 
178 
315 
588 
571 
35 
459 
55 
624 
155 
165 
971 
160 
357 
402 
609 
770 
718 
580 
338 
30 
256 
549 
631 
954 
973 
172 
555 
542 
836 
163 
86 
820 
603 
814 
704 
349 
944 
749 
752 
707 
712 
1038 
739 
861 
615 
1011 
731 
23 
246 
513 
475 
129 
12 
537 
625 
796 
179 
890 
740 
98 
1012 
994 
813 
213 
1002 
185 
40 
540 
130 
566 
515 
1004 
685 
791 
342 
17 
904 
370 
701 
101 
446 
778 
318 
730 
252 
741 
444 
945 
391 
842 
1051 
703 
526 
611 
260 
39 
529 
203 
455 
362 
854 
599 
503 
852 
976 
258 
668 
46 
364 
1057 
560 
168 
959 
980 
785 
144 
647 
224 
334 
1017 
320 
93 
870 
848 
375 
453 
253 
872 
398 
1054 
913 
763 
727 
802 
431 
261 
902 
433 
670 
150 
768 
192 
439 
133 
1008 
1035 
771 
66 
1023 
117 
575 
225 
121 
158 
92 
145 
210 
244 
458 
351 
833 
511 
406 
1056 
927 
929 
358 
308 
195 
816 
948 
743 
313 
384 
681 
806 
343 
126 
931 
20 
56 
538 
177 
124 
390 
233 
939 
6 
853 
264 
365 
953 
215 
448 
202 
62 
292 
780 
956 
143 
483 
646 
918 
880 
1052 
114 
698 
136 
51 
687 
211 
498 
485 
697 
865 
897 
621 
50 
147 
598 
103 
504 
693 
347 
248 
1021 
643 
761 
139 
561 
142 
1043 
272 
536 
710 
238 
352 
552 
878 
9 
289 
818 
359 
755 
107 
1049 
968 
512 
116 
319 
877 
397 
1001 
74 
280 
278 
509 
554 
193 
72 
523 
1044 
29 
696 
868 
747 
988 
223 
856 
371 
720 
26 
789 
408 
982 
420 
960 
2 
479 
986 
899 
452 
735 
440 
919 
393 
424 
245 
700 
876 
809 
69 
824 
845 
394 
205 
294 
314 
882 
110 
514 
932 
967 
732 
883 
157 
386 
724 
572 
259 
1007 
382 
75 
15 
500 
296 
249 
914 
1028 
860 
240 
395 
940 
381 
33 
53 
360 
428 
214 
380 
722 
804 
350 
689 
826 
160 
874 
563 
198 
18 
680 
792 
414 
721 
704 
182 
762 
7 
438 
221 
140 
807 
979 
583 
709 
297 
470 
85 
267 
524 
115 
506 
831 
997 
465 
312 
451 
156 
629 
859 
132 
995 
725 
592 
843 
1055 
664 
884 
906 
565 
822 
86 
345 
363 
377 
745 
316 
218 
623 
584 
186 
445 
614 
641 
466 
573 
606 
37 
750 
587 
175 
490 
622 
869 
1026 
549 
197 
753 
812 
571 
873 
388 
10 
803 
61 
684 
656 
993 
217 
471 
178 
801 
821 
766 
266 
337 
403 
84 
385 
675 
760 
581 
850 
376 
517 
499 
22 
487 
625 
667 
368 
1031 
187 
566 
764 
913 
609 
482 
262 
493 
632 
800 
926 
1011 
659 
630 
181 
87 
353 
951 
1060 
595 
1027 
815 
652 
702 
863 
165 
436 
505 
77 
510 
1034 
44 
649 
346 
776 
454 
57 
117 
935 
38 
759 
206 
355 
284 
957 
339 
159 
426 
617 
857 
674 
808 
129 
950 
204 
449 
567 
937 
12 
1040 
1014 
191 
118 
450 
1057 
837 
1015 
41 
331 
714 
1009 
254 
325 
1051 
106 
383 
1042 
257 
626 
984 
772 
775 
276 
556 
905 
519 
758 
372 
413 
5 
164 
461 
855 
879 
163 
961 
4 
82 
657 
945 
90 
361 
589 
416 
888 
329 
754 
949 
985 
820 
427 
491 
148 
578 
817 
135 
441 
624 
770 
784 
183 
847 
251 
467 
402 
473 
239 
924 
330 
699 
841 
304 
895 
419 
247 
615 
668 
751 
200 
310 
545 
327 
141 
570 
580 
80 
263 
518 
501 
612 
640 
174 
131 
742 
36 
122 
317 
333 
185 
917 
302 
966 
887 
40 
814 
65 
162 
805 
64 
147 
89 
298 
155 
306 
496 
520 
783 
547 
429 
527 
516 
799 
851 
105 
274 
378 
628 
290 
532 
79 
212 
989 
1030 
301 
242 
502 
480 
708 
195 
1029 
1059 
1003 
769 
31 
442 
671 
392 
711 
692 
1022 
637 
526 
384 
488 
976 
779 
1004 
24 
125 
757 
928 
1050 
947 
194 
94 
311 
275 
102 
539 
673 
55 
475 
109 
778 
434 
793 
893 
645 
562 
260 
324 
522 
318 
825 
1048 
631 
338 
63 
99 
858 
435 
733 
691 
983 
370 
78 
305 
277 
1012 
616 
880 
903 
678 
683 
996 
399 
574 
728 
455 
108 
415 
620 
98 
25 
713 
670 
927 
315 
965 
13 
66 
176 
425 
431 
323 
236 
1045 
92 
410 
693 
393 
34 
842 
146 
341 
763 
910 
0 
497 
256 
534 
890 
137 
836 
978 
538 
1044 
35 
921 
351 
271 
1021 
553 
974 
83 
638 
826 
991 
199 
231 
401 
607 
633 
207 
60 
291 
389 
246 
703 
70 
654 
11 
371 
916 
1038 
356 
453 
498 
642 
726 
226 
767 
373 
1000 
773 
49 
47 
838 
543 
483 
871 
203 
446 
537 
833 
932 
716 
938 
599 
605 
511 
810 
1006 
463 
653 
908 
690 
705 
211 
734 
145 
190 
548 
747 
666 
477 
112 
1019 
444 
685 
357 
154 
535 
636 
818 
46 
128 
904 
308 
824 
234 
569 
309 
56 
765 
133 
946 
28 
762 
54 
999 
243 
878 
71 
963 
342 
354 
681 
18 
975 
939 
955 
676 
943 
531 
72 
423 
50 
319 
1052 
677 
192 
3 
1008 
366 
407 
736 
443 
395 
755 
1010 
557 
45 
1016 
679 
224 
877 
802 
719 
261 
898 
669 
472 
440 
881 
598 
97 
727 
931 
658 
758 
648 
465 
807 
868 
641 
88 
136 
2 
390 
9 
460 
560 
639 
962 
282 
466 
173 
859 
485 
412 
252 
686 
16 
215 
795 
791 
375 
421 
550 
33 
156 
1039 
1005 
459 
334 
19 
185 
696 
828 
998 
647 
987 
1025 
245 
832 
115 
68 
188 
650 
956 
12 
158 
196 
896 
968 
860 
644 
952 
362 
695 
797 
1043 
250 
307 
619 
655 
737 
961 
317 
152 
198 
220 
933 
61 
345 
739 
675 
707 
731 
69 
457 
278 
571 
579 
806 
614 
223 
281 
119 
479 
625 
32 
949 
568 
601 
876 
884 
787 
536 
138 
911 
279 
843 
721 
735 
610 
942 
127 
96 
197 
204 
977 
552 
591 
43 
462 
915 
995 
379 
464 
364 
822 
600 
235 
528 
284 
935 
1041 
348 
521 
621 
478 
339 
829 
590 
432 
566 
847 
907 
172 
563 
687 
559 
183 
971 
950 
1053 
875 
120 
86 
702 
864 
264 
624 
500 
238 
760 
556 
941 
862 
1054 
839 
788 
743 
417 
467 
87 
322 
541 
697 
143 
218 
657 
503 
269 
175 
611 
449 
717 
925 
286 
160 
248 
725 
91 
902 
665 
801 
768 
380 
513 
262 
640 
912 
155 
635 
58 
130 
236 
759 
940 
973 
988 
222 
684 
486 
241 
453 
118 
193 
132 
177 
402 
830 
179 
422 
266 
794 
17 
398 
1015 
634 
418 
786 
90 
34 
840 
439 
540 
748 
1030 
81 
139 
237 
367 
580 
893 
1024 
350 
592 
1 
332 
534 
42 
377 
772 
889 
219 
113 
691 
609 
617 
622 
785 
668 
181 
294 
851 
67 
710 
1013 
588 
103 
346 
445 
438 
212 
718 
328 
613 
77 
325 
749 
997 
195 
355 
692 
651 
232 
903 
729 
790 
927 
926 
80 
597 
169 
327 
321 
928 
732 
815 
111 
330 
22 
14 
603 
370 
656 
396 
516 
793 
863 
770 
823 
4 
673 
523 
989 
360 
596 
796 
1034 
564 
584 
626 
341 
298 
776 
515 
214 
723 
242 
572 
703 
746 
240 
530 
397 
850 
913 
131 
957 
779 
1035 
929 
358 
209 
535 
909 
420 
15 
134 
990 
312 
447 
895 
436 
1026 
524 
99 
202 
295 
469 
36 
249 
434 
477 
645 
834 
106 
233 
53 
722 
922 
114 
561 
468 
947 
547 
147 
648 
799 
263 
475 
94 
646 
943 
804 
706 
982 
213 
593 
838 
291 
878 
140 
602 
953 
525 
168 
930 
800 
744 
499 
51 
141 
300 
545 
574 
441 
510 
1014 
638 
886 
33 
623 
954 
189 
549 
853 
47 
435 
736 
52 
230 
576 
894 
107 
171 
538 
712 
1049 
338 
671 
689 
852 
251 
344 
20 
969 
180 
546 
792 
965 
184 
980 
163 
55 
373 
361 
831 
157 
1010 
883 
326 
49 
661 
756 
246 
414 
766 
532 
704 
116 
304 
191 
529 
693 
311 
577 
542 
677 
150 
273 
400 
1056 
382 
612 
594 
604 
616 
217 
809 
315 
423 
104 
923 
335 
985 
1047 
774 
721 
426 
966 
615 
551 
835 
491 
888 
802 
493 
570 
951 
968 
669 
283 
937 
95 
808 
288 
431 
506 
239 
46 
565 
938 
197 
782 
918 
173 
960 
228 
1023 
844 
27 
0 
606 
753 
481 
289 
356 
349 
182 
142 
533 
662 
1032 
56 
583 
649 
620 
972 
813 
117 
365 
599 
904 
820 
959 
1037 
231 
471 
7 
659 
586 
276 
701 
855 
958 
740 
812 
24 
476 
450 
652 
1036 
399 
769 
395 
900 
244 
556 
773 
98 
28 
84 
1040 
216 
274 
459 
105 
700 
1006 
430 
946 
35 
1028 
448 
497 
920 
818 
805 
698 
464 
314 
880 
745 
296 
408 
121 
371 
890 
164 
252 
674 
942 
359 
589 
336 
861 
971 
628 
956 
819 
587 
983 
806 
558 
292 
329 
258 
694 
566 
151 
864 
79 
1003 
664 
1052 
146 
505 
905 
57 
388 
480 
833 
860 
633 
340 
595 
320 
1046 
789 
23 
281 
605 
196 
733 
489 
410 
1019 
316 
456 
862 
567 
509 
221 
290 
119 
936 
520 
136 
494 
225 
248 
308 
573 
62 
5 
495 
470 
654 
741 
1048 
579 
885 
788 
65 
207 
857 
229 
544 
1042 
404 
138 
159 
1007 
82 
537 
994 
125 
112 
445 
910 
881 
1060 
170 
205 
1005 
76 
657 
165 
1021 
109 
548 
950 
1009 
58 
96 
598 
690 
1025 
293 
711 
925 
876 
991 
974 
539 
962 
61 
984 
600 
18 
259 
872 
747 
487 
892 
978 
412 
682 
725 
778 
407 
71 
1027 
377 
452 
37 
898 
302 
944 
504 
637 
555 
997 
132 
678 
1024 
777 
167 
306 
1050 
421 
507 
787 
1030 
714 
492 
285 
627 
54 
260 
92 
1004 
108 
190 
415 
269 
699 
655 
85 
1018 
846 
765 
409 
12 
932 
977 
444 
357 
561 
386 
897 
658 
1016 
1057 
976 
560 
619 
768 
970 
241 
531 
183 
1017 
63 
245 
268 
8 
270 
417 
672 
366 
488 
995 
265 
160 
1044 
42 
74 
563 
78 
990 
601 
210 
393 
496 
848 
428 
660 
706 
353 
247 
775 
89 
610 
468 
59 
144 
303 
592 
354 
204 
785 
571 
986 
709 
967 
988 
908 
348 
454 
325 
345 
597 
376 
933 
299 
330 
742 
907 
374 
32 
135 
461 
854 
318 
764 
203 
317 
879 
25 
858 
261 
381 
351 
10 
526 
891 
717 
331 
483 
222 
457 
536 
629 
1058 
405 
915 
614 
126 
162 
1036 
847 
282 
735 
309 
746 
961 
83 
648 
44 
398 
328 
187 
826 
91 
949 
519 
508 
460 
517 
363 
440 
250 
360 
550 
180 
471 
467 
1045 
463 
814 
26 
446 
726 
199 
88 
836 
512 
233 
728 
874 
781 
676 
311 
339 
474 
369 
922 
106 
794 
478 
169 
1033 
19 
479 
391 
380 
675 
243 
337 
66 
724 
587 
220 
142 
680 
767 
346 
433 
150 
612 
77 
585 
729 
757 
981 
635 
662 
975 
206 
772 
493 
578 
712 
734 
801 
230 
594 
639 
751 
15 
886 
769 
718 
987 
873 
739 
100 
370 
435 
982 
53 
481 
540 
226 
703 
122 
397 
609 
1056 
551 
713 
2 
472 
795 
332 
641 
688 
535 
9 
613 
356 
480 
1026 
860 
38 
172 
523 
786 
923 
899 
272 
645 
300 
963 
870 
518 
40 
236 
189 
503 
118 
810 
455 
780 
264 
939 
1023 
603 
992 
242 
511 
41 
80 
489 
164 
541 
825 
81 
589 
158 
111 
569 
184 
50 
451 
316 
404 
185 
588 
152 
491 
649 
340 
326 
549 
143 
0 
973 
153 
501 
310 
798 
913 
186 
307 
214 
747 
69 
905 
90 
554 
947 
632 
800 
656 
572 
255 
200 
174 
195 
301 
686 
34 
979 
197 
130 
723 
636 
773 
24 
760 
201 
803 
921 
926 
1031 
691 
333 
935 
61 
882 
68 
1013 
129 
149 
720 
811 
562 
993 
7 
951 
151 
297 
927 
218 
910 
853 
87 
727 
642 
67 
690 
1034 
466 
324 
131 
358 
943 
1019 
16 
453 
476 
819 
372 
60 
276 
602 
851 
791 
21 
402 
516 
116 
872 
969 
216 
387 
924 
410 
43 
254 
46 
515 
249 
566 
546 
608 
709 
499 
497 
669 
591 
556 
146 
789 
291 
459 
683 
575 
263 
784 
1053 
93 
701 
193 
176 
576 
464 
275 
436 
329 
914 
732 
920 
313 
439 
115 
426 
547 
450 
838 
12 
725 
684 
292 
624 
850 
52 
192 
555 
79 
715 
132 
1028 
954 
334 
428 
76 
281 
573 
616 
965 
528 
618 
322 
1035 
1018 
892 
70 
161 
487 
831 
919 
473 
371 
888 
948 
750 
665 
134 
163 
514 
716 
776 
638 
596 
667 
875 
82 
231 
830 
29 
98 
524 
1011 
1000 
128 
221 
412 
584 
876 
232 
748 
117 
976 
738 
359 
95 
57 
256 
743 
335 
762 
456 
148 
733 
64 
765 
918 
245 
755 
621 
908 
685 
617 
1051 
327 
661 
693 
365 
307 
395 
911 
696 
998 
145 
1039 
485 
592 
423 
502 
319 
440 
170 
194 
328 
912 
796 
768 
228 
234 
1014 
22 
928 
361 
640 
529 
383 
31 
72 
443 
113 
223 
277 
306 
178 
808 
165 
539 
770 
390 
561 
311 
652 
1057 
705 
32 
465 
818 
598 
634 
763 
121 
429 
542 
305 
812 
560 
411 
114 
647 
839 
622 
600 
378 
802 
950 
797 
1010 
1044 
133 
23 
1022 
207 
793 
10 
237 
1047 
717 
139 
337 
852 
273 
990 
692 
171 
217 
668 
39 
370 
735 
1002 
352 
136 
734 
780 
1020 
397 
532 
866 
321 
336 
533 
995 
885 
991 
1025 
467 
420 
749 
127 
421 
1052 
604 
970 
375 
208 
666 
822 
215 
550 
774 
389 
834 
1054 
188 
809 
262 
431 
952 
949 
35 
210 
373 
783 
77 
694 
607 
637 
213 
235 
488 
109 
722 
199 
862 
699 
204 
958 
54 
698 
1033 
97 
525 
220 
240 
51 
1012 
504 
282 
558 
508 
587 
937 
415 
253 
746 
20 
901 
42 
298 
754 
714 
454 
677 
433 
932 
557 
786 
1030 
512 
907 
4 
44 
48 
360 
222 
357 
385 
916 
581 
260 
408 
989 
639 
846 
173 
961 
353 
344 
933 
388 
565 
290 
741 
816 
5 
543 
261 
720 
829 
239 
211 
903 
462 
759 
286 
144 
609 
419 
212 
878 
880 
906 
626 
719 
1041 
836 
417 
858 
71 
283 
367 
1027 
46 
241 
884 
982 
137 
569 
983 
1009 
219 
521 
446 
18 
126 
150 
177 
492 
655 
355 
453 
33 
674 
586 
761 
610 
120 
726 
820 
325 
308 
883 
905 
654 
427 
354 
807 
753 
772 
131 
26 
480 
530 
613 
960 
301 
631 
563 
660 
501 
676 
2 
62 
578 
185 
379 
663 
394 
679 
886 
1043 
183 
124 
691 
441 
1056 
495 
422 
179 
445 
474 
278 
284 
1040 
289 
873 
15 
300 
425 
629 
381 
597 
40 
662 
333 
409 
603 
53 
606 
731 
963 
386 
146 
999 
605 
723 
577 
434 
103 
678 
590 
226 
856 
366 
729 
1037 
167 
695 
258 
1046 
326 
787 
489 
976 
65 
189 
310 
540 
156 
986 
274 
498 
971 
638 
773 
806 
902 
702 
1008 
263 
767 
245 
900 
943 
548 
895 
339 
942 
162 
401 
635 
981 
270 
867 
535 
555 
871 
475 
633 
516 
644 
769 
78 
505 
527 
576 
659 
923 
252 
899 
1003 
490 
30 
827 
102 
243 
671 
758 
1015 
346 
404 
751 
997 
67 
771 
896 
181 
299 
752 
792 
25 
279 
68 
320 
627 
515 
781 
968 
745 
804 
324 
682 
909 
387 
881 
1051 
164 
681 
361 
860 
931 
332 
487 
850 
205 
967 
651 
69 
81 
1031 
257 
601 
1050 
256 
272 
1023 
322 
356 
203 
814 
115 
777 
247 
554 
993 
459 
297 
138 
1034 
238 
821 
618 
8 
209 
92 
180 
335 
546 
910 
701 
748 
22 
269 
795 
657 
725 
713 
246 
251 
1019 
225 
455 
882 
1005 
522 
458 
645 
567 
712 
929 
1026 
436 
687 
426 
538 
292 
295 
811 
304 
259 
1036 
471 
537 
874 
973 
405 
509 
514 
430 
410 
865 
147 
571 
951 
937 
560 
323 
641 
463 
849 
984 
962 
193 
940 
672 
450 
946 
63 
595 
897 
466 
396 
58 
833 
140 
293 
442 
395 
839 
936 
476 
974 
195 
933 
378 
776 
268 
291 
502 
810 
518 
241 
919 
958 
589 
108 
972 
998 
664 
961 
160 
918 
938 
41 
831 
913 
990 
1045 
598 
192 
920 
680 
350 
632 
448 
125 
188 
829 
248 
155 
364 
391 
868 
1029 
158 
562 
956 
531 
760 
119 
616 
793 
182 
403 
914 
141 
306 
104 
449 
830 
479 
85 
152 
264 
399 
413 
647 
934 
717 
799 
869 
266 
808 
6 
200 
56 
708 
746 
227 
653 
544 
14 
294 
365 
456 
229 
855 
406 
66 
4 
163 
461 
851 
1011 
483 
223 
303 
451 
383 
857 
249 
375 
977 
1022 
843 
992 
358 
273 
844 
1027 
199 
611 
824 
84 
331 
780 
313 
921 
367 
1030 
988 
539 
23 
467 
558 
872 
123 
105 
191 
905 
216 
935 
978 
77 
679 
369 
608 
782 
88 
545 
1032 
61 
174 
692 
49 
828 
1052 
500 
407 
13 
370 
735 
1060 
624 
911 
311 
20 
372 
741 
891 
67 
588 
563 
1058 
234 
424 
46 
87 
1009 
492 
340 
478 
817 
801 
542 
847 
351 
186 
472 
674 
757 
201 
823 
892 
975 
668 
765 
408 
1002 
362 
462 
587 
925 
53 
280 
1061 
298 
758 
969 
363 
388 
210 
816 
686 
109 
950 
116 
232 
543 
366 
639 
714 
848 
31 
15 
133 
334 
128 
148 
60 
796 
842 
744 
409 
753 
506 
684 
176 
221 
703 
83 
429 
481 
126 
157 
648 
700 
342 
389 
127 
277 
553 
398 
5 
1004 
24 
244 
521 
862 
302 
590 
219 
787 
484 
68 
271 
29 
671 
654 
770 
132 
288 
1053 
439 
485 
1008 
917 
470 
661 
218 
154 
172 
343 
675 
980 
65 
318 
819 
761 
435 
79 
832 
908 
144 
858 
949 
870 
981 
871 
255 
764 
1041 
111 
551 
526 
1000 
903 
134 
595 
581 
894 
947 
190 
732 
786 
283 
536 
352 
336 
738 
239 
460 
942 
281 
501 
527 
565 
1057 
17 
690 
876 
912 
179 
437 
423 
909 
510 
716 
447 
733 
902 
707 
922 
96 
651 
751 
856 
768 
693 
709 
967 
161 
906 
512 
826 
519 
635 
575 
797 
81 
402 
421 
535 
531 
928 
204 
488 
392 
153 
652 
341 
987 
1014 
676 
586 
877 
496 
994 
721 
926 
1024 
845 
1025 
890 
895 
69 
600 
923 
983 
189 
70 
253 
444 
591 
425 
511 
0 
26 
416 
252 
78 
580 
898 
236 
169 
35 
475 
788 
1033 
487 
213 
866 
208 
815 
667 
346 
131 
1051 
297 
1003 
440 
663 
261 
385 
1056 
328 
678 
312 
220 
614 
397 
719 
809 
604 
515 
446 
245 
286 
39 
178 
555 
1039 
621 
168 
457 
62 
445 
147 
417 
976 
162 
577 
338 
382 
243 
250 
1037 
114 
728 
482 
804 
931 
164 
368 
384 
968 
970 
194 
729 
276 
660 
878 
534 
1035 
557 
570 
659 
187 
564 
359 
541 
305 
175 
332 
493 
781 
864 
1019 
322 
364 
471 
73 
101 
238 
791 
98 
930 
756 
961 
559 
432 
80 
638 
240 
513 
602 
884 
882 
404 
337 
537 
841 
959 
546 
771 
223 
886 
1034 
206 
202 
264 
772 
37 
41 
59 
665 
579 
282 
52 
38 
458 
102 
122 
995 
943 
505 
573 
694 
373 
888 
711 
97 
8 
54 
798 
393 
568 
547 
835 
645 
225 
899 
381 
755 
1043 
326 
880 
149 
853 
576 
971 
121 
795 
100 
954 
321 
1047 
256 
1046 
237 
617 
610 
7 
92 
900 
687 
904 
776 
958 
233 
93 
135 
822 
936 
518 
731 
1 
630 
420 
489 
883 
1031 
269 
524 
390 
720 
142 
300 
656 
455 
173 
975 
167 
222 
644 
207 
1059 
267 
6 
463 
1029 
27 
963 
453 
401 
374 
291 
141 
838 
450 
105 
285 
334 
1013 
181 
715 
641 
278 
454 
821 
544 
695 
893 
583 
319 
301 
914 
627 
1045 
198 
533 
837 
982 
411 
1017 
929 
33 
358 
479 
887 
607 
163 
272 
335 
805 
110 
434 
14 
431 
477 
924 
712 
32 
734 
938 
957 
697 
624 
626 
343 
682 
762 
459 
464 
119 
273 
784 
550 
966 
814 
1021 
901 
799 
247 
1015 
302 
803 
184 
944 
634 
675 
371 
230 
767 
986 
177 
469 
763 
57 
9 
248 
1054 
257 
578 
637 
779 
850 
124 
749 
182 
398 
491 
702 
937 
1061 
226 
572 
136 
955 
361 
120 
318 
441 
989 
783 
1012 
227 
1002 
299 
118 
391 
410 
329 
296 
974 
486 
757 
962 
19 
461 
325 
96 
998 
62 
251 
255 
47 
24 
480 
584 
861 
171 
353 
567 
1023 
718 
279 
750 
287 
231 
657 
140 
597 
156 
589 
908 
123 
43 
528 
1038 
692 
376 
90 
830 
977 
737 
543 
48 
352 
666 
125 
317 
671 
386 
603 
520 
582 
254 
199 
265 
1055 
49 
745 
1018 
117 
994 
456 
827 
926 
176 
580 
773 
175 
825 
839 
387 
698 
78 
823 
703 
758 
972 
433 
196 
429 
854 
932 
874 
956 
197 
967 
585 
716 
759 
204 
484 
700 
1016 
857 
426 
375 
810 
436 
973 
46 
427 
365 
721 
521 
148 
905 
394 
709 
761 
298 
566 
710 
490 
670 
277 
818 
159 
478 
622 
688 
354 
53 
428 
542 
179 
595 
735 
746 
509 
31 
304 
569 
979 
187 
832 
26 
465 
404 
3 
221 
514 
571 
987 
351 
927 
50 
347 
878 
115 
871 
939 
440 
632 
64 
143 
506 
414 
342 
846 
751 
113 
281 
320 
579 
794 
500 
642 
616 
753 
200 
738 
552 
525 
601 
690 
1053 
701 
526 
797 
918 
942 
385 
991 
933 
219 
295 
315 
512 
590 
740 
476 
848 
719 
25 
811 
819 
109 
608 
545 
45 
948 
75 
592 
828 
333 
504 
235 
1050 
139 
464 
600 
820 
1036 
963 
16 
422 
930 
686 
245 
996 
664 
1007 
706 
741 
70 
228 
993 
447 
855 
743 
262 
107 
292 
906 
1041 
76 
150 
815 
1028 
349 
611 
439 
587 
864 
538 
836 
236 
311 
74 
947 
157 
920 
852 
473 
765 
151 
293 
1001 
289 
162 
858 
379 
661 
1008 
804 
904 
599 
389 
788 
449 
369 
555 
102 
267 
875 
636 
366 
4 
421 
167 
699 
383 
312 
658 
678 
393 
418 
1026 
68 
415 
487 
396 
33 
869 
728 
193 
149 
651 
554 
593 
674 
882 
198 
752 
35 
1049 
867 
747 
339 
522 
305 
309 
1060 
708 
22 
154 
280 
999 
99 
749 
924 
931 
77 
420 
244 
667 
413 
748 
66 
381 
104 
581 
216 
168 
253 
617 
377 
730 
229 
392 
685 
321 
91 
103 
158 
565 
872 
94 
12 
134 
660 
518 
568 
137 
1029 
42 
528 
560 
650 
471 
782 
862 
147 
1032 
910 
51 
625 
792 
378 
164 
564 
724 
586 
268 
290 
373 
960 
535 
222 
397 
868 
985 
921 
643 
451 
284 
177 
495 
591 
155 
481 
116 
258 
781 
331 
0 
806 
946 
462 
826 
557 
697 
180 
577 
776 
876 
152 
217 
318 
505 
887 
547 
649 
182 
796 
640 
334 
536 
330 
233 
620 
623 
790 
314 
720 
614 
259 
122 
6 
596 
56 
264 
893 
744 
207 
723 
65 
516 
443 
249 
513 
288 
786 
915 
575 
1013 
15 
523 
353 
880 
990 
812 
299 
835 
328 
668 
799 
260 
126 
327 
367 
400 
510 
764 
1009 
255 
956 
958 
176 
211 
133 
628 
308 
539 
573 
44 
344 
112 
387 
474 
793 
55 
941 
693 
340 
1061 
909 
911 
953 
194 
138 
726 
894 
675 
209 
679 
840 
507 
432 
936 
615 
1058 
14 
754 
692 
1014 
113 
574 
335 
427 
546 
71 
341 
274 
90 
423 
319 
563 
1044 
951 
173 
170 
957 
634 
562 
619 
927 
845 
496 
566 
727 
1015 
282 
919 
973 
192 
970 
1054 
165 
482 
105 
673 
917 
739 
827 
276 
646 
805 
26 
687 
129 
711 
842 
156 
770 
899 
834 
166 
905 
551 
907 
722 
185 
843 
833 
533 
789 
371 
5 
1019 
60 
135 
100 
665 
680 
271 
468 
981 
442 
301 
136 
810 
81 
461 
656 
998 
269 
494 
1011 
374 
710 
540 
966 
550 
465 
454 
30 
434 
218 
778 
696 
183 
140 
375 
758 
969 
1053 
300 
695 
900 
659 
829 
988 
622 
1024 
446 
606 
849 
406 
480 
131 
735 
61 
607 
925 
189 
503 
821 
346 
492 
82 
239 
313 
548 
223 
682 
684 
247 
163 
965 
714 
531 
648 
691 
624 
700 
756 
897 
33 
38 
39 
386 
976 
187 
761 
777 
920 
267 
718 
750 
983 
1059 
456 
886 
802 
1030 
172 
121 
980 
485 
464 
1033 
629 
200 
847 
49 
775 
576 
644 
478 
1018 
79 
555 
1037 
844 
1050 
364 
34 
884 
779 
767 
961 
203 
928 
385 
41 
524 
846 
947 
525 
97 
997 
514 
89 
455 
655 
279 
390 
800 
59 
732 
890 
199 
457 
520 
338 
896 
148 
263 
470 
232 
354 
795 
317 
578 
745 
878 
706 
92 
369 
431 
119 
670 
908 
534 
602 
967 
224 
323 
657 
324 
348 
251 
261 
440 
783 
237 
809 
498 
867 
948 
642 
785 
188 
838 
918 
1049 
906 
63 
123 
351 
561 
438 
1025 
637 
837 
926 
345 
995 
1043 
803 
512 
935 
196 
824 
581 
664 
823 
93 
174 
383 
445 
879 
444 
584 
519 
694 
449 
631 
861 
903 
463 
817 
740 
325 
7 
588 
517 
316 
904 
1056 
179 
725 
109 
704 
0 
408 
416 
612 
721 
1006 
98 
709 
597 
791 
671 
1036 
604 
339 
699 
241 
355 
609 
933 
289 
212 
863 
592 
757 
171 
306 
769 
638 
78 
705 
181 
201 
256 
297 
452 
715 
860 
855 
489 
804 
1055 
774 
975 
117 
773 
762 
1022 
633 
1045 
952 
728 
993 
404 
942 
743 
397 
62 
359 
613 
661 
875 
329 
221 
674 
922 
57 
128 
178 
1000 
248 
635 
877 
193 
1016 
807 
509 
214 
426 
1003 
1029 
77 
177 
593 
685 
157 
303 
640 
56 
197 
557 
567 
409 
231 
991 
815 
986 
999 
669 
225 
768 
765 
484 
234 
822 
857 
114 
67 
236 
1020 
358 
458 
526 
46 
398 
243 
294 
836 
759 
24 
277 
99 
978 
168 
228 
723 
591 
600 
115 
425 
963 
215 
1012 
388 
28 
747 
118 
68 
488 
583 
1023 
238 
701 
328 
145 
502 
717 
278 
210 
290 
110 
931 
587 
883 
72 
943 
258 
594 
543 
35 
994 
483 
500 
898 
125 
245 
242 
21 
601 
676 
729 
143 
167 
945 
447 
880 
912 
778 
984 
780 
244 
295 
506 
216 
154 
340 
29 
545 
75 
955 
536 
467 
630 
869 
84 
367 
626 
273 
733 
996 
473 
964 
302 
462 
1005 
1 
164 
344 
377 
852 
1040 
1007 
176 
141 
305 
361 
974 
270 
342 
382 
304 
828 
910 
753 
741 
916 
985 
1060 
499 
650 
652 
663 
1009 
331 
133 
434 
781 
830 
436 
394 
2 
559 
595 
979 
960 
184 
527 
621 
350 
566 
585 
954 
15 
220 
271 
539 
541 
70 
639 
191 
915 
1051 
535 
1057 
850 
147 
580 
958 
268 
479 
275 
611 
738 
841 
666 
859 
1041 
127 
818 
831 
989 
254 
921 
799 
497 
43 
683 
211 
135 
493 
495 
632 
687 
186 
457 
707 
1028 
202 
286 
137 
320 
924 
951 
27 
187 
586 
851 
826 
647 
282 
542 
1061 
18 
813 
485 
544 
204 
524 
870 
950 
252 
651 
460 
550 
854 
442 
665 
396 
111 
521 
315 
226 
76 
801 
333 
670 
88 
627 
810 
1019 
190 
688 
1058 
139 
175 
266 
862 
235 
149 
413 
895 
261 
454 
9 
764 
337 
464 
87 
296 
808 
119 
771 
335 
422 
716 
776 
64 
103 
724 
169 
392 
6 
237 
927 
702 
1013 
341 
737 
891 
992 
17 
219 
439 
503 
797 
116 
617 
537 
50 
678 
1054 
158 
575 
459 
515 
410 
446 
438 
706 
353 
957 
562 
433 
740 
937 
1042 
448 
372 
629 
34 
929 
599 
653 
932 
246 
788 
469 
619 
13 
198 
901 
284 
887 
71 
222 
715 
710 
739 
55 
368 
490 
547 
183 
1037 
352 
607 
616 
280 
393 
93 
208 
408 
868 
546 
170 
402 
86 
872 
636 
643 
487 
129 
866 
39 
264 
432 
466 
185 
324 
223 
100 
363 
1059 
283 
890 
930 
79 
318 
412 
614 
132 
805 
5 
579 
122 
913 
917 
46 
501 
571 
649 
909 
853 
189 
518 
605 
349 
558 
69 
920 
486 
563 
362 
981 
953 
1017 
91 
400 
893 
348 
319 
329 
911 
250 
51 
232 
155 
381 
714 
56 
281 
3 
150 
480 
684 
445 
936 
762 
504 
814 
138 
732 
752 
360 
131 
19 
345 
366 
570 
203 
748 
395 
217 
240 
419 
492 
1031 
783 
1043 
163 
205 
389 
787 
146 
941 
553 
49 
253 
549 
876 
598 
949 
631 
520 
1015 
136 
262 
435 
749 
8 
846 
997 
713 
661 
610 
785 
933 
342 
800 
326 
796 
556 
291 
443 
1014 
37 
761 
44 
770 
925 
265 
694 
468 
144 
178 
994 
313 
899 
81 
357 
74 
843 
760 
573 
827 
864 
736 
742 
849 
120 
763 
307 
777 
292 
697 
988 
513 
418 
496 
447 
151 
944 
140 
532 
660 
206 
359 
10 
196 
640 
1048 
754 
121 
227 
942 
384 
38 
428 
568 
807 
403 
22 
128 
444 
346 
33 
725 
407 
1011 
327 
1026 
57 
604 
290 
516 
441 
531 
565 
718 
888 
276 
934 
837 
603 
935 
165 
970 
180 
260 
530 
207 
491 
968 
983 
514 
659 
873 
287 
231 
160 
674 
928 
1035 
722 
894 
758 
1058 
789 
117 
522 
759 
982 
699 
194 
809 
7 
401 
340 
844 
310 
812 
693 
167 
294 
316 
199 
696 
306 
650 
285 
297 
545 
896 
952 
648 
816 
467 
975 
822 
1052 
481 
105 
554 
954 
612 
560 
779 
798 
972 
621 
475 
772 
369 
431 
775 
213 
910 
60 
125 
47 
259 
130 
689 
858 
886 
526 
745 
1046 
390 
580 
581 
99 
320 
996 
589 
339 
354 
356 
123 
215 
971 
218 
1055 
607 
528 
1027 
78 
978 
27 
1003 
124 
519 
840 
585 
855 
806 
965 
1034 
966 
926 
179 
429 
850 
634 
72 
423 
766 
838 
939 
615 
557 
484 
539 
321 
869 
20 
741 
108 
711 
52 
278 
974 
1033 
523 
512 
943 
931 
973 
164 
628 
261 
882 
588 
1039 
184 
440 
335 
803 
245 
166 
987 
746 
618 
655 
999 
743 
332 
358 
32 
77 
793 
647 
828 
587 
730 
1025 
1051 
1016 
517 
883 
118 
566 
430 
301 
304 
109 
296 
494 
856 
600 
847 
676 
993 
1047 
717 
535 
613 
786 
543 
666 
1049 
533 
209 
107 
644 
784 
811 
596 
380 
152 
14 
769 
372 
70 
289 
731 
255 
552 
521 
236 
498 
216 
404 
288 
832 
28 
630 
188 
263 
703 
1032 
424 
1012 
201 
606 
726 
958 
220 
360 
270 
405 
436 
900 
944 
685 
309 
594 
804 
2 
67 
90 
1056 
329 
1057 
326 
96 
485 
13 
500 
756 
137 
162 
854 
1060 
305 
1017 
95 
426 
476 
998 
156 
504 
895 
298 
396 
903 
254 
248 
442 
857 
962 
106 
336 
173 
275 
363 
113 
814 
393 
574 
534 
239 
295 
802 
985 
1030 
1045 
115 
243 
1061 
437 
212 
234 
686 
744 
24 
670 
445 
889 
12 
880 
240 
241 
256 
830 
548 
691 
921 
86 
785 
541 
719 
311 
619 
258 
6 
410 
291 
465 
734 
268 
277 
266 
733 
599 
635 
737 
550 
710 
4 
439 
471 
679 
394 
486 
672 
862 
624 
675 
244 
488 
819 
387 
677 
690 
41 
249 
398 
603 
35 
91 
638 
317 
468 
865 
932 
871 
1024 
546 
642 
9 
674 
790 
87 
658 
110 
100 
447 
420 
684 
224 
30 
908 
961 
279 
355 
402 
912 
374 
392 
723 
127 
149 
527 
740 
1000 
53 
407 
211 
727 
795 
997 
940 
227 
318 
664 
97 
656 
328 
282 
23 
959 
269 
315 
920 
1004 
1019 
453 
735 
351 
359 
371 
760 
577 
774 
906 
605 
417 
251 
538 
306 
322 
1059 
826 
163 
502 
622 
1036 
237 
300 
286 
506 
878 
851 
1048 
314 
813 
597 
1001 
902 
529 
1028 
695 
0 
525 
747 
663 
131 
891 
984 
602 
150 
688 
503 
818 
949 
183 
776 
967 
919 
348 
370 
325 
352 
698 
205 
507 
515 
627 
917 
432 
459 
794 
947 
3 
701 
933 
531 
1054 
490 
678 
167 
474 
608 
287 
1007 
218 
337 
144 
264 
384 
176 
697 
563 
667 
575 
810 
83 
748 
308 
228 
489 
866 
145 
657 
284 
711 
609 
653 
994 
153 
443 
572 
208 
761 
893 
1026 
956 
1002 
487 
957 
886 
842 
38 
39 
873 
585 
669 
639 
1005 
334 
509 
313 
1011 
169 
995 
1015 
203 
223 
963 
76 
412 
1042 
341 
911 
132 
884 
570 
692 
843 
165 
357 
186 
238 
564 
611 
230 
59 
547 
200 
860 
1018 
782 
789 
1052 
344 
579 
805 
63 
633 
721 
836 
273 
977 
831 
890 
637 
448 
475 
755 
929 
114 
43 
89 
386 
441 
951 
365 
193 
425 
537 
927 
58 
182 
848 
335 
524 
231 
80 
662 
1031 
976 
707 
280 
294 
532 
745 
643 
207 
888 
1046 
111 
948 
190 
416 
668 
989 
219 
1035 
419 
673 
905 
278 
750 
845 
45 
463 
829 
450 
142 
415 
26 
40 
881 
1058 
705 
411 
641 
945 
297 
483 
916 
367 
592 
25 
369 
99 
37 
155 
109 
558 
21 
168 
630 
152 
556 
73 
824 
36 
197 
742 
655 
495 
952 
798 
620 
797 
206 
904 
714 
172 
825 
321 
649 
581 
632 
806 
683 
202 
33 
573 
812 
1043 
217 
368 
762 
971 
124 
887 
975 
66 
242 
119 
809 
554 
582 
996 
601 
34 
177 
460 
578 
596 
466 
67 
353 
75 
320 
435 
406 
568 
497 
676 
708 
874 
472 
732 
1010 
863 
1013 
598 
625 
452 
864 
316 
102 
544 
631 
913 
784 
492 
431 
646 
777 
716 
140 
815 
652 
93 
146 
400 
910 
433 
518 
838 
751 
290 
47 
213 
437 
787 
706 
276 
926 
480 
766 
691 
69 
106 
979 
696 
1008 
950 
11 
158 
87 
393 
828 
992 
754 
112 
283 
939 
621 
181 
245 
456 
899 
8 
64 
84 
88 
236 
392 
772 
717 
379 
770 
121 
852 
185 
496 
877 
607 
901 
1029 
867 
571 
523 
764 
429 
339 
17 
651 
254 
191 
542 
519 
993 
819 
477 
461 
930 
179 
694 
56 
14 
157 
565 
162 
421 
941 
903 
991 
71 
1039 
661 
296 
857 
786 
356 
749 
5 
616 
396 
920 
332 
426 
49 
814 
736 
629 
307 
613 
622 
255 
859 
277 
85 
767 
151 
822 
1056 
955 
138 
872 
896 
204 
557 
382 
734 
545 
342 
265 
499 
494 
970 
768 
107 
562 
135 
175 
445 
665 
1 
663 
645 
183 
327 
233 
985 
413 
758 
753 
229 
10 
703 
1037 
465 
908 
304 
212 
986 
373 
285 
423 
539 
700 
756 
464 
984 
990 
451 
23 
843 
936 
19 
224 
1053 
101 
511 
961 
586 
303 
378 
473 
108 
638 
427 
818 
612 
1030 
778 
983 
408 
619 
485 
924 
704 
286 
274 
82 
538 
143 
540 
116 
488 
365 
1006 
24 
670 
346 
876 
885 
127 
1016 
522 
574 
805 
311 
424 
684 
709 
199 
555 
150 
319 
995 
559 
1003 
266 
677 
501 
418 
508 
462 
869 
457 
1022 
216 
170 
214 
74 
847 
589 
110 
590 
314 
44 
982 
960 
301 
95 
52 
674 
62 
550 
329 
893 
962 
167 
310 
686 
1051 
55 
871 
1021 
771 
760 
840 
219 
380 
500 
271 
640 
54 
937 
333 
420 
9 
272 
773 
994 
681 
880 
419 
687 
535 
448 
133 
189 
693 
222 
1023 
152 
113 
247 
372 
394 
187 
270 
111 
599 
560 
35 
436 
548 
980 
502 
656 
774 
442 
227 
18 
481 
580 
515 
1033 
300 
458 
935 
530 
628 
946 
439 
954 
251 
658 
174 
221 
267 
788 
390 
884 
409 
1005 
974 
526 
188 
739 
842 
302 
288 
203 
215 
912 
355 
1012 
507 
1034 
281 
608 
630 
894 
988 
57 
245 
671 
855 
790 
679 
521 
712 
904 
248 
701 
173 
978 
275 
149 
528 
923 
80 
239 
921 
126 
553 
588 
202 
956 
478 
158 
570 
802 
600 
683 
725 
490 
39 
6 
862 
403 
666 
338 
207 
633 
801 
1019 
404 
257 
336 
307 
673 
922 
137 
190 
118 
208 
650 
56 
944 
198 
352 
950 
213 
592 
858 
636 
864 
268 
155 
1048 
253 
1013 
241 
593 
1059 
776 
276 
900 
678 
209 
729 
493 
821 
874 
1011 
438 
376 
607 
206 
948 
986 
218 
610 
655 
232 
558 
634 
86 
952 
412 
812 
582 
330 
571 
491 
987 
103 
181 
59 
72 
706 
196 
534 
361 
826 
197 
547 
892 
343 
556 
312 
123 
435 
1029 
792 
886 
902 
632 
963 
136 
692 
109 
177 
646 
879 
965 
537 
939 
543 
1036 
576 
53 
743 
757 
417 
402 
602 
731 
503 
1008 
138 
220 
129 
371 
715 
968 
79 
737 
290 
603 
320 
46 
172 
624 
738 
533 
814 
441 
77 
694 
32 
797 
860 
124 
779 
263 
721 
377 
252 
395 
934 
661 
682 
807 
942 
13 
354 
63 
226 
309 
754 
0 
505 
639 
772 
513 
733 
506 
915 
816 
933 
2 
398 
324 
736 
466 
611 
492 
614 
745 
789 
711 
179 
943 
853 
702 
467 
348 
477 
709 
204 
587 
823 
830 
930 
637 
184 
29 
931 
474 
470 
691 
848 
919 
51 
652 
527 
748 
805 
328 
293 
744 
89 
778 
973 
17 
28 
787 
168 
767 
554 
1057 
514 
552 
185 
317 
81 
367 
5 
236 
87 
4 
351 
358 
747 
995 
1020 
536 
718 
819 
130 
606 
279 
446 
449 
713 
765 
385 
42 
483 
517 
927 
199 
261 
335 
217 
644 
169 
25 
76 
742 
496 
19 
64 
777 
1045 
55 
728 
504 
845 
877 
888 
379 
453 
375 
1028 
195 
991 
182 
445 
618 
799 
360 
415 
105 
751 
838 
475 
347 
710 
262 
811 
254 
1038 
389 
672 
654 
140 
722 
497 
911 
450 
657 
128 
1046 
90 
401 
98 
41 
437 
233 
859 
843 
976 
524 
1040 
135 
782 
193 
832 
71 
1026 
833 
925 
829 
971 
363 
642 
1016 
225 
857 
350 
107 
122 
399 
282 
795 
989 
274 
622 
153 
323 
898 
498 
419 
866 
215 
625 
938 
577 
200 
869 
656 
730 
951 
785 
431 
69 
893 
620 
674 
905 
457 
405 
314 
697 
108 
121 
708 
685 
436 
705 
452 
909 
183 
112 
422 
139 
223 
251 
739 
545 
154 
427 
755 
520 
101 
175 
784 
658 
788 
346 
34 
913 
341 
573 
774 
647 
704 
809 
258 
75 
238 
999 
810 
885 
523 
916 
224 
171 
510 
608 
321 
134 
423 
66 
695 
581 
623 
993 
313 
410 
841 
480 
761 
1000 
455 
565 
966 
292 
396 
861 
904 
1003 
142 
304 
325 
471 
30 
60 
555 
631 
856 
100 
201 
345 
488 
818 
994 
451 
804 
831 
322 
596 
97 
116 
941 
1022 
163 
3 
907 
93 
518 
677 
762 
94 
416 
627 
368 
413 
881 
22 
458 
875 
508 
880 
929 
43 
834 
319 
443 
574 
340 
494 
315 
20 
36 
381 
84 
326 
547 
448 
104 
516 
434 
143 
561 
770 
278 
216 
981 
645 
461 
872 
594 
489 
202 
887 
946 
418 
176 
318 
1021 
775 
525 
540 
256 
975 
49 
798 
8 
473 
502 
58 
486 
643 
357 
1039 
601 
82 
370 
758 
209 
1004 
117 
148 
651 
240 
14 
684 
1017 
541 
593 
505 
52 
39 
613 
152 
310 
550 
689 
35 
150 
858 
928 
836 
531 
696 
607 
9 
253 
897 
114 
792 
433 
88 
580 
249 
957 
1060 
1061 
248 
250 
235 
768 
868 
307 
229 
337 
1006 
267 
563 
156 
968 
160 
397 
853 
4 
378 
950 
1042 
992 
177 
167 
330 
383 
1023 
227 
365 
387 
72 
719 
988 
1055 
85 
896 
972 
208 
567 
1 
638 
271 
386 
878 
79 
714 
230 
18 
495 
629 
438 
1041 
876 
918 
803 
852 
937 
655 
1051 
1014 
301 
244 
735 
519 
681 
827 
883 
234 
179 
479 
935 
1058 
791 
285 
793 
465 
511 
665 
602 
864 
717 
320 
851 
162 
939 
1018 
73 
273 
120 
196 
512 
954 
640 
990 
641 
815 
110 
970 
895 
723 
691 
854 
400 
726 
734 
1054 
587 
894 
118 
671 
166 
272 
535 
605 
351 
1032 
616 
26 
920 
822 
953 
699 
490 
548 
903 
765 
844 
1059 
441 
333 
481 
422 
865 
70 
757 
17 
188 
572 
687 
246 
366 
585 
910 
141 
701 
343 
316 
447 
819 
419 
742 
113 
373 
190 
279 
459 
15 
149 
164 
1033 
888 
485 
921 
943 
952 
297 
924 
653 
599 
47 
302 
936 
500 
1031 
198 
462 
533 
703 
224 
632 
231 
411 
91 
392 
595 
603 
961 
103 
380 
1008 
344 
374 
978 
464 
932 
800 
102 
432 
688 
706 
6 
892 
738 
664 
23 
436 
509 
361 
1046 
24 
219 
1015 
76 
668 
50 
557 
916 
146 
780 
747 
589 
731 
899 
884 
639 
797 
28 
456 
1038 
309 
769 
846 
850 
991 
475 
636 
838 
30 
369 
123 
517 
125 
108 
425 
637 
455 
708 
923 
446 
922 
1034 
137 
947 
702 
1012 
712 
468 
938 
212 
600 
303 
282 
503 
542 
395 
470 
1044 
796 
515 
44 
767 
546 
575 
1002 
299 
48 
560 
22 
202 
129 
683 
615 
471 
226 
656 
835 
180 
569 
874 
729 
237 
32 
506 
13 
996 
325 
121 
68 
482 
955 
170 
619 
673 
95 
514 
693 
480 
720 
775 
1011 
217 
358 
788 
347 
12 
525 
322 
346 
682 
362 
329 
617 
421 
222 
264 
252 
821 
268 
816 
549 
736 
253 
786 
520 
694 
812 
979 
959 
412 
879 
926 
670 
7 
181 
335 
762 
770 
1040 
537 
528 
552 
510 
721 
439 
394 
565 
336 
132 
233 
840 
863 
805 
349 
843 
363 
417 
958 
317 
403 
624 
578 
960 
139 
345 
390 
977 
115 
238 
195 
744 
289 
1013 
114 
489 
686 
265 
538 
81 
828 
779 
46 
692 
661 
745 
262 
342 
281 
915 
465 
698 
523 
27 
354 
126 
965 
160 
914 
823 
1009 
799 
654 
606 
41 
944 
1060 
142 
847 
80 
739 
221 
783 
127 
296 
37 
38 
352 
426 
355 
210 
905 
949 
820 
904 
99 
98 
777 
408 
908 
1019 
78 
204 
674 
429 
662 
161 
271 
754 
192 
225 
612 
999 
635 
1054 
841 
420 
492 
529 
73 
497 
338 
631 
831 
504 
406 
730 
782 
284 
802 
956 
901 
376 
611 
571 
1042 
135 
856 
917 
214 
413 
424 
311 
547 
647 
666 
649 
97 
288 
1053 
848 
206 
761 
166 
857 
709 
768 
448 
735 
530 
102 
367 
505 
20 
579 
1052 
601 
243 
760 
990 
590 
391 
1 
584 
1003 
748 
1045 
218 
269 
763 
239 
759 
276 
1004 
545 
997 
934 
1059 
898 
89 
415 
733 
663 
383 
658 
521 
140 
596 
885 
859 
902 
845 
886 
176 
207 
451 
648 
873 
168 
52 
695 
308 
306 
935 
715 
772 
5 
183 
208 
423 
104 
294 
962 
16 
696 
378 
851 
215 
36 
150 
397 
790 
751 
144 
781 
602 
235 
911 
327 
163 
133 
687 
92 
248 
315 
54 
314 
913 
665 
402 
872 
638 
942 
989 
353 
858 
298 
966 
607 
984 
524 
35 
236 
107 
350 
473 
941 
583 
801 
499 
339 
804 
340 
825 
332 
438 
722 
45 
544 
747 
116 
659 
286 
743 
1007 
742 
372 
1010 
909 
185 
787 
700 
724 
227 
1046 
599 
622 
1021 
219 
1047 
488 
974 
273 
318 
625 
846 
69 
750 
370 
152 
101 
348 
388 
685 
416 
632 
829 
548 
149 
407 
393 
626 
145 
557 
232 
737 
256 
200 
946 
266 
620 
954 
51 
134 
274 
507 
849 
63 
512 
431 
726 
998 
716 
1043 
205 
785 
866 
539 
146 
588 
428 
516 
316 
33 
172 
592 
728 
356 
220 
293 
452 
64 
892 
154 
213 
862 
477 
605 
209 
937 
568 
1061 
229 
77 
508 
621 
948 
194 
705 
319 
462 
291 
375 
17 
478 
868 
433 
882 
84 
435 
684 
398 
484 
670 
1058 
776 
270 
573 
985 
842 
199 
725 
1020 
53 
533 
757 
697 
766 
771 
1005 
704 
814 
736 
895 
55 
981 
189 
228 
304 
515 
554 
806 
749 
427 
861 
187 
526 
483 
719 
540 
1055 
734 
124 
56 
404 
968 
125 
138 
430 
628 
893 
244 
141 
610 
936 
967 
62 
130 
930 
457 
808 
983 
646 
277 
519 
894 
644 
9 
741 
769 
449 
933 
593 
940 
982 
1031 
463 
275 
60 
832 
486 
871 
96 
740 
251 
414 
19 
1023 
676 
142 
334 
1033 
242 
337 
30 
158 
174 
765 
795 
520 
556 
604 
869 
445 
434 
803 
43 
1018 
201 
730 
137 
123 
441 
1013 
929 
365 
917 
191 
928 
330 
259 
357 
287 
261 
636 
1016 
170 
480 
442 
66 
258 
341 
1028 
811 
822 
746 
468 
67 
472 
495 
952 
639 
774 
756 
939 
79 
912 
29 
576 
331 
527 
926 
657 
668 
113 
773 
591 
437 
525 
919 
945 
689 
559 
313 
310 
672 
212 
247 
627 
964 
0 
487 
376 
564 
988 
276 
975 
426 
732 
28 
595 
586 
580 
382 
400 
419 
343 
68 
359 
363 
399 
401 
317 
159 
569 
190 
272 
288 
178 
73 
193 
15 
496 
565 
103 
927 
514 
523 
135 
182 
409 
14 
606 
600 
587 
412 
731 
1036 
162 
418 
562 
177 
645 
552 
585 
362 
121 
764 
458 
509 
986 
126 
91 
111 
980 
368 
545 
74 
641 
197 
369 
819 
840 
127 
307 
37 
40 
461 
836 
1052 
165 
491 
753 
475 
843 
374 
498 
469 
241 
561 
976 
109 
325 
1039 
471 
195 
633 
653 
336 
817 
280 
853 
970 
324 
675 
380 
279 
602 
1024 
818 
760 
59 
791 
812 
377 
384 
87 
252 
389 
1029 
739 
453 
758 
955 
788 
934 
703 
885 
891 
910 
305 
335 
711 
973 
572 
322 
299 
61 
702 
294 
1044 
958 
784 
285 
701 
950 
578 
770 
83 
148 
240 
44 
963 
296 
100 
892 
805 
901 
20 
321 
543 
465 
470 
997 
597 
329 
129 
680 
56 
271 
328 
542 
827 
8 
656 
530 
953 
781 
603 
877 
300 
555 
666 
352 
738 
978 
219 
320 
643 
226 
231 
674 
1060 
446 
349 
799 
925 
167 
961 
309 
253 
455 
649 
169 
1053 
837 
27 
820 
144 
855 
488 
13 
908 
911 
269 
289 
999 
385 
748 
563 
720 
903 
204 
216 
298 
326 
965 
682 
845 
865 
879 
460 
17 
102 
23 
70 
717 
345 
26 
63 
957 
516 
699 
1041 
97 
768 
944 
372 
789 
888 
333 
48 
139 
1011 
1014 
1059 
132 
76 
257 
679 
1061 
638 
651 
754 
793 
932 
971 
439 
464 
202 
571 
375 
546 
823 
532 
833 
601 
71 
708 
142 
154 
616 
730 
531 
969 
394 
474 
825 
118 
120 
33 
860 
211 
1018 
255 
332 
847 
58 
1022 
245 
778 
264 
541 
485 
736 
995 
537 
690 
1015 
69 
665 
693 
1 
388 
631 
293 
297 
323 
149 
798 
499 
881 
1051 
968 
353 
41 
960 
977 
32 
893 
873 
940 
518 
130 
715 
501 
707 
583 
712 
34 
863 
872 
941 
596 
652 
775 
364 
946 
1006 
208 
801 
687 
122 
184 
1057 
700 
777 
55 
77 
538 
229 
339 
65 
448 
221 
344 
721 
619 
741 
749 
923 
933 
623 
318 
331 
743 
534 
386 
215 
14 
735 
750 
767 
1030 
413 
620 
844 
972 
242 
982 
839 
772 
239 
222 
311 
673 
53 
260 
528 
1012 
266 
1032 
906 
46 
178 
936 
10 
524 
45 
9 
1000 
405 
369 
235 
685 
517 
886 
797 
905 
337 
752 
890 
954 
497 
489 
594 
438 
630 
809 
880 
535 
592 
110 
800 
948 
636 
786 
286 
435 
664 
696 
802 
187 
419 
716 
433 
991 
814 
862 
157 
581 
714 
909 
916 
155 
1054 
1045 
440 
526 
173 
919 
884 
117 
143 
637 
291 
868 
756 
176 
502 
238 
301 
593 
1050 
686 
816 
351 
803 
856 
224 
852 
30 
147 
179 
742 
444 
660 
831 
116 
136 
140 
192 
939 
503 
915 
31 
207 
306 
449 
540 
398 
403 
310 
343 
648 
876 
639 
447 
641 
796 
826 
477 
409 
39 
634 
363 
437 
926 
513 
722 
675 
346 
452 
308 
709 
340 
943 
481 
456 
642 
108 
588 
436 
598 
302 
554 
0 
691 
981 
924 
354 
450 
993 
123 
278 
1016 
779 
175 
43 
121 
914 
381 
614 
348 
869 
1003 
196 
723 
938 
569 
49 
15 
104 
523 
985 
268 
390 
874 
1010 
570 
902 
200 
533 
896 
719 
727 
565 
580 
1027 
416 
484 
283 
935 
740 
857 
866 
299 
350 
764 
360 
899 
1007 
949 
561 
606 
3 
782 
662 
29 
442 
13 
1046 
769 
133 
19 
107 
341 
785 
401 
465 
928 
492 
72 
397 
726 
21 
875 
220 
431 
658 
882 
920 
971 
713 
1019 
908 
68 
745 
821 
248 
992 
382 
506 
746 
595 
1034 
250 
988 
78 
141 
374 
828 
22 
667 
811 
312 
790 
787 
654 
466 
629 
228 
959 
274 
414 
754 
24 
608 
962 
671 
771 
1020 
95 
579 
1048 
947 
472 
748 
812 
678 
18 
170 
212 
272 
527 
646 
898 
305 
319 
103 
539 
169 
2 
199 
864 
1026 
246 
572 
33 
509 
765 
261 
379 
164 
326 
689 
819 
861 
90 
912 
404 
66 
1049 
613 
677 
698 
402 
894 
574 
127 
638 
226 
645 
267 
600 
632 
1013 
281 
105 
621 
247 
813 
951 
156 
964 
265 
788 
451 
432 
460 
154 
998 
115 
378 
161 
624 
807 
368 
1031 
1042 
47 
1040 
683 
1023 
391 
38 
227 
832 
27 
255 
596 
757 
330 
711 
510 
763 
277 
921 
986 
770 
556 
741 
498 
768 
1005 
42 
273 
1017 
931 
218 
833 
973 
76 
1056 
910 
23 
54 
293 
236 
1033 
739 
443 
822 
984 
124 
731 
603 
615 
710 
213 
586 
97 
367 
747 
329 
93 
396 
195 
647 
84 
549 
1004 
280 
851 
83 
174 
234 
697 
146 
118 
687 
309 
64 
302 
582 
681 
627 
552 
568 
913 
707 
555 
79 
80 
930 
495 
650 
950 
223 
889 
900 
48 
181 
945 
684 
700 
486 
92 
37 
669 
551 
616 
94 
85 
99 
395 
153 
296 
625 
724 
823 
209 
376 
718 
734 
424 
566 
911 
840 
7 
666 
872 
805 
560 
515 
942 
364 
40 
772 
479 
732 
835 
275 
674 
372 
1001 
612 
597 
457 
854 
180 
590 
214 
304 
208 
337 
9 
113 
957 
817 
922 
287 
452 
852 
993 
32 
798 
524 
362 
14 
1008 
759 
1055 
335 
384 
386 
301 
1059 
122 
178 
96 
198 
716 
132 
101 
535 
558 
799 
664 
933 
428 
471 
426 
352 
974 
1060 
491 
809 
341 
655 
703 
28 
886 
249 
59 
696 
1012 
193 
816 
291 
1039 
543 
415 
887 
374 
936 
521 
1052 
271 
717 
240 
446 
946 
242 
408 
289 
444 
370 
981 
168 
651 
1002 
516 
186 
806 
171 
252 
619 
853 
462 
163 
88 
873 
688 
383 
475 
637 
144 
530 
754 
676 
977 
312 
1011 
260 
628 
134 
825 
126 
699 
902 
203 
906 
708 
73 
119 
177 
229 
429 
578 
463 
706 
449 
192 
117 
602 
1046 
343 
794 
826 
927 
695 
1014 
232 
210 
644 
804 
880 
1022 
940 
520 
65 
599 
845 
562 
786 
389 
919 
441 
375 
399 
354 
414 
507 
331 
406 
893 
892 
62 
458 
918 
980 
111 
241 
49 
976 
325 
767 
858 
659 
1048 
611 
753 
971 
89 
926 
155 
481 
702 
653 
774 
1038 
679 
112 
427 
884 
829 
371 
979 
1006 
924 
584 
17 
801 
1035 
730 
727 
879 
954 
308 
573 
756 
802 
1003 
450 
1053 
228 
601 
436 
238 
266 
340 
167 
1037 
631 
106 
324 
359 
487 
490 
585 
623 
207 
1051 
191 
202 
347 
995 
546 
939 
348 
1015 
744 
420 
959 
618 
941 
634 
654 
662 
268 
468 
149 
565 
789 
864 
33 
290 
775 
1044 
276 
448 
663 
274 
501 
503 
914 
581 
821 
188 
569 
797 
20 
785 
715 
307 
967 
978 
557 
258 
639 
68 
393 
145 
907 
18 
285 
183 
908 
123 
297 
791 
197 
43 
190 
672 
849 
769 
813 
219 
691 
725 
613 
435 
286 
358 
459 
476 
522 
989 
652 
398 
451 
808 
948 
929 
985 
552 
157 
983 
495 
890 
944 
440 
866 
346 
762 
21 
288 
533 
165 
222 
439 
517 
587 
931 
445 
131 
669 
999 
538 
912 
26 
176 
970 
656 
243 
423 
442 
109 
282 
31 
874 
270 
318 
736 
50 
842 
899 
1030 
78 
483 
778 
875 
1021 
814 
225 
25 
511 
570 
214 
455 
105 
668 
751 
771 
473 
591 
872 
885 
1027 
369 
645 
179 
905 
80 
529 
194 
425 
973 
1032 
139 
334 
580 
61 
972 
554 
422 
1050 
998 
539 
34 
51 
1025 
512 
322 
328 
547 
917 
138 
409 
411 
247 
1029 
603 
269 
920 
776 
1049 
4 
75 
790 
418 
830 
947 
492 
133 
531 
0 
514 
815 
141 
355 
798 
964 
670 
822 
160 
92 
211 
665 
368 
158 
982 
100 
550 
990 
846 
526 
107 
385 
1061 
549 
678 
889 
480 
683 
795 
844 
185 
895 
787 
963 
315 
474 
259 
871 
142 
213 
72 
253 
640 
69 
114 
130 
834 
820 
891 
23 
215 
690 
984 
220 
561 
647 
314 
712 
800 
57 
224 
934 
975 
414 
472 
635 
181 
417 
682 
467 
252 
551 
306 
513 
720 
782 
301 
342 
482 
70 
196 
711 
881 
674 
833 
156 
42 
638 
534 
1019 
234 
777 
705 
108 
843 
361 
675 
839 
540 
1001 
67 
497 
431 
633 
71 
563 
803 
8 
147 
390 
576 
161 
781 
231 
24 
692 
496 
506 
265 
53 
102 
723 
98 
291 
556 
333 
454 
966 
237 
329 
84 
304 
961 
41 
94 
447 
752 
1026 
897 
937 
502 
837 
949 
1012 
115 
223 
493 
74 
600 
818 
116 
783 
267 
567 
432 
731 
206 
310 
303 
572 
859 
958 
235 
287 
379 
396 
621 
60 
154 
607 
311 
728 
732 
589 
326 
923 
499 
919 
542 
909 
606 
299 
838 
106 
5 
836 
962 
579 
894 
817 
974 
659 
412 
421 
174 
743 
212 
1053 
811 
855 
1000 
128 
831 
938 
76 
745 
302 
701 
164 
119 
685 
66 
766 
1034 
173 
140 
82 
400 
666 
737 
819 
29 
313 
35 
166 
757 
747 
858 
319 
626 
700 
486 
617 
236 
261 
461 
56 
716 
1014 
218 
168 
293 
593 
802 
861 
198 
684 
828 
568 
1004 
182 
244 
850 
391 
238 
726 
812 
162 
349 
508 
714 
434 
883 
169 
221 
560 
126 
936 
992 
353 
957 
620 
86 
320 
657 
463 
437 
910 
991 
951 
250 
703 
857 
868 
619 
946 
523 
6 
159 
416 
294 
55 
520 
598 
332 
95 
453 
950 
698 
630 
673 
841 
686 
341 
7 
45 
272 
541 
826 
309 
484 
649 
452 
2 
73 
586 
927 
929 
1 
651 
710 
765 
754 
487 
699 
867 
758 
978 
135 
793 
217 
610 
163 
848 
199 
280 
680 
664 
571 
226 
746 
469 
208 
694 
719 
120 
413 
357 
9 
144 
722 
295 
988 
742 
896 
419 
524 
995 
351 
460 
971 
980 
335 
739 
49 
863 
136 
902 
4 
85 
46 
993 
408 
755 
58 
602 
30 
146 
345 
773 
1015 
1023 
1041 
1011 
113 
317 
365 
504 
892 
31 
845 
1007 
564 
336 
676 
202 
969 
171 
476 
922 
127 
268 
953 
535 
718 
632 
134 
643 
529 
886 
477 
764 
921 
594 
860 
401 
77 
628 
715 
249 
940 
446 
189 
360 
729 
501 
457 
584 
528 
835 
994 
759 
799 
232 
205 
769 
967 
157 
805 
531 
554 
887 
485 
112 
960 
370 
814 
363 
186 
792 
248 
801 
34 
678 
358 
753 
264 
366 
768 
939 
262 
276 
372 
371 
1010 
546 
656 
924 
435 
933 
750 
770 
22 
117 
816 
507 
63 
257 
1054 
1002 
122 
488 
254 
796 
557 
1056 
952 
596 
915 
681 
425 
442 
216 
323 
393 
882 
375 
876 
338 
893 
32 
111 
545 
150 
521 
808 
533 
583 
260 
744 
1045 
1044 
19 
305 
470 
17 
880 
242 
71 
471 
898 
840 
906 
118 
167 
402 
284 
648 
1018 
12 
727 
928 
51 
878 
618 
228 
736 
337 
830 
668 
874 
1038 
515 
862 
1043 
590 
595 
956 
251 
13 
1024 
730 
870 
1006 
75 
433 
491 
81 
183 
615 
838 
941 
27 
665 
565 
973 
0 
441 
225 
811 
709 
210 
603 
1061 
25 
263 
689 
756 
165 
103 
944 
340 
80 
129 
856 
47 
904 
43 
275 
1032 
782 
26 
559 
44 
270 
791 
84 
1013 
844 
908 
566 
72 
704 
214 
763 
1048 
385 
447 
629 
307 
450 
567 
426 
821 
69 
291 
843 
96 
537 
378 
707 
109 
955 
241 
713 
380 
748 
361 
865 
11 
613 
240 
258 
813 
1020 
246 
538 
917 
942 
999 
3 
175 
52 
59 
475 
304 
444 
548 
855 
798 
101 
373 
653 
879 
455 
810 
283 
106 
321 
344 
1035 
525 
36 
654 
364 
712 
968 
820 
300 
674 
67 
98 
212 
578 
383 
784 
1047 
483 
569 
223 
40 
702 
57 
1039 
790 
143 
445 
881 
203 
265 
777 
459 
462 
544 
1005 
837 
562 
490 
588 
420 
209 
696 
341 
642 
872 
1052 
825 
903 
677 
89 
410 
327 
346 
478 
90 
553 
79 
806 
589 
125 
690 
519 
397 
168 
177 
831 
780 
178 
597 
720 
733 
368 
987 
451 
185 
692 
224 
958 
74 
292 
1055 
324 
29 
359 
854 
509 
650 
7 
65 
100 
432 
592 
1022 
356 
771 
28 
172 
849 
147 
141 
369 
406 
465 
489 
399 
574 
627 
255 
352 
605 
513 
104 
115 
472 
945 
42 
295 
721 
61 
965 
982 
754 
456 
624 
271 
1000 
453 
891 
160 
1060 
923 
331 
885 
916 
161 
166 
301 
547 
912 
133 
220 
333 
222 
635 
436 
990 
890 
779 
930 
884 
152 
282 
606 
138 
601 
429 
585 
48 
193 
706 
198 
206 
573 
95 
256 
10 
130 
139 
996 
267 
390 
350 
927 
734 
934 
55 
1009 
1051 
132 
418 
252 
760 
207 
1004 
430 
389 
294 
572 
693 
334 
666 
92 
190 
311 
494 
395 
296 
431 
233 
194 
1058 
747 
367 
989 
1042 
53 
238 
273 
663 
788 
412 
93 
925 
577 
158 
631 
1029 
732 
179 
697 
974 
1033 
610 
381 
464 
1014 
853 
522 
480 
883 
354 
243 
871 
427 
60 
995 
259 
302 
991 
807 
897 
764 
935 
1021 
913 
362 
722 
949 
463 
981 
523 
568 
673 
986 
486 
909 
626 
49 
379 
836 
35 
227 
110 
330 
382 
543 
822 
859 
579 
481 
636 
623 
421 
309 
563 
1026 
468 
439 
234 
979 
857 
745 
187 
608 
752 
914 
502 
861 
51 
609 
894 
131 
711 
315 
388 
869 
423 
181 
1040 
964 
571 
920 
8 
149 
290 
261 
484 
757 
591 
625 
487 
924 
973 
602 
1059 
229 
969 
921 
123 
685 
616 
992 
530 
864 
140 
671 
710 
759 
517 
45 
511 
1038 
1041 
839 
957 
1027 
539 
558 
687 
208 
5 
82 
163 
349 
500 
842 
882 
717 
1019 
1023 
534 
17 
409 
151 
498 
221 
510 
640 
975 
169 
297 
851 
1036 
326 
508 
497 
723 
70 
266 
668 
1015 
695 
876 
550 
661 
148 
778 
189 
440 
904 
164 
966 
269 
959 
725 
922 
740 
197 
599 
1034 
953 
280 
117 
135 
877 
316 
6 
946 
325 
1061 
202 
288 
561 
1044 
848 
232 
938 
348 
366 
758 
555 
120 
358 
911 
88 
978 
789 
43 
63 
499 
841 
482 
773 
526 
736 
174 
590 
33 
814 
407 
870 
3 
200 
424 
24 
314 
2 
749 
674 
735 
18 
777 
340 
365 
796 
231 
46 
600 
417 
896 
105 
150 
875 
902 
751 
9 
107 
918 
587 
1017 
363 
20 
643 
928 
12 
13 
787 
170 
216 
726 
450 
493 
544 
548 
113 
376 
724 
960 
109 
394 
250 
775 
85 
898 
313 
52 
617 
347 
598 
620 
939 
962 
470 
714 
459 
1045 
38 
184 
337 
675 
691 
919 
121 
840 
162 
581 
342 
776 
188 
293 
392 
567 
865 
383 
1037 
154 
984 
319 
344 
947 
795 
124 
537 
369 
603 
176 
26 
669 
586 
797 
452 
541 
791 
652 
682 
1057 
786 
153 
239 
531 
713 
1001 
611 
527 
570 
744 
398 
226 
54 
281 
976 
727 
263 
850 
167 
455 
445 
291 
606 
535 
446 
141 
201 
983 
374 
289 
444 
994 
318 
172 
465 
892 
1029 
670 
767 
655 
731 
738 
279 
419 
64 
339 
321 
862 
19 
155 
889 
218 
332 
701 
676 
1002 
402 
516 
897 
699 
103 
667 
322 
156 
763 
95 
802 
122 
578 
856 
469 
523 
746 
179 
320 
255 
80 
61 
0 
783 
728 
31 
87 
622 
639 
81 
236 
893 
607 
56 
515 
308 
34 
688 
678 
664 
283 
950 
437 
987 
30 
844 
420 
458 
513 
536 
55 
729 
32 
462 
1 
1025 
101 
528 
118 
331 
1007 
333 
454 
416 
343 
435 
187 
846 
1030 
1009 
1054 
774 
212 
496 
940 
1050 
719 
869 
180 
779 
196 
380 
270 
267 
93 
618 
112 
312 
799 
69 
961 
29 
881 
191 
894 
507 
268 
100 
514 
556 
589 
789 
59 
930 
460 
133 
134 
519 
806 
965 
68 
14 
971 
1042 
429 
292 
395 
899 
49 
1013 
370 
864 
628 
475 
21 
1032 
982 
1006 
580 
47 
224 
697 
410 
656 
818 
396 
479 
730 
278 
522 
274 
401 
137 
518 
375 
557 
426 
521 
565 
710 
336 
481 
123 
820 
76 
352 
98 
715 
827 
908 
1031 
716 
175 
219 
668 
356 
114 
238 
367 
1035 
657 
195 
247 
266 
354 
260 
742 
442 
886 
909 
895 
390 
830 
858 
887 
287 
139 
949 
253 
627 
659 
689 
721 
327 
917 
427 
972 
1026 
762 
690 
35 
937 
1014 
474 
666 
594 
785 
467 
1000 
251 
880 
583 
584 
803 
852 
256 
839 
65 
178 
823 
431 
127 
300 
709 
979 
372 
562 
968 
334 
102 
198 
512 
569 
384 
907 
1020 
48 
286 
304 
125 
326 
1003 
296 
397 
801 
277 
769 
505 
542 
966 
453 
845 
97 
272 
446 
1004 
4 
788 
915 
306 
608 
243 
941 
705 
291 
152 
630 
904 
734 
373 
658 
782 
861 
902 
382 
857 
520 
131 
422 
952 
533 
615 
241 
111 
264 
859 
832 
136 
393 
946 
700 
1010 
129 
733 
745 
753 
285 
72 
41 
626 
1011 
128 
83 
28 
406 
193 
150 
687 
684 
748 
408 
990 
90 
723 
147 
616 
605 
488 
347 
499 
177 
254 
878 
358 
464 
555 
884 
142 
539 
970 
592 
310 
646 
984 
989 
38 
833 
436 
517 
545 
681 
575 
348 
879 
148 
377 
936 
229 
591 
105 
250 
448 
489 
980 
667 
924 
768 
151 
165 
166 
532 
329 
235 
476 
421 
240 
269 
503 
9 
623 
633 
847 
106 
232 
257 
404 
222 
1018 
80 
1019 
652 
335 
115 
511 
581 
679 
265 
703 
603 
718 
951 
624 
698 
843 
691 
813 
883 
20 
214 
812 
1017 
388 
981 
928 
161 
871 
599 
223 
445 
553 
281 
903 
46 
969 
692 
922 
168 
39 
53 
179 
26 
86 
699 
896 
171 
452 
751 
973 
674 
752 
714 
33 
758 
42 
176 
662 
317 
853 
331 
118 
141 
385 
754 
299 
244 
558 
854 
725 
767 
964 
621 
79 
107 
376 
321 
1021 
363 
497 
472 
1039 
206 
318 
341 
834 
958 
424 
524 
925 
842 
588 
923 
888 
776 
1034 
947 
153 
409 
504 
99 
418 
914 
617 
162 
226 
577 
944 
1005 
593 
425 
882 
78 
526 
607 
757 
810 
173 
597 
835 
559 
1033 
74 
203 
82 
109 
675 
1054 
921 
475 
441 
349 
849 
509 
756 
735 
584 
669 
786 
267 
459 
1050 
305 
866 
635 
502 
540 
991 
295 
290 
456 
428 
808 
208 
794 
546 
650 
620 
716 
822 
965 
537 
124 
438 
30 
519 
749 
233 
552 
673 
826 
1016 
63 
242 
447 
12 
547 
949 
298 
209 
568 
320 
894 
117 
978 
158 
576 
220 
77 
948 
412 
929 
19 
797 
40 
570 
629 
1061 
837 
365 
192 
455 
419 
571 
796 
73 
155 
126 
595 
848 
21 
211 
1048 
544 
398 
683 
640 
933 
323 
889 
1009 
722 
1044 
405 
104 
437 
139 
613 
450 
201 
219 
510 
930 
213 
498 
664 
149 
282 
210 
485 
531 
84 
50 
855 
932 
1008 
36 
1 
62 
566 
611 
34 
204 
500 
636 
1006 
426 
157 
688 
918 
309 
791 
396 
957 
443 
831 
543 
351 
167 
352 
487 
684 
814 
271 
771 
303 
632 
773 
227 
1053 
507 
234 
163 
880 
466 
255 
534 
761 
389 
5 
579 
130 
638 
307 
1013 
231 
809 
366 
1007 
113 
413 
594 
196 
660 
900 
1060 
598 
939 
1030 
582 
100 
89 
294 
496 
182 
560 
146 
639 
907 
966 
956 
941 
427 
656 
311 
953 
333 
528 
841 
132 
470 
35 
95 
421 
562 
985 
1058 
491 
990 
356 
967 
612 
619 
90 
527 
24 
778 
172 
578 
712 
54 
479 
137 
96 
615 
252 
732 
16 
696 
55 
338 
637 
860 
138 
480 
685 
766 
828 
392 
653 
780 
394 
975 
343 
663 
792 
432 
152 
407 
52 
266 
785 
364 
415 
870 
936 
170 
720 
123 
586 
517 
493 
357 
764 
523 
655 
236 
976 
687 
730 
199 
306 
644 
815 
67 
589 
934 
262 
83 
539 
563 
609 
811 
13 
873 
187 
174 
249 
373 
212 
23 
387 
346 
308 
239 
676 
120 
286 
471 
765 
721 
395 
156 
91 
312 
128 
58 
856 
585 
952 
1003 
869 
898 
695 
950 
724 
1051 
680 
865 
275 
567 
943 
529 
140 
1056 
630 
313 
18 
690 
17 
1012 
783 
26 
994 
891 
141 
354 
968 
1036 
643 
876 
694 
711 
998 
911 
276 
1023 
753 
464 
1027 
574 
618 
790 
1035 
159 
573 
301 
190 
652 
912 
316 
541 
497 
670 
981 
1043 
47 
710 
302 
750 
202 
93 
14 
530 
647 
463 
162 
420 
501 
339 
43 
131 
279 
596 
913 
304 
154 
449 
1020 
606 
362 
1004 
121 
726 
672 
32 
283 
287 
160 
342 
416 
945 
774 
217 
954 
715 
25 
106 
742 
917 
441 
518 
741 
775 
359 
558 
1001 
746 
56 
193 
704 
853 
706 
605 
108 
849 
384 
431 
194 
297 
801 
553 
651 
992 
133 
285 
1018 
844 
289 
444 
603 
337 
393 
1045 
842 
980 
951 
71 
837 
3 
97 
378 
748 
751 
274 
550 
601 
329 
134 
654 
927 
126 
29 
597 
445 
833 
649 
937 
1000 
11 
79 
127 
641 
70 
719 
330 
1022 
87 
845 
53 
185 
851 
592 
103 
260 
207 
265 
1061 
291 
328 
516 
727 
836 
238 
1011 
757 
978 
221 
725 
838 
195 
667 
789 
893 
296 
692 
807 
484 
1019 
850 
872 
788 
800 
353 
878 
74 
622 
348 
272 
925 
381 
580 
686 
997 
175 
701 
424 
620 
411 
478 
561 
914 
292 
779 
999 
153 
440 
745 
489 
508 
186 
206 
163 
372 
814 
762 
20 
363 
894 
847 
98 
830 
251 
503 
979 
465 
568 
36 
916 
1049 
492 
899 
30 
293 
973 
1016 
22 
521 
369 
903 
167 
645 
370 
646 
764 
358 
1028 
824 
699 
771 
39 
708 
149 
0 
334 
69 
4 
1046 
611 
537 
169 
477 
717 
569 
868 
901 
1057 
579 
1054 
832 
9 
385 
1006 
110 
59 
984 
564 
5 
16 
161 
520 
184 
495 
700 
566 
572 
754 
920 
494 
963 
752 
1031 
82 
486 
738 
66 
197 
8 
729 
439 
201 
935 
1052 
451 
1009 
229 
299 
406 
144 
575 
588 
237 
1 
758 
889 
211 
526 
918 
322 
723 
1060 
247 
165 
892 
974 
181 
432 
674 
1047 
403 
41 
335 
930 
376 
273 
306 
2 
829 
377 
778 
983 
781 
722 
396 
733 
631 
158 
693 
969 
31 
76 
960 
955 
534 
634 
932 
669 
910 
967 
44 
665 
255 
142 
417 
886 
659 
990 
324 
796 
1038 
957 
200 
371 
522 
57 
513 
802 
819 
825 
713 
743 
848 
166 
168 
311 
459 
436 
1029 
180 
231 
697 
650 
383 
576 
786 
1042 
971 
883 
139 
905 
423 
874 
772 
933 
598 
949 
586 
661 
173 
835 
915 
705 
636 
839 
900 
584 
995 
214 
570 
310 
535 
332 
474 
481 
858 
18 
101 
189 
637 
1026 
515 
84 
525 
40 
408 
405 
1013 
349 
132 
617 
970 
560 
761 
809 
923 
956 
793 
635 
450 
739 
763 
326 
943 
587 
707 
49 
375 
222 
1017 
840 
931 
429 
243 
658 
524 
531 
590 
1015 
55 
253 
902 
964 
409 
822 
62 
921 
68 
344 
600 
94 
397 
965 
589 
787 
1059 
988 
135 
544 
744 
125 
226 
75 
676 
660 
919 
258 
479 
254 
288 
726 
313 
673 
784 
1050 
507 
808 
612 
854 
300 
509 
773 
152 
823 
182 
491 
896 
245 
86 
613 
691 
112 
295 
871 
928 
457 
718 
638 
314 
1058 
271 
873 
447 
547 
216 
433 
618 
855 
301 
670 
116 
583 
428 
929 
52 
105 
926 
131 
351 
239 
783 
912 
228 
199 
756 
215 
1000 
232 
145 
72 
14 
523 
150 
532 
798 
845 
77 
339 
298 
811 
671 
621 
663 
204 
63 
582 
668 
480 
64 
320 
171 
716 
498 
192 
664 
879 
653 
702 
592 
607 
684 
647 
735 
980 
162 
1055 
323 
527 
350 
934 
100 
129 
224 
834 
341 
893 
895 
283 
619 
178 
303 
448 
1001 
632 
909 
212 
225 
851 
80 
12 
307 
938 
407 
219 
267 
627 
903 
60 
766 
210 
1023 
422 
458 
540 
740 
907 
706 
177 
767 
89 
890 
172 
361 
833 
435 
38 
885 
703 
966 
852 
274 
70 
677 
343 
373 
421 
437 
367 
1025 
1043 
747 
475 
728 
880 
236 
681 
128 
328 
453 
581 
989 
518 
15 
133 
502 
501 
181 
47 
585 
978 
908 
578 
887 
777 
911 
318 
434 
648 
679 
820 
877 
454 
1061 
753 
102 
810 
599 
580 
962 
813 
775 
867 
993 
657 
533 
431 
20 
402 
490 
187 
500 
354 
26 
555 
176 
355 
567 
1024 
1040 
696 
146 
868 
1048 
549 
898 
13 
137 
205 
446 
233 
164 
35 
711 
270 
374 
99 
33 
285 
292 
46 
687 
721 
843 
662 
615 
984 
415 
333 
485 
519 
1030 
1054 
317 
155 
330 
539 
1036 
399 
543 
864 
516 
1037 
209 
315 
634 
780 
4 
941 
442 
202 
221 
750 
21 
154 
424 
293 
771 
28 
902 
359 
445 
521 
528 
932 
1004 
940 
982 
844 
119 
764 
828 
987 
804 
7 
404 
159 
425 
768 
897 
462 
275 
738 
32 
836 
88 
524 
918 
342 
948 
545 
894 
114 
564 
117 
126 
426 
180 
878 
61 
455 
953 
223 
234 
241 
821 
922 
650 
255 
44 
841 
213 
606 
682 
41 
65 
550 
356 
950 
98 
372 
185 
588 
196 
699 
731 
1034 
419 
837 
170 
451 
736 
347 
1044 
82 
486 
390 
788 
109 
1019 
1012 
541 
566 
436 
136 
175 
612 
156 
193 
1051 
730 
860 
666 
220 
329 
794 
1053 
976 
875 
917 
140 
635 
842 
925 
396 
554 
924 
715 
530 
443 
762 
575 
30 
313 
572 
779 
25 
157 
722 
579 
869 
227 
269 
758 
1039 
927 
544 
997 
138 
186 
380 
515 
447 
884 
1060 
439 
282 
472 
642 
376 
558 
847 
345 
510 
562 
935 
294 
542 
942 
36 
314 
513 
892 
85 
653 
737 
296 
371 
667 
178 
904 
565 
859 
719 
712 
10 
151 
134 
791 
179 
1003 
749 
471 
882 
674 
198 
276 
352 
795 
17 
56 
203 
366 
143 
1007 
201 
331 
24 
508 
776 
80 
846 
1028 
291 
339 
705 
774 
819 
183 
683 
386 
427 
218 
618 
216 
536 
708 
169 
850 
889 
69 
408 
266 
340 
430 
197 
491 
416 
281 
916 
986 
83 
362 
337 
626 
440 
856 
672 
743 
299 
781 
120 
406 
39 
573 
74 
817 
943 
357 
644 
697 
686 
807 
803 
872 
899 
505 
617 
308 
517 
369 
392 
477 
561 
1008 
459 
770 
139 
840 
363 
107 
123 
537 
460 
54 
590 
135 
267 
975 
755 
403 
827 
501 
364 
167 
457 
43 
698 
584 
602 
243 
222 
535 
568 
381 
704 
913 
989 
522 
870 
691 
131 
952 
799 
658 
765 
756 
829 
589 
410 
905 
648 
163 
174 
245 
259 
675 
1056 
559 
1048 
694 
733 
144 
414 
483 
68 
970 
914 
962 
766 
563 
468 
933 
649 
724 
792 
760 
893 
801 
165 
813 
1041 
964 
812 
479 
680 
1035 
907 
341 
118 
745 
257 
656 
1022 
34 
519 
547 
915 
772 
826 
895 
527 
600 
645 
438 
96 
383 
990 
702 
994 
20 
815 
701 
862 
235 
305 
236 
514 
874 
919 
319 
881 
998 
488 
261 
1046 
132 
214 
763 
105 
124 
834 
696 
190 
973 
921 
461 
587 
71 
571 
286 
470 
130 
789 
991 
411 
966 
316 
1027 
76 
669 
221 
38 
149 
394 
711 
879 
446 
249 
31 
397 
61 
333 
560 
391 
646 
127 
603 
790 
55 
346 
630 
814 
853 
632 
969 
432 
89 
312 
593 
378 
161 
967 
189 
858 
232 
287 
476 
1005 
51 
274 
102 
936 
172 
177 
289 
370 
873 
277 
906 
431 
980 
845 
627 
852 
1006 
629 
900 
151 
796 
548 
402 
751 
241 
423 
800 
581 
37 
493 
482 
72 
12 
343 
384 
598 
141 
348 
114 
838 
94 
941 
797 
99 
582 
42 
591 
961 
1002 
950 
676 
325 
911 
594 
28 
700 
328 
804 
996 
974 
318 
400 
831 
569 
413 
784 
467 
780 
212 
53 
464 
91 
353 
876 
171 
290 
166 
226 
643 
323 
744 
306 
379 
49 
84 
205 
87 
956 
387 
95 
469 
616 
224 
621 
393 
219 
706 
202 
773 
546 
1044 
631 
97 
661 
657 
655 
809 
930 
901 
486 
474 
270 
720 
613 
138 
1058 
66 
512 
395 
607 
811 
265 
350 
782 
523 
92 
771 
252 
1052 
342 
238 
891 
255 
578 
1025 
327 
109 
863 
529 
557 
857 
147 
949 
1018 
832 
871 
1037 
5 
945 
1004 
157 
453 
898 
170 
606 
625 
58 
418 
955 
374 
248 
979 
682 
9 
77 
324 
351 
988 
609 
200 
1047 
303 
481 
620 
818 
175 
278 
520 
456 
768 
710 
1001 
924 
538 
679 
422 
24 
939 
52 
62 
213 
951 
304 
1026 
79 
639 
4 
65 
187 
494 
592 
585 
73 
382 
434 
822 
926 
1045 
57 
78 
291 
347 
709 
389 
412 
821 
977 
745 
1039 
912 
730 
960 
856 
1043 
920 
181 
478 
15 
125 
1017 
665 
868 
405 
697 
859 
208 
182 
427 
19 
883 
338 
678 
75 
549 
168 
240 
194 
206 
927 
154 
1020 
1042 
942 
795 
300 
1053 
121 
108 
44 
954 
1036 
321 
843 
86 
966 
666 
1013 
928 
750 
82 
275 
191 
659 
835 
534 
369 
855 
545 
515 
220 
1040 
196 
848 
714 
539 
605 
628 
496 
162 
729 
491 
433 
554 
357 
1055 
808 
851 
963 
437 
25 
18 
1010 
380 
335 
317 
810 
524 
46 
155 
610 
992 
508 
641 
439 
1029 
115 
564 
668 
383 
658 
877 
1038 
441 
705 
452 
544 
617 
1049 
163 
982 
776 
577 
34 
934 
381 
516 
119 
293 
48 
74 
120 
326 
483 
890 
736 
320 
180 
98 
349 
787 
878 
315 
503 
722 
698 
997 
462 
695 
563 
753 
435 
283 
225 
1046 
360 
352 
802 
134 
160 
846 
647 
90 
611 
599 
989 
209 
758 
30 
179 
875 
849 
267 
414 
39 
872 
830 
399 
754 
203 
602 
1033 
978 
652 
150 
457 
63 
373 
764 
495 
640 
788 
614 
691 
882 
396 
596 
139 
142 
583 
148 
573 
749 
553 
737 
33 
747 
12 
13 
540 
525 
314 
517 
638 
294 
365 
812 
113 
476 
245 
228 
178 
420 
579 
258 
493 
257 
561 
531 
873 
845 
932 
261 
1003 
69 
35 
551 
337 
781 
654 
748 
344 
68 
581 
968 
885 
67 
572 
886 
235 
943 
852 
680 
547 
590 
915 
356 
959 
394 
765 
703 
965 
616 
552 
981 
301 
527 
309 
727 
497 
887 
64 
760 
216 
297 
76 
575 
726 
794 
193 
929 
43 
370 
463 
276 
384 
694 
899 
112 
696 
333 
998 
999 
699 
60 
268 
1048 
107 
378 
817 
17 
986 
829 
105 
1014 
328 
774 
251 
823 
651 
686 
354 
313 
385 
479 
819 
914 
227 
334 
100 
274 
407 
973 
601 
824 
1019 
50 
523 
500 
662 
664 
645 
542 
70 
580 
471 
144 
598 
339 
685 
189 
438 
455 
330 
362 
401 
167 
730 
746 
979 
126 
894 
1059 
941 
786 
574 
146 
390 
967 
608 
983 
402 
1008 
995 
549 
97 
690 
757 
805 
234 
921 
219 
451 
312 
461 
363 
742 
236 
509 
649 
213 
568 
358 
832 
994 
195 
474 
506 
350 
948 
637 
397 
511 
752 
612 
102 
589 
237 
40 
946 
907 
377 
305 
425 
902 
987 
657 
149 
576 
935 
961 
116 
117 
162 
229 
1054 
504 
1011 
81 
156 
73 
207 
25 
854 
458 
239 
242 
1026 
290 
813 
878 
253 
336 
176 
1060 
460 
217 
892 
404 
770 
222 
917 
826 
1027 
837 
888 
114 
951 
280 
288 
627 
745 
773 
20 
700 
761 
366 
475 
380 
31 
172 
532 
683 
876 
266 
281 
950 
557 
571 
103 
164 
554 
871 
472 
836 
194 
725 
972 
186 
732 
889 
1004 
565 
1044 
323 
405 
368 
341 
719 
78 
466 
125 
319 
991 
388 
938 
38 
974 
529 
1046 
962 
166 
629 
592 
669 
477 
430 
123 
459 
705 
550 
1002 
223 
635 
467 
658 
1023 
262 
792 
909 
911 
437 
661 
691 
246 
277 
316 
498 
626 
514 
138 
704 
310 
436 
784 
63 
716 
707 
809 
672 
1057 
622 
677 
676 
247 
927 
24 
673 
445 
771 
646 
944 
206 
265 
302 
901 
764 
731 
754 
140 
925 
238 
602 
243 
127 
708 
698 
499 
623 
349 
728 
220 
663 
684 
874 
632 
958 
923 
256 
692 
928 
41 
534 
919 
181 
439 
653 
226 
829 
860 
484 
501 
674 
188 
415 
271 
205 
985 
1053 
182 
933 
688 
224 
1024 
62 
1045 
756 
392 
428 
910 
151 
582 
578 
990 
1040 
1022 
33 
37 
594 
214 
147 
449 
980 
468 
148 
790 
395 
488 
483 
1020 
636 
546 
284 
296 
98 
118 
785 
1 
141 
743 
893 
291 
476 
512 
273 
587 
845 
628 
417 
827 
261 
282 
778 
877 
975 
469 
709 
538 
591 
371 
412 
400 
403 
358 
609 
776 
857 
442 
71 
444 
846 
1041 
241 
780 
382 
603 
307 
1019 
93 
952 
18 
913 
142 
847 
831 
401 
767 
257 
577 
197 
822 
420 
957 
768 
335 
494 
179 
202 
866 
343 
84 
294 
1052 
132 
687 
993 
841 
471 
376 
478 
530 
833 
61 
278 
1048 
51 
1061 
547 
165 
329 
851 
52 
856 
94 
365 
34 
7 
133 
92 
9 
106 
318 
1028 
682 
739 
244 
146 
274 
737 
348 
407 
414 
533 
108 
643 
161 
642 
112 
1051 
113 
96 
55 
177 
748 
765 
904 
967 
706 
1038 
178 
648 
680 
438 
383 
799 
921 
233 
429 
583 
1000 
520 
819 
968 
1043 
70 
183 
920 
174 
738 
659 
251 
11 
249 
322 
734 
539 
418 
491 
575 
954 
561 
410 
413 
788 
618 
715 
791 
379 
942 
192 
793 
446 
431 
828 
992 
23 
552 
681 
671 
566 
697 
334 
287 
694 
701 
753 
1018 
416 
289 
1035 
325 
758 
814 
797 
144 
14 
560 
941 
128 
293 
627 
600 
306 
527 
1034 
74 
679 
47 
88 
300 
384 
248 
523 
639 
216 
820 
678 
355 
981 
563 
452 
450 
229 
346 
511 
97 
859 
309 
585 
13 
100 
667 
121 
500 
235 
640 
782 
969 
129 
947 
83 
230 
964 
1047 
122 
269 
304 
544 
299 
982 
763 
683 
721 
44 
166 
1015 
191 
402 
872 
145 
772 
199 
503 
1003 
421 
425 
524 
163 
479 
823 
936 
324 
423 
381 
86 
880 
599 
868 
926 
995 
460 
90 
699 
164 
840 
473 
521 
656 
702 
389 
984 
903 
905 
339 
736 
804 
489 
932 
923 
480 
77 
204 
598 
1029 
613 
54 
76 
155 
569 
592 
651 
940 
485 
960 
757 
168 
350 
949 
435 
620 
770 
750 
518 
775 
39 
263 
805 
927 
319 
432 
103 
836 
958 
209 
45 
19 
996 
315 
664 
63 
349 
970 
589 
848 
22 
655 
198 
29 
347 
934 
285 
914 
888 
593 
490 
889 
120 
254 
526 
741 
815 
459 
149 
937 
114 
159 
890 
357 
796 
869 
752 
380 
1010 
802 
323 
169 
826 
751 
576 
281 
393 
607 
948 
1025 
517 
481 
272 
891 
571 
152 
795 
236 
536 
195 
359 
634 
745 
99 
447 
456 
896 
908 
154 
308 
388 
222 
305 
171 
728 
148 
720 
60 
703 
390 
502 
584 
892 
837 
505 
588 
424 
458 
374 
26 
522 
614 
115 
200 
861 
43 
369 
277 
606 
1023 
800 
630 
608 
172 
945 
1037 
513 
497 
844 
408 
762 
760 
201 
666 
726 
907 
342 
75 
779 
57 
652 
330 
611 
207 
451 
543 
792 
789 
37 
1060 
111 
633 
210 
579 
700 
798 
783 
991 
884 
193 
680 
82 
440 
777 
729 
445 
139 
160 
623 
338 
368 
143 
774 
167 
378 
597 
835 
830 
79 
1057 
194 
816 
976 
555 
559 
506 
839 
870 
454 
838 
808 
986 
223 
719 
649 
356 
718 
637 
153 
564 
871 
525 
28 
256 
185 
455 
0 
259 
616 
1017 
894 
32 
466 
933 
987 
548 
545 
340 
922 
12 
27 
336 
48 
674 
712 
56 
280 
36 
382 
665 
670 
50 
85 
457 
928 
749 
80 
135 
288 
477 
1026 
581 
817 
264 
850 
335 
244 
18 
713 
311 
74 
125 
206 
186 
252 
239 
46 
691 
801 
448 
806 
1027 
985 
131 
406 
1014 
93 
852 
49 
818 
78 
433 
436 
337 
1001 
238 
182 
807 
978 
276 
676 
428 
939 
317 
810 
980 
415 
520 
953 
4 
107 
375 
519 
834 
105 
971 
714 
771 
725 
754 
31 
767 
1031 
898 
253 
329 
1022 
218 
1050 
855 
803 
87 
144 
181 
657 
1043 
364 
979 
462 
961 
972 
641 
21 
842 
539 
567 
157 
397 
484 
234 
628 
1008 
533 
367 
322 
925 
3 
705 
878 
512 
274 
341 
1009 
5 
289 
952 
65 
706 
228 
994 
453 
911 
316 
686 
1049 
293 
461 
365 
231 
372 
203 
662 
993 
291 
787 
96 
572 
646 
917 
394 
1040 
542 
55 
492 
371 
650 
716 
301 
343 
531 
213 
38 
14 
162 
1045 
409 
215 
124 
1053 
179 
401 
104 
901 
33 
430 
121 
963 
759 
187 
69 
227 
781 
603 
568 
677 
574 
1 
740 
882 
919 
784 
563 
1006 
83 
758 
772 
793 
841 
853 
321 
410 
554 
950 
437 
590 
605 
212 
358 
604 
265 
880 
1019 
516 
221 
765 
243 
452 
805 
743 
618 
877 
42 
965 
126 
468 
158 
753 
940 
601 
621 
189 
254 
833 
118 
733 
230 
886 
663 
476 
664 
51 
927 
377 
304 
764 
738 
169 
463 
785 
250 
529 
812 
13 
737 
757 
821 
261 
863 
625 
278 
479 
846 
110 
575 
44 
1034 
361 
709 
421 
995 
698 
469 
199 
174 
645 
383 
959 
1061 
549 
318 
17 
966 
217 
929 
1054 
498 
326 
723 
822 
108 
809 
626 
161 
266 
566 
379 
653 
669 
731 
109 
1039 
242 
232 
862 
442 
192 
864 
954 
742 
434 
905 
992 
52 
72 
64 
553 
71 
41 
956 
120 
405 
973 
113 
392 
366 
355 
843 
804 
679 
715 
1033 
233 
395 
747 
196 
47 
325 
470 
957 
219 
235 
592 
638 
156 
339 
95 
170 
700 
633 
404 
893 
310 
112 
306 
500 
770 
391 
773 
220 
91 
313 
573 
739 
710 
102 
464 
76 
460 
955 
511 
875 
1047 
251 
471 
521 
262 
958 
331 
34 
526 
595 
914 
693 
814 
97 
920 
388 
1042 
440 
1017 
2 
699 
482 
151 
851 
854 
369 
962 
734 
488 
778 
827 
860 
627 
332 
279 
587 
513 
398 
774 
923 
190 
947 
722 
138 
197 
654 
506 
348 
656 
340 
969 
685 
721 
186 
314 
918 
209 
639 
384 
177 
991 
996 
578 
160 
750 
509 
921 
1013 
450 
73 
678 
680 
270 
530 
280 
19 
782 
755 
3 
236 
319 
902 
867 
77 
550 
1038 
976 
252 
24 
53 
570 
89 
381 
652 
599 
287 
856 
971 
426 
567 
600 
799 
790 
283 
556 
815 
675 
297 
324 
45 
133 
518 
777 
637 
1003 
970 
830 
816 
425 
9 
290 
489 
988 
528 
181 
964 
984 
493 
798 
559 
206 
84 
819 
467 
396 
692 
895 
811 
726 
473 
241 
268 
360 
504 
580 
881 
25 
494 
946 
205 
868 
791 
915 
928 
162 
194 
472 
788 
779 
522 
634 
48 
532 
873 
349 
545 
286 
60 
137 
486 
696 
1004 
659 
865 
320 
620 
872 
380 
402 
514 
987 
615 
328 
977 
83 
390 
978 
684 
150 
641 
338 
123 
148 
457 
682 
142 
1022 
424 
644 
222 
611 
564 
182 
356 
732 
204 
371 
427 
543 
594 
354 
505 
751 
539 
613 
510 
323 
370 
200 
401 
579 
762 
1011 
1002 
57 
139 
1030 
167 
175 
195 
46 
155 
589 
990 
527 
677 
874 
904 
576 
972 
63 
114 
67 
866 
147 
612 
771 
334 
602 
431 
465 
980 
299 
621 
802 
307 
593 
141 
823 
62 
68 
986 
931 
164 
503 
673 
863 
350 
630 
129 
871 
577 
1055 
56 
438 
40 
828 
216 
525 
704 
974 
124 
841 
191 
295 
562 
1005 
226 
1037 
449 
643 
952 
246 
1051 
27 
232 
844 
289 
285 
623 
1014 
79 
169 
255 
809 
157 
487 
926 
939 
806 
158 
364 
552 
606 
933 
632 
758 
837 
316 
281 
555 
916 
49 
311 
520 
351 
221 
547 
581 
810 
1052 
244 
712 
478 
842 
839 
808 
953 
484 
691 
985 
193 
363 
713 
202 
546 
718 
907 
16 
749 
212 
1060 
744 
899 
646 
417 
544 
327 
7 
179 
497 
619 
572 
542 
1059 
687 
761 
85 
992 
876 
110 
831 
437 
429 
727 
1036 
228 
942 
29 
345 
786 
284 
724 
80 
950 
135 
249 
501 
583 
519 
674 
492 
728 
260 
861 
315 
368 
797 
235 
54 
303 
134 
633 
106 
0 
253 
461 
626 
688 
122 
737 
796 
1008 
178 
1029 
679 
88 
126 
462 
476 
859 
563 
703 
302 
10 
42 
309 
629 
1043 
614 
709 
765 
948 
775 
305 
1053 
878 
813 
275 
445 
714 
610 
910 
98 
507 
523 
108 
352 
695 
11 
38 
925 
224 
225 
172 
238 
855 
912 
343 
598 
456 
913 
690 
766 
101 
392 
930 
294 
58 
1018 
940 
37 
223 
394 
740 
582 
201 
961 
700 
794 
879 
838 
365 
233 
1035 
754 
989 
372 
908 
112 
339 
759 
173 
321 
312 
604 
50 
185 
681 
934 
22 
33 
757 
495 
666 
1007 
153 
382 
890 
358 
979 
308 
840 
70 
590 
412 
560 
667 
954 
517 
1041 
163 
292 
649 
600 
653 
1025 
701 
883 
367 
661 
82 
32 
467 
574 
957 
671 
901 
266 
676 
881 
818 
852 
254 
1032 
678 
880 
1061 
34 
706 
596 
640 
976 
962 
4 
894 
997 
171 
272 
256 
586 
739 
847 
52 
336 
827 
631 
642 
983 
154 
222 
234 
440 
944 
822 
532 
966 
833 
416 
1049 
473 
669 
937 
197 
377 
568 
94 
265 
137 
142 
199 
335 
374 
118 
793 
892 
898 
229 
276 
362 
304 
41 
785 
917 
469 
906 
1006 
608 
425 
641 
28 
889 
850 
921 
87 
379 
557 
748 
371 
402 
375 
262 
342 
621 
522 
807 
1056 
1015 
180 
474 
592 
617 
684 
717 
409 
151 
341 
65 
245 
347 
395 
558 
496 
559 
468 
464 
875 
537 
1019 
427 
947 
566 
293 
329 
951 
17 
217 
406 
663 
893 
354 
746 
267 
136 
781 
243 
337 
967 
5 
573 
618 
127 
650 
771 
152 
283 
872 
279 
960 
1001 
884 
422 
451 
488 
426 
447 
593 
949 
685 
15 
317 
466 
436 
776 
584 
895 
570 
933 
708 
241 
338 
569 
306 
220 
726 
870 
998 
159 
125 
273 
804 
62 
549 
355 
1016 
454 
657 
116 
344 
817 
607 
886 
862 
512 
270 
326 
419 
742 
428 
36 
330 
387 
1058 
129 
203 
981 
165 
158 
710 
211 
968 
1009 
673 
84 
231 
247 
1000 
92 
166 
170 
128 
812 
100 
750 
161 
359 
460 
18 
216 
768 
324 
493 
936 
239 
836 
455 
978 
26 
612 
929 
885 
81 
698 
1042 
104 
935 
291 
319 
404 
550 
176 
259 
421 
783 
196 
763 
206 
770 
991 
71 
866 
903 
1010 
752 
351 
652 
43 
423 
736 
146 
716 
226 
952 
