0.065100 
0.073800 
0.080600 
0.082300 
0.089300 
0.091800 
0.094700 
0.096200 
0.097700 
0.100000 
0.100700 
0.103900 
0.106000 
0.107400 
0.110400 
0.110500 
0.112300 
0.113600 
0.114800 
0.114900 
0.118700 
0.120700 
0.122100 
0.122100 
0.123400 
0.123900 
0.128700 
0.134200 
0.135600 
0.135900 
0.136700 
0.137900 
0.139000 
0.139500 
0.140100 
0.140200 
0.141800 
0.144600 
0.145600 
0.145800 
0.147300 
0.148100 
0.148100 
0.148800 
0.149900 
0.150900 
0.151200 
0.153200 
0.153500 
0.154100 
0.157900 
0.159200 
0.159900 
0.160000 
0.161600 
0.162600 
0.162600 
0.164400 
0.165300 
0.167400 
0.171200 
0.171300 
0.171400 
0.175600 
0.177900 
0.179600 
0.180800 
0.181100 
0.181600 
0.181800 
0.182200 
0.182800 
0.182900 
0.183300 
0.184500 
0.185500 
0.187300 
0.188200 
0.189600 
0.191200 
0.191600 
0.193000 
0.194000 
0.194400 
0.194700 
0.195400 
0.198400 
0.199400 
0.200000 
0.202300 
0.203500 
0.204900 
0.205800 
0.206400 
0.208300 
0.208600 
0.209600 
0.209700 
0.214000 
0.214400 
0.214700 
0.214900 
0.215400 
0.215900 
0.215900 
0.216800 
0.218900 
0.219100 
0.220500 
0.221800 
0.225600 
0.225900 
0.227300 
0.229200 
0.229500 
0.231700 
0.233800 
0.235200 
0.239400 
0.239400 
0.242100 
0.245100 
0.245100 
0.245700 
0.246500 
0.250300 
0.250900 
0.251200 
0.251300 
0.251300 
0.253000 
0.253600 
0.254700 
0.256400 
0.257900 
0.259700 
0.261000 
0.263800 
0.265300 
0.266600 
0.267700 
0.268600 
0.269500 
0.271700 
0.272200 
0.273700 
0.279500 
0.279500 
0.280400 
0.280700 
0.282200 
0.283000 
0.288000 
0.288500 
0.288500 
0.288900 
0.289700 
0.291400 
0.292600 
0.293600 
0.293900 
0.294000 
0.295000 
0.296200 
0.296800 
0.300500 
0.300700 
0.300900 
0.301000 
0.301200 
0.301800 
0.302500 
0.305300 
0.306500 
0.308000 
0.309300 
0.312000 
0.312700 
0.315000 
0.315200 
0.316200 
0.320200 
0.320400 
0.321400 
0.322100 
0.324600 
0.324600 
0.325400 
0.326000 
0.329200 
0.330800 
0.334900 
0.335100 
0.337600 
0.338200 
0.339100 
0.340600 
0.342200 
0.343400 
0.346900 
0.354100 
0.355300 
0.356000 
0.356200 
0.356500 
0.356500 
0.357100 
0.357400 
0.359300 
0.360000 
0.360700 
0.361200 
0.361600 
0.362400 
0.362800 
0.363400 
0.363900 
0.365900 
0.366700 
0.366900 
0.367000 
0.367300 
0.368200 
0.368700 
0.371300 
0.372200 
0.372300 
0.373600 
0.374000 
0.374600 
0.377600 
0.382600 
0.383900 
0.383900 
0.384100 
0.385800 
0.385900 
0.386500 
0.389200 
0.389500 
0.390600 
0.391100 
0.392700 
0.393300 
0.393900 
0.393900 
0.395800 
0.395800 
0.396200 
0.397100 
0.397100 
0.397900 
0.404100 
0.404200 
0.405800 
0.405900 
0.410000 
0.410100 
0.410200 
0.410900 
0.411400 
0.413100 
0.413300 
0.414000 
0.414100 
0.414800 
0.415400 
0.415800 
0.416100 
0.417000 
0.417000 
0.418300 
0.419000 
0.419000 
0.419300 
0.420800 
0.422300 
0.425100 
0.429500 
0.434800 
0.436100 
0.436400 
0.438100 
0.439900 
0.441400 
0.441500 
0.442400 
0.444100 
0.444300 
0.447000 
0.447100 
0.449600 
0.450000 
0.452400 
0.452700 
0.452800 
0.452900 
0.453200 
0.453300 
0.454000 
0.454400 
0.455300 
0.456000 
0.456100 
0.458100 
0.459500 
0.465200 
0.468000 
0.468100 
0.468800 
0.470500 
0.472600 
0.473300 
0.475600 
0.476600 
0.477000 
0.478900 
0.484000 
0.484300 
0.484300 
0.492200 
0.493900 
0.502300 
0.503200 
0.503900 
0.504600 
0.507700 
0.508100 
0.509300 
0.510100 
0.510900 
0.513000 
0.513400 
0.514100 
0.515400 
0.516100 
0.517100 
0.517900 
0.521500 
0.522100 
0.522200 
0.523100 
0.524200 
0.526100 
0.526700 
0.527900 
0.528400 
0.528800 
0.530500 
0.530900 
0.531100 
0.531100 
0.531600 
0.531600 
0.532400 
0.533100 
0.534300 
0.534800 
0.536000 
0.536400 
0.539000 
0.539000 
0.539500 
0.540100 
0.541200 
0.541600 
0.543200 
0.544000 
0.544300 
0.545300 
0.545900 
0.548700 
0.549200 
0.549600 
0.551000 
0.552100 
0.552400 
0.554400 
0.554600 
0.554900 
0.555200 
0.555400 
0.557100 
0.557500 
0.557900 
0.562400 
0.563400 
0.564300 
0.570000 
0.573200 
0.573200 
0.574600 
0.575300 
0.577100 
0.579400 
0.582000 
0.582100 
0.583200 
0.583300 
0.583400 
0.584900 
0.585500 
0.586500 
0.588400 
0.588500 
0.589000 
0.589200 
0.590700 
0.592000 
0.592000 
0.592400 
0.592700 
0.594000 
0.594600 
0.595500 
0.595900 
0.599300 
0.601000 
0.602100 
0.603600 
0.604700 
0.605900 
0.606100 
0.606300 
0.607300 
0.607800 
0.610600 
0.610900 
0.613200 
0.613700 
0.617200 
0.617400 
0.617800 
0.618300 
0.619000 
0.621900 
0.621900 
0.623300 
0.625200 
0.625700 
0.626100 
0.626100 
0.626400 
0.627200 
0.629700 
0.633800 
0.635000 
0.635100 
0.635200 
0.635400 
0.635600 
0.636200 
0.638600 
0.639500 
0.640100 
0.641700 
0.645700 
0.646900 
0.649400 
0.650500 
0.652100 
0.652300 
0.652700 
0.658500 
0.659800 
0.659900 
0.660900 
0.661500 
0.662100 
0.663200 
0.664000 
0.664300 
0.664600 
0.665700 
0.665800 
0.668700 
0.670800 
0.672400 
0.673100 
0.673500 
0.675100 
0.676400 
0.676500 
0.677600 
0.677700 
0.678600 
0.681600 
0.684000 
0.684400 
0.690500 
0.690600 
0.691000 
0.691500 
0.692900 
0.693200 
0.695000 
0.696700 
0.702100 
0.702400 
0.702500 
0.703600 
0.704200 
0.704700 
0.704700 
0.707700 
0.708800 
0.713000 
0.713100 
0.713200 
0.715700 
0.716900 
0.721700 
0.723600 
0.724600 
0.724700 
0.725300 
0.728600 
0.729800 
0.730000 
0.730900 
0.732100 
0.737300 
0.737400 
0.738100 
0.738600 
0.739200 
0.741300 
0.742500 
0.743600 
0.743800 
0.745100 
0.748900 
0.749200 
0.751600 
0.753200 
0.753300 
0.753900 
0.754100 
0.755800 
0.757200 
0.757700 
0.759400 
0.759600 
0.760000 
0.763600 
0.763600 
0.764400 
0.764600 
0.765200 
0.768300 
0.768600 
0.769700 
0.772000 
0.773700 
0.773900 
0.774000 
0.778000 
0.781000 
0.781600 
0.781900 
0.781900 
0.783100 
0.784300 
0.786100 
0.786400 
0.787300 
0.787500 
0.788900 
0.792100 
0.792200 
0.793000 
0.793900 
0.798700 
0.798900 
0.800300 
0.802900 
0.803800 
0.805500 
0.806300 
0.807700 
0.807800 
0.808700 
0.809700 
0.812400 
0.814900 
0.814900 
0.816400 
0.817900 
0.818600 
0.819900 
0.820400 
0.820800 
0.820900 
0.821200 
0.821500 
0.822500 
0.823000 
0.823900 
0.824200 
0.825400 
0.826200 
0.826800 
0.827200 
0.828200 
0.828600 
0.829400 
0.829900 
0.833400 
0.836500 
0.837700 
0.839800 
0.840500 
0.841600 
0.842300 
0.843900 
0.846100 
0.846100 
0.847200 
0.849700 
0.849800 
0.852400 
0.853500 
0.853700 
0.854400 
0.854800 
0.855800 
0.857700 
0.858200 
0.859500 
0.859700 
0.860200 
0.860700 
0.863000 
0.863800 
0.864400 
0.864600 
0.865700 
0.866400 
0.866800 
0.869700 
0.873300 
0.874600 
0.877600 
0.880200 
0.880800 
0.880900 
0.883600 
0.884800 
0.886200 
0.887200 
0.887700 
0.888400 
0.890100 
0.891200 
0.891700 
0.892000 
0.893300 
0.893500 
0.893700 
0.896800 
0.897600 
0.898500 
0.899100 
0.899100 
0.900400 
0.901800 
0.901800 
0.902700 
0.902700 
0.903900 
0.907000 
0.907400 
0.907800 
0.908200 
0.908700 
0.909400 
0.910400 
0.913700 
0.914400 
0.915100 
0.918500 
0.919400 
0.919500 
0.920100 
0.924400 
0.925600 
0.925800 
0.926300 
0.927600 
0.928200 
0.930200 
0.933100 
0.933500 
0.934000 
0.936400 
0.936700 
0.936800 
0.938300 
0.939300 
0.939400 
0.941600 
0.942100 
0.944100 
0.945700 
0.946800 
0.948400 
0.949500 
0.950400 
0.950400 
0.954600 
0.954900 
0.955900 
0.960500 
0.961600 
0.962600 
0.963800 
0.963900 
0.966700 
0.967700 
0.967800 
0.967900 
0.968900 
0.969100 
0.969200 
0.969500 
0.969800 
0.970000 
0.970900 
0.971600 
0.977000 
0.977300 
0.977900 
0.978400 
0.978400 
0.979100 
0.980900 
0.981100 
0.981500 
0.981900 
0.981900 
0.982300 
0.982800 
0.983200 
0.984600 
0.985400 
0.986900 
0.987000 
0.987800 
0.988000 
0.988200 
0.988800 
0.989600 
0.989800 
0.990000 
0.990100 
0.992200 
0.993300 
0.993700 
0.994700 
0.994900 
0.995300 
0.995500 
0.996100 
0.996200 
0.997000 
1.000600 
1.001400 
1.002100 
1.002200 
1.004400 
1.005900 
1.007600 
1.007600 
1.010500 
1.010900 
1.012100 
1.013700 
1.013900 
1.014000 
1.015200 
1.016200 
1.016400 
1.019100 
1.019100 
1.020100 
1.022100 
1.022500 
1.024400 
1.024600 
1.025900 
1.026200 
1.026500 
1.027000 
1.030800 
1.030900 
1.031300 
1.031800 
1.031800 
1.032300 
1.034600 
1.036300 
1.037700 
1.038500 
1.038700 
1.039900 
1.040400 
1.040500 
1.040600 
1.041100 
1.041100 
1.041300 
1.042300 
1.043000 
1.044600 
1.046200 
1.046700 
1.047400 
1.047500 
1.049100 
1.049100 
1.049400 
1.050100 
1.050600 
1.050700 
1.051200 
1.051600 
1.052700 
1.053400 
1.053600 
1.053700 
1.054100 
1.054200 
1.055200 
1.055300 
1.055600 
1.056400 
1.057000 
1.059100 
1.059100 
1.059100 
1.059800 
1.062000 
1.062500 
1.062500 
1.063300 
1.063600 
1.066800 
1.066800 
1.067500 
1.068400 
1.069400 
1.069400 
1.069600 
1.072200 
1.072300 
1.075300 
1.075600 
1.076500 
1.076800 
1.076900 
1.077100 
1.077500 
1.077900 
1.078900 
1.079600 
1.080200 
1.081000 
1.081100 
1.081300 
1.081800 
1.082100 
1.082300 
1.082700 
1.083300 
1.083700 
1.084800 
1.085300 
1.086500 
1.087300 
1.087500 
1.087600 
1.087900 
1.088100 
1.088900 
1.089100 
1.089500 
1.090900 
1.090900 
1.091100 
1.091500 
1.092300 
1.092700 
1.093700 
1.093800 
1.095100 
1.095200 
1.096600 
1.096800 
1.097900 
1.099000 
1.099300 
1.099500 
1.101000 
1.101000 
1.101100 
1.101500 
1.102200 
1.102400 
1.102900 
1.103500 
1.105900 
1.107500 
1.109300 
1.109800 
1.111600 
1.111900 
1.113400 
1.113500 
1.113500 
1.113500 
1.113700 
1.115100 
1.118400 
1.118500 
1.120700 
1.121300 
1.121400 
1.121800 
1.121800 
1.121800 
1.122700 
1.123300 
1.123800 
1.124600 
1.125000 
1.125600 
1.126500 
1.127000 
1.127100 
1.128200 
1.130000 
1.131300 
1.131900 
1.132600 
1.133800 
1.135800 
1.136200 
1.136700 
1.136800 
1.137300 
1.137600 
1.138000 
1.138500 
1.138600 
1.138600 
1.140100 
1.141400 
1.143000 
1.143500 
1.144100 
1.144900 
1.146200 
1.146900 
1.147400 
1.149000 
1.149400 
1.149500 
1.150000 
1.150000 
1.150300 
1.151300 
1.152200 
1.152800 
1.153200 
1.153500 
1.154000 
1.154200 
1.155700 
1.155900 
1.156900 
1.156900 
1.157300 
1.158300 
1.159200 
1.160000 
1.160100 
1.160200 
1.160300 
1.160400 
1.161000 
1.161000 
1.163600 
1.164500 
1.165400 
1.165700 
1.165900 
1.166700 
1.166700 
1.167100 
1.167100 
1.168600 
1.169000 
1.169300 
1.171500 
1.173100 
1.173500 
1.174800 
1.175400 
1.175600 
1.175900 
1.177100 
1.178700 
1.179500 
1.180300 
1.181000 
1.181900 
1.182000 
1.182200 
1.182700 
1.184700 
1.184800 
1.185500 
1.188500 
1.189000 
1.189600 
1.189700 
1.190000 
1.190000 
1.192300 
1.193500 
1.193700 
1.193900 
1.193900 
1.194100 
1.194400 
1.194600 
1.195600 
1.195600 
1.196100 
1.196300 
1.197200 
1.197500 
1.197600 
1.198200 
1.198400 
1.199000 
1.199000 
1.199100 
1.200800 
1.201100 
1.201400 
1.202700 
1.203500 
1.203900 
1.204000 
1.205000 
1.207000 
1.207900 
1.208200 
1.208600 
1.208600 
1.208600 
1.209000 
1.209600 
1.209600 
1.209700 
1.210000 
1.210300 
1.210400 
1.210700 
1.211100 
1.211100 
1.211300 
1.211400 
1.211700 
1.212300 
1.212400 
1.214400 
1.214500 
1.214700 
1.214800 
1.214800 
1.215300 
1.215600 
1.217500 
1.217800 
1.217800 
1.217800 
1.219900 
1.220000 
1.220600 
1.220900 
1.220900 
1.221200 
1.222800 
1.223000 
1.223500 
1.223500 
1.224100 
1.224300 
1.224900 
1.224900 
1.225400 
1.225700 
1.227100 
1.227700 
1.227900 
1.228200 
1.228600 
1.228900 
1.229800 
1.232100 
1.232400 
1.232500 
1.232600 
1.232700 
1.233000 
1.233100 
1.234800 
1.235000 
1.235900 
1.236300 
1.237300 
1.237500 
1.237600 
1.237600 
1.237900 
1.239200 
1.239900 
1.240400 
1.240500 
1.241600 
1.241800 
1.241800 
1.242800 
1.243200 
1.244500 
1.244800 
1.244800 
1.245100 
1.246100 
1.246500 
1.246900 
1.247000 
1.247200 
1.248000 
1.248000 
1.248300 
1.248600 
1.249000 
1.249100 
1.249700 
1.249800 
1.251000 
1.251100 
1.251100 
1.251800 
1.252200 
1.253400 
1.253700 
1.253800 
1.254500 
1.255300 
1.255500 
1.255700 
1.255900 
1.255900 
1.256000 
1.256100 
1.256100 
1.256900 
1.257300 
1.258100 
1.258400 
1.258500 
1.260300 
1.260400 
1.260400 
1.260500 
1.260700 
1.260800 
1.261100 
1.261100 
1.262400 
1.263200 
1.263600 
1.264300 
1.264700 
1.264800 
1.264900 
1.265700 
1.266200 
1.266500 
1.266800 
1.266900 
1.267100 
1.268100 
1.268200 
1.268400 
1.269000 
1.269400 
1.270100 
1.270500 
1.270600 
1.272600 
1.273000 
1.273500 
1.273600 
1.273800 
1.273900 
1.274200 
1.274300 
1.274800 
1.276400 
1.277000 
1.277400 
1.277600 
1.277600 
1.277800 
1.278800 
1.279300 
1.279600 
1.279700 
1.280800 
1.282600 
1.286400 
1.286400 
1.286600 
1.287200 
1.289100 
1.289500 
1.290800 
1.292300 
1.294300 
1.294400 
1.294600 
1.295200 
1.295500 
1.296500 
1.296800 
1.297800 
1.297900 
1.298000 
1.298400 
1.298500 
1.299100 
1.300900 
1.301100 
1.302000 
1.302300 
1.304600 
1.305200 
1.305300 
1.306500 
1.306600 
1.307100 
1.307800 
1.308600 
1.308700 
1.309200 
1.310100 
1.311900 
1.312300 
1.313200 
1.313300 
1.313500 
1.314400 
1.315900 
1.316200 
1.317700 
1.318100 
1.318300 
1.318700 
1.318700 
1.320200 
1.320200 
1.321100 
1.321600 
1.321700 
1.321800 
1.322000 
1.322700 
1.322800 
1.322800 
1.323100 
1.323200 
1.323800 
1.324700 
1.324900 
1.326100 
1.326300 
1.327300 
1.327500 
1.328200 
1.329000 
1.330100 
1.330400 
1.330600 
1.331600 
1.332500 
1.333900 
1.334800 
1.335100 
1.335500 
1.335600 
1.336700 
1.337000 
1.337300 
1.337600 
1.338600 
1.339300 
1.340500 
1.340800 
1.340800 
1.341200 
1.342200 
1.342600 
1.343600 
1.343700 
1.344200 
1.345100 
1.345800 
1.346000 
1.346200 
1.346400 
1.346500 
1.348000 
1.348500 
1.348600 
1.348800 
1.349100 
1.349100 
1.351000 
1.352100 
1.352300 
1.352600 
1.353300 
1.354200 
1.354200 
1.354300 
1.354300 
1.354400 
1.354400 
1.354800 
1.354900 
1.355000 
1.355200 
1.355400 
1.355400 
1.355600 
1.356100 
1.356100 
1.356400 
1.356800 
1.356800 
1.356900 
1.357100 
1.357200 
1.357200 
1.357300 
1.358100 
1.358300 
1.359800 
1.360100 
1.361800 
1.362000 
1.363300 
1.364400 
1.364500 
1.365800 
1.366000 
1.367500 
1.368800 
1.369200 
1.370500 
1.371600 
1.371700 
1.371800 
1.372100 
1.374900 
1.375200 
1.376200 
1.376400 
1.376400 
1.378500 
1.378600 
1.378800 
1.378900 
1.379000 
1.379800 
1.381000 
1.381100 
1.381400 
1.381700 
1.381800 
1.382100 
1.382200 
1.383500 
1.386300 
1.386700 
1.386800 
1.386900 
1.387700 
1.389800 
1.389900 
1.390200 
1.390300 
1.390500 
1.392100 
1.392100 
1.392600 
1.393500 
1.393700 
1.394000 
1.394000 
1.394200 
1.394300 
1.394700 
1.395900 
1.396700 
1.396900 
1.397000 
1.397300 
1.399200 
1.400200 
1.401000 
1.401600 
1.402000 
1.402200 
1.402700 
1.402800 
1.403000 
1.403500 
1.404400 
1.405200 
1.408100 
1.408600 
1.409100 
1.409100 
1.410600 
1.411500 
1.411500 
1.411700 
1.412700 
1.412800 
1.413400 
1.414000 
1.414100 
1.414200 
1.414400 
1.414400 
1.414700 
1.414900 
1.416900 
1.418100 
1.419400 
1.420100 
1.420700 
1.421200 
1.421200 
1.421300 
1.421400 
1.422700 
1.423000 
1.423700 
1.423900 
1.424500 
1.424600 
1.424600 
1.425400 
1.425700 
1.426100 
1.426400 
1.427600 
1.428100 
1.428400 
1.430300 
1.431200 
1.431300 
1.431900 
1.432500 
1.432700 
1.433100 
1.433200 
1.433400 
1.433800 
1.434300 
1.434400 
1.435100 
1.435800 
1.436200 
1.436300 
1.436500 
1.436700 
1.437900 
1.438700 
1.439300 
1.439700 
1.440300 
1.440300 
1.440700 
1.440700 
1.440900 
1.441500 
1.441800 
1.442000 
1.442300 
1.442500 
1.442500 
1.443200 
1.443500 
1.443600 
1.445800 
1.446500 
1.446800 
1.447300 
1.448900 
1.449600 
1.450200 
1.450400 
1.450600 
1.450700 
1.451300 
1.451500 
1.452300 
1.452600 
1.452700 
1.453900 
1.454600 
1.455000 
1.455700 
1.455800 
1.456900 
1.457700 
1.457800 
1.457900 
1.458300 
1.458700 
1.459000 
1.460200 
1.461200 
1.461300 
1.462400 
1.463100 
1.464500 
1.464800 
1.465700 
1.466100 
1.466400 
1.468100 
1.468400 
1.468400 
1.468400 
1.468700 
1.469300 
1.469300 
1.470000 
1.470300 
1.470400 
1.470500 
1.470800 
1.470900 
1.471100 
1.471700 
1.472200 
1.472200 
1.472300 
1.472400 
1.472600 
1.472600 
1.472600 
1.473000 
1.473100 
1.473600 
1.474400 
1.475300 
1.475400 
1.475400 
1.475700 
1.476000 
1.476300 
1.476600 
1.477000 
1.477400 
1.477600 
1.478500 
1.479100 
1.479800 
1.481000 
1.481200 
1.481300 
1.481300 
1.481500 
1.481800 
1.481800 
1.482500 
1.482700 
1.483000 
1.484100 
1.484100 
1.484300 
1.484400 
1.484400 
1.484700 
1.485000 
1.485200 
1.485800 
1.486000 
1.486100 
1.486500 
1.487300 
1.487500 
1.487800 
1.489100 
1.489500 
1.491900 
1.492500 
1.492500 
1.492800 
1.492900 
1.493400 
1.493800 
1.494000 
1.494400 
1.494400 
1.495300 
1.495800 
1.496400 
1.497300 
1.497300 
1.497700 
1.497700 
1.498800 
1.498900 
1.499900 
1.500100 
1.500300 
1.501600 
1.501700 
1.502200 
1.502600 
1.502900 
1.503700 
1.504000 
1.505100 
1.506100 
1.507200 
1.507400 
1.507500 
1.508300 
1.508500 
1.508700 
1.508800 
1.509300 
1.509400 
1.509500 
1.510400 
1.510500 
1.511700 
1.511800 
1.512400 
1.512400 
1.512900 
1.512900 
1.512900 
1.514100 
1.514200 
1.514400 
1.514700 
1.515100 
1.515200 
1.515200 
1.515800 
1.515900 
1.516300 
1.517800 
1.518100 
1.518200 
1.518600 
1.520400 
1.520600 
1.521200 
1.522200 
1.522700 
1.522800 
1.522900 
1.522900 
1.523100 
1.523300 
1.524000 
1.524900 
1.524900 
1.525400 
1.525800 
1.525900 
1.527100 
1.527300 
1.527500 
1.528700 
1.529100 
1.529600 
1.530100 
1.530700 
1.531800 
1.531900 
1.534400 
1.534500 
1.534500 
1.535400 
1.535800 
1.535900 
1.536000 
1.536800 
1.536800 
1.536800 
1.537300 
1.538000 
1.538200 
1.538400 
1.538500 
1.540900 
1.541400 
1.541800 
1.541800 
1.542400 
1.542900 
1.543800 
1.545100 
1.545700 
1.547200 
1.547800 
1.548400 
1.548700 
1.548700 
1.548800 
1.548800 
1.549400 
1.549900 
1.550200 
1.550400 
1.550600 
1.551300 
1.551600 
1.552100 
1.552200 
1.552400 
1.552900 
1.553000 
1.554600 
1.554700 
1.554900 
1.555500 
1.556800 
1.557300 
1.557300 
1.557700 
1.557800 
1.558100 
1.558200 
1.558200 
1.558600 
1.559200 
1.559500 
1.560300 
1.560800 
1.561000 
1.561300 
1.561500 
1.561600 
1.563000 
1.563700 
1.564400 
1.564400 
1.565400 
1.566000 
1.566200 
1.566700 
1.567100 
1.568200 
1.568300 
1.569200 
1.570400 
1.570700 
1.571200 
1.571600 
1.571600 
1.571600 
1.572100 
1.572300 
1.572500 
1.572600 
1.572900 
1.572900 
1.573300 
1.573900 
1.574000 
1.574800 
1.575400 
1.575700 
1.575800 
1.576500 
1.576900 
1.578100 
1.578400 
1.578800 
1.579700 
1.580000 
1.580500 
1.580700 
1.580800 
1.581000 
1.581000 
1.584200 
1.584500 
1.584900 
1.585300 
1.586300 
1.586500 
1.587100 
1.588900 
1.589400 
1.589700 
1.591100 
1.591100 
1.592500 
1.592500 
1.592600 
1.593100 
1.593200 
1.593300 
1.593800 
1.594600 
1.595100 
1.595300 
1.595500 
1.596100 
1.596200 
1.596500 
1.596600 
1.596900 
1.597100 
1.597700 
1.597900 
1.598800 
1.599100 
1.599900 
1.600100 
1.600500 
1.601100 
1.602600 
1.602800 
1.602800 
1.602800 
1.603500 
1.603700 
1.604800 
1.605700 
1.605800 
1.606200 
1.606200 
1.606300 
1.606400 
1.606900 
1.607000 
1.607900 
1.608300 
1.608700 
1.608700 
1.609800 
1.610000 
1.610600 
1.611000 
1.611900 
1.616300 
1.616500 
1.616700 
1.616800 
1.617000 
1.617500 
1.617500 
1.617500 
1.617600 
1.617900 
1.618100 
1.618700 
1.619300 
1.619600 
1.620000 
1.620700 
1.620900 
1.621000 
1.621200 
1.621600 
1.621700 
1.622000 
1.622200 
1.622700 
1.623000 
1.623600 
1.624300 
1.624400 
1.624400 
1.625500 
1.625800 
1.625800 
1.626000 
1.626300 
1.627200 
1.627700 
1.628800 
1.630100 
1.630400 
1.631200 
1.631300 
1.631900 
1.632800 
1.632900 
1.633200 
1.633700 
1.633700 
1.634600 
1.635200 
1.635300 
1.636300 
1.637300 
1.638300 
1.639100 
1.639800 
1.640100 
1.640100 
1.640200 
1.640800 
1.641300 
1.641300 
1.641700 
1.642500 
1.642600 
1.643000 
1.643100 
1.643300 
1.643800 
1.644000 
1.644100 
1.645100 
1.645200 
1.645300 
1.645400 
1.646300 
1.647100 
1.647400 
1.648500 
1.649100 
1.649100 
1.649200 
1.649400 
1.650200 
1.650300 
1.650700 
1.650800 
1.651500 
1.652000 
1.652100 
1.652600 
1.653400 
1.654000 
1.654400 
1.654900 
1.655000 
1.655100 
1.655600 
1.657800 
1.657900 
1.658000 
1.659000 
1.659100 
1.659100 
1.659200 
1.659800 
1.660000 
1.661000 
1.661500 
1.662200 
1.663400 
1.664000 
1.664900 
1.665600 
1.666400 
1.666500 
1.667300 
1.667800 
1.668400 
1.668800 
1.669700 
1.669800 
1.670200 
1.671100 
1.671200 
1.671200 
1.673300 
1.673800 
1.674000 
1.674300 
1.674500 
1.675000 
1.675700 
1.676200 
1.676300 
1.676500 
1.677300 
1.677600 
1.677800 
1.677800 
1.678200 
1.678800 
1.679000 
1.679500 
1.679800 
1.680000 
1.680100 
1.680600 
1.681100 
1.681500 
1.681900 
1.682000 
1.682200 
1.682600 
1.682600 
1.683200 
1.684200 
1.684600 
1.685100 
1.685100 
1.686100 
1.686400 
1.687700 
1.688600 
1.688700 
1.689200 
1.689300 
1.689300 
1.689600 
1.689600 
1.690300 
1.690400 
1.690600 
1.690800 
1.691300 
1.691400 
1.691600 
1.691700 
1.692700 
1.693400 
1.693700 
1.694000 
1.694100 
1.695500 
1.695500 
1.695800 
1.696000 
1.696700 
1.696900 
1.697100 
1.698100 
1.698600 
1.698800 
1.699400 
1.699700 
1.699800 
1.700400 
1.701300 
1.702100 
1.702100 
1.702500 
1.702600 
1.702700 
1.702700 
1.703500 
1.703500 
1.703700 
1.703800 
1.703800 
1.704300 
1.704700 
1.704700 
1.705000 
1.705300 
1.705300 
1.705500 
1.706200 
1.706800 
1.707900 
1.708500 
1.708500 
1.709000 
1.709600 
1.710000 
1.710300 
1.711300 
1.711300 
1.711500 
1.711700 
1.712100 
1.712400 
1.713500 
1.714200 
1.715000 
1.715300 
1.715700 
1.716000 
1.716100 
1.716700 
1.716900 
1.717000 
1.717400 
1.717700 
1.717900 
1.718400 
1.718700 
1.719700 
1.719900 
1.720900 
1.721200 
1.721300 
1.721800 
1.723200 
1.723400 
1.723700 
1.723800 
1.723900 
1.724500 
1.724900 
1.727100 
1.727500 
1.727900 
1.729200 
1.729200 
1.729500 
1.729500 
1.730800 
1.731200 
1.731700 
1.732100 
1.732900 
1.733400 
1.734900 
1.735200 
1.735300 
1.735500 
1.735800 
1.736000 
1.737500 
1.738300 
1.738300 
1.738600 
1.738700 
1.738800 
1.739200 
1.739500 
1.740300 
1.740300 
1.740700 
1.741600 
1.742500 
1.742600 
1.742900 
1.742900 
1.743000 
1.744100 
1.744200 
1.746000 
1.746700 
1.747600 
1.749300 
1.750100 
1.751100 
1.751500 
1.752200 
1.752200 
1.752300 
1.752400 
1.752900 
1.753000 
1.753900 
1.754000 
1.754700 
1.754700 
1.754700 
1.754800 
1.755400 
1.755700 
1.755700 
1.755900 
1.756000 
1.756000 
1.756600 
1.756700 
1.756800 
1.757400 
1.757700 
1.757900 
1.758000 
1.759200 
1.759900 
1.760100 
1.760700 
1.760700 
1.760700 
1.762000 
1.762300 
1.762300 
1.762900 
1.765600 
1.765800 
1.766000 
1.766000 
1.766100 
1.766400 
1.766900 
1.767400 
1.767800 
1.768000 
1.768300 
1.768500 
1.768600 
1.768600 
1.769100 
1.769300 
1.769400 
1.769700 
1.769800 
1.769800 
1.770900 
1.771200 
1.771500 
1.771500 
1.771800 
1.772600 
1.773800 
1.774500 
1.774600 
1.775100 
1.775900 
1.776900 
1.777200 
1.777700 
1.777800 
1.777800 
1.778300 
1.779200 
1.779400 
1.780200 
1.780400 
1.781100 
1.781300 
1.782400 
1.782700 
1.783100 
1.783200 
1.784400 
1.785000 
1.785100 
1.786400 
1.786500 
1.786800 
1.787200 
1.787300 
1.787700 
1.788500 
1.788800 
1.789000 
1.789100 
1.789700 
1.789900 
1.791000 
1.791500 
1.791900 
1.793500 
1.793500 
1.793700 
1.794000 
1.795200 
1.795500 
1.796300 
1.796500 
1.797100 
1.797400 
1.797600 
1.798100 
1.798500 
1.798600 
1.799900 
1.800300 
1.800800 
1.801500 
1.802400 
1.803400 
1.803500 
1.804100 
1.804700 
1.805000 
1.805400 
1.806000 
1.807400 
1.807700 
1.807800 
1.808600 
1.808700 
1.809400 
1.810700 
1.811200 
1.811500 
1.812100 
1.812500 
1.812600 
1.813100 
1.813200 
1.813600 
1.814600 
1.814700 
1.814700 
1.815100 
1.815200 
1.815600 
1.816300 
1.816500 
1.816900 
1.817200 
1.817300 
1.817400 
1.818000 
1.818100 
1.818700 
1.818800 
1.819100 
1.819900 
1.820000 
1.820600 
1.820900 
1.821400 
1.821600 
1.822400 
1.822600 
1.822800 
1.823000 
1.823200 
1.823400 
1.823400 
1.823400 
1.824000 
1.824000 
1.824000 
1.825000 
1.825300 
1.826300 
1.826300 
1.826800 
1.827400 
1.827500 
1.828200 
1.829100 
1.829100 
1.829500 
1.829800 
1.831000 
1.831200 
1.831300 
1.831400 
1.831900 
1.832600 
1.832900 
1.833200 
1.833200 
1.833900 
1.834400 
1.834500 
1.835100 
1.835100 
1.835300 
1.835600 
1.835600 
1.835900 
1.836300 
1.836900 
1.837500 
1.837800 
1.838800 
1.839200 
1.840400 
1.841000 
1.841500 
1.842000 
1.842300 
1.843100 
1.843400 
1.843500 
1.843700 
1.844000 
1.844100 
1.844300 
1.845400 
1.845800 
1.846500 
1.847500 
1.847600 
1.848600 
1.849000 
1.849300 
1.849800 
1.850400 
1.851000 
1.851100 
1.851500 
1.852800 
1.852900 
1.854300 
1.854500 
1.854600 
1.855500 
1.856300 
1.856300 
1.856300 
1.857200 
1.857200 
1.859400 
1.859600 
1.859600 
1.859900 
1.860700 
1.861200 
1.861700 
1.862100 
1.863500 
1.863800 
1.864100 
1.864200 
1.864800 
1.865200 
1.865300 
1.865600 
1.866500 
1.867000 
1.867700 
1.868500 
1.868900 
1.869500 
1.870800 
1.871300 
1.871800 
1.873700 
1.873900 
1.875200 
1.875200 
1.875600 
1.876300 
1.876700 
1.876800 
1.876800 
1.877800 
1.878700 
1.879000 
1.879600 
1.879700 
1.880500 
1.881800 
1.882100 
1.882300 
1.882600 
1.882700 
1.882700 
1.882800 
1.883600 
1.883600 
1.884400 
1.885000 
1.886700 
1.887200 
1.887900 
1.888300 
1.888300 
1.890400 
1.890600 
1.890700 
1.890900 
1.891200 
1.891900 
1.892500 
1.892500 
1.892900 
1.893200 
1.893200 
1.893300 
1.894000 
1.895500 
1.895800 
1.896100 
1.896300 
1.896400 
1.897400 
1.897600 
1.897900 
1.899000 
1.899400 
1.899800 
1.899900 
1.899900 
1.899900 
1.900000 
1.901700 
1.902800 
1.902900 
1.903000 
1.903200 
1.904500 
1.904600 
1.905300 
1.905600 
1.906400 
1.906800 
1.909500 
1.909700 
1.909800 
1.911300 
1.912500 
1.912600 
1.913900 
1.914800 
1.914900 
1.914900 
1.916800 
1.917000 
1.917000 
1.917700 
1.917900 
1.918700 
1.918800 
1.919100 
1.920000 
1.922800 
1.923200 
1.923500 
1.923600 
1.923700 
1.923800 
1.925700 
1.926600 
1.926700 
1.926700 
1.926800 
1.927500 
1.927900 
1.928100 
1.928500 
1.928800 
1.929400 
1.930800 
1.930800 
1.931300 
1.931700 
1.931800 
1.931900 
1.932400 
1.932400 
1.932600 
1.933600 
1.934500 
1.934500 
1.935100 
1.935900 
1.937400 
1.937900 
1.937900 
1.938700 
1.939400 
1.939500 
1.940000 
1.940300 
1.940600 
1.940600 
1.940700 
1.942200 
1.942300 
1.942300 
1.943100 
1.943300 
1.943500 
1.944300 
1.944600 
1.944700 
1.944900 
1.945400 
1.945700 
1.945900 
1.946400 
1.947100 
1.947500 
1.947500 
1.947700 
1.948000 
1.949300 
1.949500 
1.949700 
1.950100 
1.951700 
1.952000 
1.953200 
1.954300 
1.954400 
1.954800 
1.954900 
1.955200 
1.955600 
1.955700 
1.956100 
1.956400 
1.956900 
1.959600 
1.959800 
1.960100 
1.960500 
1.960900 
1.961800 
1.962500 
1.962500 
1.962600 
1.963300 
1.963400 
1.964200 
1.965500 
1.965600 
1.965800 
1.966500 
1.966900 
1.966900 
1.967000 
1.967800 
1.968100 
1.968200 
1.968500 
1.968500 
1.969600 
1.970500 
1.970500 
1.971700 
1.972300 
1.972400 
1.972400 
1.972900 
1.973200 
1.974400 
1.974600 
1.975400 
1.975600 
1.975700 
1.977100 
1.977600 
1.978900 
1.979200 
1.979500 
1.981600 
1.981800 
1.982900 
1.983300 
1.984200 
1.986200 
1.986300 
1.987500 
1.987600 
1.988500 
1.988600 
1.989600 
1.989800 
1.990000 
1.990100 
1.990500 
1.990800 
1.991000 
1.992000 
1.992100 
1.992400 
1.992600 
1.992700 
1.992900 
1.993200 
1.994200 
1.994200 
1.994500 
1.994500 
1.994600 
1.994800 
1.995100 
1.995200 
1.995200 
1.995800 
1.996000 
1.996200 
1.996500 
1.996500 
1.997100 
1.997200 
1.997700 
1.998100 
1.998700 
2.000000 
2.000100 
2.000100 
2.001100 
2.001200 
2.001400 
2.002000 
2.002100 
2.002500 
2.003200 
2.003700 
2.003900 
2.004600 
2.004700 
2.004700 
2.004800 
2.004900 
2.005200 
2.005300 
2.005400 
2.005400 
2.005900 
2.006300 
2.006500 
2.006800 
2.006900 
2.007000 
2.007000 
2.007600 
2.007600 
2.008900 
2.009500 
2.009700 
2.009900 
2.009900 
2.010000 
2.010400 
2.010900 
2.010900 
2.011000 
2.011200 
2.011200 
2.011500 
2.011600 
2.011900 
2.012200 
2.012500 
2.012600 
2.012700 
2.012700 
2.013100 
2.013900 
2.014500 
2.014800 
2.015000 
2.015300 
2.015800 
2.016400 
2.016500 
2.017000 
2.017000 
2.017100 
2.017100 
2.017400 
2.017700 
2.018300 
2.018600 
2.018700 
2.020100 
2.020900 
2.021100 
2.021200 
2.021700 
2.021800 
2.022300 
2.022800 
2.023200 
2.023200 
2.023600 
2.023600 
2.024300 
2.025400 
2.025500 
2.026100 
2.026300 
2.026300 
2.026300 
2.026800 
2.026800 
2.027500 
2.027500 
2.027700 
2.028600 
2.028700 
2.029000 
2.029800 
2.031400 
2.031400 
2.033300 
2.033300 
2.034000 
2.034600 
2.036100 
2.037300 
2.037600 
2.038800 
2.039200 
2.040200 
2.040900 
2.041800 
2.042000 
2.042100 
2.042100 
2.042400 
2.043300 
2.043300 
2.043400 
2.043900 
2.044100 
2.045200 
2.045300 
2.045300 
2.045500 
2.045900 
2.046800 
2.046900 
2.046900 
2.047100 
2.047900 
2.049000 
2.049600 
2.049700 
2.050200 
2.050200 
2.050400 
2.050600 
2.050800 
2.051000 
2.051500 
2.051600 
2.051600 
2.053900 
2.055700 
2.055800 
2.057700 
2.058700 
2.059100 
2.059800 
2.061600 
2.062400 
2.063900 
2.065100 
2.065900 
2.066300 
2.066700 
2.066800 
2.066800 
2.067200 
2.067800 
2.068600 
2.069100 
2.069200 
2.069600 
2.070200 
2.070500 
2.070700 
2.070800 
2.071200 
2.072800 
2.073100 
2.073100 
2.073900 
2.074100 
2.074200 
2.074400 
2.075100 
2.076000 
2.076500 
2.076600 
2.077100 
2.077100 
2.077600 
2.078300 
2.078400 
2.078700 
2.078800 
2.081100 
2.081400 
2.083900 
2.085300 
2.087300 
2.087800 
2.087800 
2.088900 
2.090100 
2.090400 
2.090700 
2.090800 
2.090900 
2.091300 
2.092300 
2.092300 
2.092600 
2.092800 
2.093300 
2.093400 
2.094400 
2.094600 
2.094900 
2.095300 
2.095400 
2.095600 
2.096400 
2.096700 
2.096700 
2.097000 
2.097000 
2.099000 
2.100000 
2.100100 
2.101800 
2.102600 
2.103500 
2.104000 
2.104500 
2.104800 
2.105400 
2.105600 
2.106000 
2.106600 
2.108500 
2.109100 
2.110100 
2.111100 
2.112600 
2.113200 
2.113700 
2.113900 
2.114000 
2.114600 
2.115100 
2.115200 
2.116200 
2.117300 
2.117600 
2.117800 
2.118400 
2.118400 
2.118600 
2.118600 
2.119200 
2.119600 
2.120400 
2.120800 
2.120800 
2.121700 
2.123400 
2.124000 
2.124300 
2.124600 
2.125300 
2.125400 
2.125500 
2.125900 
2.126000 
2.126100 
2.126900 
2.127300 
2.128700 
2.129100 
2.129400 
2.130000 
2.130700 
2.131200 
2.131800 
2.133200 
2.133400 
2.133500 
2.133900 
2.134400 
2.135000 
2.135000 
2.136200 
2.136300 
2.137000 
2.138200 
2.138300 
2.138900 
2.139500 
2.139600 
2.139800 
2.140300 
2.140400 
2.141800 
2.141800 
2.142900 
2.143200 
2.143500 
2.143800 
2.144100 
2.144400 
2.144900 
2.145600 
2.146000 
2.147800 
2.147900 
2.148300 
2.150000 
2.150600 
2.151500 
2.151900 
2.153000 
2.153100 
2.153600 
2.154200 
2.154400 
2.154600 
2.156200 
2.156400 
2.157700 
2.160400 
2.160400 
2.160400 
2.160800 
2.161200 
2.161600 
2.162200 
2.163900 
2.164000 
2.164300 
2.164500 
2.165100 
2.165100 
2.165800 
2.165900 
2.166600 
2.166900 
2.167900 
2.168000 
2.169300 
2.170000 
2.170200 
2.170300 
2.171100 
2.171200 
2.171800 
2.172300 
2.172900 
2.173000 
2.173200 
2.173700 
2.175000 
2.175300 
2.175500 
2.177600 
2.178000 
2.178000 
2.180900 
2.181600 
2.183000 
2.183200 
2.184000 
2.184500 
2.186400 
2.186600 
2.186700 
2.187800 
2.188800 
2.189000 
2.189100 
2.189300 
2.189500 
2.189800 
2.189800 
2.191500 
2.191700 
2.191800 
2.192500 
2.193000 
2.193400 
2.193900 
2.195000 
2.197100 
2.197700 
2.197800 
2.198300 
2.198400 
2.198900 
2.200000 
2.200300 
2.202100 
2.202400 
2.202800 
2.203200 
2.203500 
2.204400 
2.204700 
2.207100 
2.207700 
2.208700 
2.209700 
2.210400 
2.211500 
2.211800 
2.212200 
2.213000 
2.213600 
2.213700 
2.213700 
2.213900 
2.214000 
2.214100 
2.215300 
2.215600 
2.215900 
2.215900 
2.216000 
2.216500 
2.217700 
2.218200 
2.218700 
2.219000 
2.219100 
2.219200 
2.219600 
2.219900 
2.220200 
2.220300 
2.221900 
2.222100 
2.222900 
2.223000 
2.223400 
2.223900 
2.224500 
2.224600 
2.224800 
2.225400 
2.225600 
2.226100 
2.226600 
2.227200 
2.228200 
2.229200 
2.229900 
2.230300 
2.230400 
2.231500 
2.233800 
2.233900 
2.234000 
2.234100 
2.234300 
2.235400 
2.235500 
2.236000 
2.236700 
2.237700 
2.237900 
2.238100 
2.238100 
2.238700 
2.239000 
2.239300 
2.240400 
2.242500 
2.242600 
2.243300 
2.244600 
2.246000 
2.246100 
2.246700 
2.246900 
2.247300 
2.247500 
2.248200 
2.248600 
2.248800 
2.250600 
2.251300 
2.251800 
2.251900 
2.252400 
2.252700 
2.253100 
2.253400 
2.253500 
2.253900 
2.254100 
2.255200 
2.256300 
2.256700 
2.257100 
2.257300 
2.257900 
2.258000 
2.258700 
2.258800 
2.259500 
2.259800 
2.259800 
2.260200 
2.260200 
2.260200 
2.260300 
2.260700 
2.260800 
2.261300 
2.261300 
2.261400 
2.262300 
2.262700 
2.263000 
2.265100 
2.265300 
2.266000 
2.266400 
2.267800 
2.267900 
2.268900 
2.269300 
2.269800 
2.270900 
2.271300 
2.272500 
2.272900 
2.274800 
2.276400 
2.276500 
2.276800 
2.276800 
2.277400 
2.280100 
2.280500 
2.280700 
2.280700 
2.280800 
2.281200 
2.282600 
2.283800 
2.284400 
2.285100 
2.286600 
2.287500 
2.288000 
2.288400 
2.289000 
2.289400 
2.289500 
2.289900 
2.290300 
2.290600 
2.290900 
2.291400 
2.291600 
2.291800 
2.292200 
2.293300 
2.293400 
2.294000 
2.294700 
2.296100 
2.296400 
2.296700 
2.296800 
2.297100 
2.298000 
2.298200 
2.298600 
2.299900 
2.300000 
2.301100 
2.301400 
2.301800 
2.302800 
2.302900 
2.303200 
2.304100 
2.304500 
2.304900 
2.305400 
2.305800 
2.306300 
2.307600 
2.307800 
2.307800 
2.309700 
2.309800 
2.311000 
2.311500 
2.311700 
2.312000 
2.312000 
2.313500 
2.313800 
2.314100 
2.314300 
2.314800 
2.315600 
2.315600 
2.315700 
2.315800 
2.316100 
2.316400 
2.316700 
2.316700 
2.317000 
2.317300 
2.317500 
2.318000 
2.318100 
2.318800 
2.318900 
2.319300 
2.319300 
2.320900 
2.321800 
2.322400 
2.323400 
2.323500 
2.323500 
2.323700 
2.323900 
2.324700 
2.324800 
2.325800 
2.327900 
2.328900 
2.329800 
2.329900 
2.330300 
2.330900 
2.331100 
2.332400 
2.332500 
2.332500 
2.333400 
2.333800 
2.334000 
2.334500 
2.334900 
2.335100 
2.335900 
2.336200 
2.336300 
2.336400 
2.336500 
2.337500 
2.337900 
2.338200 
2.339100 
2.339500 
2.340600 
2.341800 
2.341900 
2.342000 
2.342800 
2.344600 
2.345500 
2.346700 
2.347600 
2.348400 
2.348800 
2.349000 
2.349300 
2.349300 
2.349400 
2.349600 
2.349600 
2.349600 
2.349700 
2.349900 
2.350100 
2.350100 
2.350500 
2.350900 
2.351300 
2.351500 
2.351800 
2.351900 
2.352100 
2.352300 
2.353100 
2.353100 
2.353600 
2.353600 
2.354400 
2.355200 
2.355800 
2.356300 
2.356500 
2.356800 
2.357100 
2.357900 
2.358000 
2.358200 
2.358900 
2.359300 
2.359500 
2.360100 
2.360500 
2.361800 
2.361900 
2.363200 
2.363300 
2.364200 
2.364500 
2.364800 
2.364900 
2.365100 
2.365300 
2.365800 
2.365900 
2.367000 
2.367500 
2.367600 
2.368300 
2.368500 
2.368900 
2.369000 
2.369100 
2.369300 
2.369500 
2.370000 
2.370100 
2.370400 
2.370500 
2.370900 
2.371200 
2.372300 
2.372800 
2.374200 
2.374800 
2.375000 
2.375100 
2.375100 
2.375600 
2.375600 
2.376600 
2.378200 
2.378300 
2.379700 
2.380000 
2.381000 
2.381100 
2.381800 
2.382000 
2.382700 
2.382800 
2.383100 
2.385300 
2.385500 
2.385800 
2.386100 
2.386700 
2.388900 
2.390200 
2.390600 
2.390800 
2.390800 
2.391300 
2.392000 
2.392200 
2.392600 
2.392800 
2.393500 
2.393500 
2.394400 
2.394600 
2.394700 
2.394900 
2.395700 
2.396300 
2.396400 
2.396800 
2.397300 
2.397400 
2.398200 
2.398900 
2.399300 
2.399300 
2.399400 
2.399500 
2.399900 
2.399900 
2.400700 
2.400700 
2.400800 
2.400900 
2.401500 
2.401800 
2.401900 
2.402000 
2.402600 
2.402800 
2.404100 
2.404200 
2.405000 
2.405300 
2.405500 
2.405800 
2.406100 
2.406300 
2.408800 
2.409800 
2.411300 
2.411800 
2.413100 
2.413300 
2.413900 
2.413900 
2.414100 
2.414400 
2.414400 
2.415400 
2.415700 
2.416800 
2.417500 
2.417500 
2.418400 
2.418600 
2.419200 
2.419400 
2.419500 
2.419500 
2.420300 
2.420400 
2.420600 
2.420700 
2.421500 
2.421800 
2.421900 
2.422700 
2.423000 
2.423200 
2.423700 
2.423700 
2.424500 
2.425000 
2.425800 
2.426200 
2.426200 
2.428000 
2.428500 
2.429900 
2.430200 
2.430400 
2.430500 
2.430700 
2.433100 
2.433400 
2.433500 
2.435400 
2.437000 
2.438000 
2.438100 
2.439500 
2.440100 
2.440600 
2.442000 
2.442100 
2.442600 
2.443100 
2.443300 
2.443300 
2.443900 
2.444300 
2.444900 
2.444900 
2.445200 
2.446000 
2.447000 
2.448500 
2.448500 
2.448700 
2.449000 
2.449000 
2.450000 
2.450400 
2.450600 
2.450700 
2.451600 
2.452200 
2.452300 
2.452500 
2.453000 
2.453300 
2.453300 
2.453600 
2.453700 
2.455000 
2.455700 
2.455700 
2.456000 
2.456000 
2.456800 
2.456900 
2.457500 
2.458600 
2.458800 
2.459800 
2.460300 
2.460700 
2.461700 
2.461900 
2.462500 
2.462500 
2.462700 
2.462900 
2.463700 
2.465400 
2.467200 
2.467800 
2.468200 
2.468800 
2.469200 
2.469300 
2.469800 
2.471300 
2.471600 
2.472500 
2.472600 
2.474000 
2.475300 
2.476000 
2.476500 
2.476900 
2.477300 
2.478000 
2.478600 
2.479200 
2.479500 
2.479700 
2.480000 
2.480300 
2.481400 
2.481500 
2.481500 
2.481700 
2.482100 
2.483300 
2.484100 
2.484300 
2.485000 
2.485200 
2.485800 
2.486900 
2.487200 
2.487300 
2.487900 
2.487900 
2.488500 
2.490900 
2.492000 
2.492600 
2.493100 
2.493200 
2.493500 
2.493900 
2.494400 
2.495000 
2.495100 
2.495800 
2.496000 
2.496200 
2.496300 
2.496500 
2.497200 
2.498000 
2.498400 
2.498500 
2.499000 
2.499000 
2.499300 
2.499400 
2.499700 
2.500100 
2.501300 
2.501500 
2.502600 
2.502800 
2.502900 
2.504700 
2.505100 
2.505100 
2.505200 
2.505400 
2.505400 
2.506100 
2.506700 
2.507300 
2.507900 
2.508700 
2.509100 
2.509300 
2.509400 
2.510700 
2.510800 
2.510900 
2.511000 
2.511700 
2.511700 
2.512000 
2.512700 
2.512800 
2.514000 
2.514100 
2.514200 
2.514200 
2.514700 
2.514900 
2.515200 
2.515300 
2.516100 
2.517900 
2.518100 
2.519700 
2.520300 
2.520700 
2.520700 
2.521100 
2.521700 
2.522600 
2.522900 
2.523100 
2.523500 
2.524200 
2.524500 
2.524700 
2.524900 
2.525000 
2.525700 
2.527400 
2.527800 
2.528400 
2.528700 
2.528800 
2.529100 
2.529500 
2.529900 
2.529900 
2.530300 
2.530400 
2.531200 
2.531200 
2.531400 
2.531700 
2.532100 
2.532900 
2.533000 
2.533000 
2.533000 
2.533200 
2.533300 
2.533500 
2.533900 
2.534400 
2.534800 
2.535900 
2.535900 
2.537300 
2.537800 
2.538100 
2.540000 
2.540300 
2.540400 
2.540500 
2.540700 
2.540900 
2.541100 
2.541700 
2.542700 
2.542900 
2.543000 
2.543200 
2.543400 
2.543500 
2.543500 
2.543600 
2.544300 
2.544500 
2.544800 
2.545800 
2.546100 
2.546900 
2.547200 
2.547700 
2.548300 
2.549500 
2.550900 
2.551900 
2.553200 
2.553600 
2.553900 
2.554300 
2.554400 
2.554900 
2.555300 
2.555300 
2.556400 
2.556700 
2.557200 
2.557600 
2.557800 
2.558300 
2.559000 
2.559000 
2.559300 
2.559400 
2.559500 
2.559800 
2.560200 
2.560800 
2.560900 
2.561100 
2.561200 
2.561900 
2.562200 
2.563600 
2.563700 
2.564000 
2.564300 
2.565100 
2.565400 
2.566400 
2.567100 
2.567700 
2.567700 
2.567700 
2.567900 
2.569000 
2.569200 
2.570100 
2.571200 
2.571500 
2.571900 
2.572000 
2.572700 
2.572800 
2.572800 
2.573400 
2.573400 
2.573500 
2.573800 
2.574100 
2.574100 
2.575300 
2.575300 
2.575400 
2.575600 
2.575900 
2.577300 
2.578100 
2.578400 
2.579500 
2.580100 
2.580200 
2.580800 
2.581000 
2.581400 
2.581900 
2.582300 
2.582800 
2.582800 
2.582900 
2.583000 
2.583900 
2.583900 
2.584100 
2.585100 
2.585700 
2.587100 
2.587200 
2.587600 
2.588400 
2.588400 
2.589400 
2.589900 
2.590200 
2.590500 
2.590800 
2.592100 
2.592300 
2.594100 
2.595500 
2.595500 
2.595800 
2.596600 
2.597000 
2.597300 
2.597600 
2.598900 
2.599300 
2.599400 
2.599900 
2.600200 
2.600400 
2.600400 
2.601900 
2.602700 
2.602800 
2.603800 
2.603800 
2.603900 
2.605200 
2.605400 
2.606300 
2.606600 
2.606600 
2.606900 
2.606900 
2.607000 
2.607100 
2.607400 
2.608400 
2.608600 
2.609200 
2.609700 
2.610500 
2.613000 
2.613200 
2.613200 
2.613700 
2.613800 
2.615400 
2.615500 
2.615700 
2.616100 
2.616500 
2.617300 
2.617500 
2.617500 
2.617500 
2.618900 
2.619200 
2.619300 
2.619500 
2.619800 
2.620300 
2.622300 
2.623900 
2.624200 
2.624400 
2.624900 
2.625500 
2.626100 
2.628600 
2.629000 
2.629100 
2.629200 
2.630500 
2.631000 
2.631100 
2.632500 
2.632700 
2.633500 
2.634000 
2.634500 
2.634800 
2.636500 
2.636600 
2.637500 
2.637700 
2.638100 
2.638200 
2.638300 
2.638800 
2.638900 
2.639400 
2.639500 
2.639900 
2.639900 
2.640300 
2.640700 
2.640800 
2.641000 
2.641500 
2.642000 
2.642700 
2.643600 
2.643800 
2.644000 
2.644200 
2.644300 
2.644400 
2.644500 
2.645700 
2.646400 
2.646800 
2.646900 
2.647300 
2.647800 
2.647800 
2.648200 
2.648400 
2.648500 
2.648800 
2.649300 
2.649400 
2.649700 
2.650100 
2.650200 
2.651300 
2.652000 
2.652900 
2.653600 
2.655400 
2.655400 
2.655700 
2.655800 
2.655900 
2.657100 
2.657400 
2.657400 
2.658100 
2.658200 
2.658400 
2.659900 
2.660400 
2.660400 
2.660900 
2.661800 
2.661900 
2.662600 
2.663400 
2.664000 
2.664500 
2.664800 
2.665100 
2.665400 
2.666600 
2.666900 
2.667000 
2.667100 
2.668300 
2.668600 
2.668800 
2.669200 
2.669800 
2.670500 
2.671600 
2.673100 
2.673300 
2.673900 
2.674200 
2.674700 
2.674700 
2.675200 
2.676100 
2.676200 
2.677000 
2.677000 
2.677300 
2.677700 
2.677900 
2.678100 
2.678600 
2.678800 
2.680300 
2.681200 
2.681400 
2.681900 
2.682000 
2.682000 
2.682400 
2.682900 
2.683400 
2.684200 
2.684200 
2.684400 
2.685200 
2.685500 
2.685500 
2.685700 
2.686500 
2.686600 
2.687100 
2.687200 
2.687600 
2.687700 
2.688700 
2.689600 
2.690000 
2.690200 
2.690400 
2.690600 
2.690600 
2.691000 
2.691200 
2.691700 
2.692300 
2.692400 
2.693600 
2.694200 
2.694400 
2.694400 
2.694500 
2.694500 
2.695100 
2.695800 
2.696200 
2.696800 
2.697500 
2.698200 
2.700200 
2.700400 
2.700700 
2.700800 
2.701000 
2.701100 
2.701200 
2.702300 
2.702800 
2.702800 
2.702800 
2.704800 
2.705100 
2.705500 
2.706200 
2.706500 
2.706700 
2.706700 
2.706800 
2.707400 
2.707400 
2.707500 
2.707900 
2.708000 
2.708000 
2.708800 
2.708800 
2.710000 
2.710400 
2.710900 
2.711200 
2.711900 
2.712000 
2.712600 
2.712700 
2.713000 
2.714400 
2.715000 
2.716200 
2.716500 
2.716600 
2.716900 
2.717000 
2.717000 
2.719300 
2.719700 
2.720800 
2.721100 
2.721200 
2.722100 
2.725000 
2.725100 
2.725800 
2.726300 
2.726400 
2.726900 
2.728100 
2.728800 
2.729300 
2.729800 
2.729900 
2.730400 
2.730800 
2.731100 
2.731400 
2.732100 
2.733300 
2.733800 
2.734000 
2.734300 
2.734300 
2.734500 
2.735700 
2.736700 
2.736800 
2.737300 
2.737600 
2.738100 
2.740200 
2.740500 
2.742600 
2.742900 
2.743400 
2.744000 
2.744300 
2.744700 
2.744900 
2.745200 
2.745700 
2.746600 
2.747300 
2.747800 
2.747800 
2.748100 
2.749100 
2.749300 
2.749300 
2.749500 
2.749900 
2.750300 
2.751200 
2.751300 
2.751700 
2.751900 
2.752100 
2.752500 
2.752700 
2.753000 
2.753900 
2.754000 
2.754300 
2.754400 
2.754500 
2.754600 
2.755000 
2.756500 
2.756700 
2.756800 
2.757600 
2.757600 
2.758200 
2.758400 
2.758800 
2.759100 
2.759200 
2.759600 
2.760000 
2.760400 
2.760800 
2.762000 
2.762900 
2.763900 
2.764000 
2.764100 
2.765100 
2.765300 
2.767100 
2.767100 
2.767100 
2.767200 
2.767600 
2.767800 
2.767800 
2.768300 
2.770200 
2.770400 
2.770400 
2.772300 
2.772700 
2.773000 
2.773800 
2.773900 
2.774200 
2.774200 
2.774600 
2.774800 
2.774900 
2.775000 
2.775200 
2.775400 
2.775500 
2.776700 
2.777700 
2.778900 
2.779300 
2.779300 
2.779800 
2.779900 
2.780100 
2.781200 
2.782100 
2.782200 
2.782200 
2.782700 
2.783200 
2.783900 
2.784400 
2.785900 
2.785900 
2.786500 
2.786700 
2.788100 
2.788600 
2.788600 
2.789200 
2.790300 
2.790300 
2.790400 
2.791300 
2.792300 
2.792500 
2.792500 
2.793400 
2.793500 
2.793600 
2.794300 
2.794700 
2.794900 
2.795100 
2.795200 
2.795600 
2.796200 
2.797000 
2.798100 
2.798500 
2.798600 
2.799500 
2.799700 
2.799800 
2.799800 
2.800500 
2.800500 
2.800900 
2.801600 
2.801600 
2.801900 
2.802600 
2.802700 
2.802900 
2.805100 
2.805200 
2.805300 
2.805500 
2.806600 
2.806600 
2.806900 
2.807800 
2.808300 
2.809100 
2.809400 
2.809700 
2.809800 
2.809800 
2.810300 
2.810600 
2.811100 
2.811200 
2.811300 
2.811500 
2.812200 
2.813300 
2.813300 
2.813900 
2.814000 
2.814600 
2.814600 
2.816100 
2.816500 
2.816800 
2.816900 
2.817900 
2.819200 
2.820400 
2.820500 
2.820900 
2.820900 
2.822500 
2.822700 
2.822800 
2.822800 
2.823300 
2.823500 
2.823600 
2.823800 
2.823900 
2.824200 
2.824900 
2.825200 
2.825400 
2.825500 
2.825700 
2.825700 
2.826200 
2.826300 
2.826900 
2.826900 
2.828500 
2.829000 
2.829500 
2.829500 
2.829800 
2.831000 
2.831200 
2.831400 
2.831700 
2.832500 
2.833800 
2.834300 
2.834500 
2.834500 
2.834800 
2.834800 
2.834800 
2.835400 
2.835700 
2.835800 
2.836300 
2.837200 
2.837500 
2.837800 
2.838500 
2.839100 
2.839600 
2.839600 
2.839700 
2.840000 
2.840900 
2.841100 
2.841300 
2.841400 
2.841700 
2.841800 
2.842800 
2.843000 
2.843100 
2.843100 
2.843600 
2.843800 
2.844700 
2.844900 
2.846500 
2.846600 
2.846900 
2.847400 
2.848000 
2.848300 
2.849100 
2.849500 
2.849700 
2.849700 
2.850100 
2.850900 
2.851600 
2.851900 
2.853500 
2.853900 
2.854200 
2.854800 
2.855600 
2.855900 
2.856500 
2.856500 
2.856900 
2.857000 
2.857300 
2.858400 
2.858800 
2.858800 
2.859100 
2.859400 
2.860500 
2.860700 
2.860900 
2.861100 
2.861700 
2.861800 
2.862700 
2.864200 
2.864300 
2.865200 
2.865700 
2.866700 
2.866900 
2.866900 
2.867100 
2.867700 
2.867800 
2.868000 
2.869300 
2.869400 
2.869700 
2.870200 
2.870500 
2.870900 
2.871000 
2.871200 
2.871200 
2.871400 
2.871800 
2.872200 
2.873000 
2.874500 
2.876300 
2.876800 
2.877000 
2.877800 
2.878200 
2.878400 
2.878400 
2.878900 
2.879000 
2.880900 
2.881400 
2.881800 
2.882400 
2.882900 
2.882900 
2.883000 
2.883100 
2.884800 
2.885200 
2.885800 
2.885900 
2.886000 
2.886500 
2.887300 
2.887700 
2.887800 
2.888000 
2.888100 
2.888500 
2.888600 
2.889600 
2.890100 
2.890200 
2.890400 
2.890500 
2.891000 
2.891600 
2.891800 
2.892800 
2.892800 
2.892900 
2.893600 
2.893900 
2.894100 
2.894100 
2.894400 
2.896000 
2.896300 
2.896800 
2.897100 
2.897200 
2.897200 
2.898000 
2.898800 
2.899400 
2.899700 
2.900000 
2.900400 
2.901300 
2.901300 
2.902000 
2.902100 
2.902400 
2.903500 
2.904800 
2.906000 
2.907100 
2.907100 
2.907600 
2.908000 
2.909000 
2.909100 
2.909500 
2.909500 
2.910100 
2.910900 
2.910900 
2.911000 
2.911400 
2.911700 
2.913600 
2.913900 
2.915200 
2.915200 
2.915400 
2.915400 
2.915500 
2.917300 
2.917900 
2.918300 
2.919400 
2.920000 
2.920100 
2.920700 
2.920800 
2.921100 
2.921100 
2.921100 
2.921200 
2.922500 
2.923300 
2.923900 
2.924300 
2.924400 
2.925600 
2.925700 
2.926500 
2.928000 
2.928300 
2.928700 
2.929100 
2.929200 
2.929900 
2.929900 
2.930200 
2.930800 
2.930900 
2.931600 
2.931800 
2.932700 
2.933500 
2.933500 
2.933600 
2.934300 
2.934500 
2.935800 
2.936700 
2.937100 
2.937200 
2.937400 
2.937700 
2.937800 
2.938200 
2.939100 
2.939600 
2.939900 
2.941800 
2.942600 
2.943000 
2.943500 
2.943600 
2.943600 
2.943800 
2.944300 
2.944900 
2.945000 
2.945100 
2.945300 
2.945400 
2.946800 
2.947100 
2.947100 
2.947200 
2.947700 
2.948000 
2.950100 
2.950300 
2.950900 
2.951500 
2.953000 
2.953000 
2.954000 
2.954800 
2.954900 
2.956000 
2.956000 
2.956300 
2.956700 
2.957000 
2.957200 
2.958500 
2.958800 
2.959400 
2.959800 
2.959800 
2.960600 
2.961600 
2.962000 
2.962000 
2.962000 
2.962100 
2.962700 
2.963000 
2.963100 
2.963400 
2.964300 
2.965100 
2.966200 
2.967300 
2.967300 
2.967500 
2.968100 
2.968200 
2.968400 
2.968500 
2.968600 
2.968700 
2.969400 
2.970000 
2.970400 
2.970600 
2.970900 
2.971000 
2.971000 
2.971300 
2.972900 
2.973700 
2.974300 
2.974700 
2.974700 
2.974800 
2.975200 
2.975300 
2.975600 
2.976900 
2.977500 
2.977600 
2.977700 
2.978400 
2.978800 
2.979100 
2.979200 
2.979700 
2.980100 
2.980100 
2.980300 
2.981700 
2.982200 
2.982200 
2.983000 
2.983100 
2.983100 
2.984600 
2.984700 
2.985300 
2.986200 
2.986700 
2.987200 
2.987900 
2.989000 
2.989000 
2.990700 
2.991200 
2.992600 
2.992900 
2.993600 
2.994200 
2.995000 
2.995400 
2.995500 
2.997400 
2.999000 
2.999300 
3.000100 
3.000300 
3.000800 
3.003100 
3.003200 
3.003600 
3.003900 
3.004000 
3.004900 
3.005000 
3.005600 
3.006100 
3.006600 
3.006800 
3.008700 
3.008800 
3.009500 
3.009600 
3.009600 
3.012800 
3.013500 
3.013600 
3.014600 
3.014800 
3.014800 
3.016100 
3.016600 
3.017700 
3.017900 
3.018000 
3.018300 
3.018500 
3.018700 
3.019300 
3.019700 
3.020200 
3.020700 
3.020800 
3.022100 
3.022100 
3.023000 
3.023200 
3.024500 
3.025100 
3.025200 
3.025400 
3.025400 
3.027400 
3.027600 
3.027800 
3.027900 
3.027900 
3.028600 
3.029000 
3.029200 
3.029900 
3.030000 
3.030300 
3.030500 
3.031800 
3.032000 
3.032300 
3.032400 
3.032700 
3.032900 
3.033500 
3.033700 
3.034400 
3.034500 
3.035000 
3.036600 
3.036600 
3.036700 
3.037000 
3.037600 
3.037600 
3.038200 
3.038500 
3.038700 
3.038800 
3.038900 
3.039000 
3.039700 
3.040000 
3.040800 
3.041300 
3.041700 
3.042000 
3.042500 
3.042500 
3.042600 
3.043000 
3.043400 
3.044000 
3.044100 
3.044200 
3.044300 
3.044700 
3.044900 
3.045100 
3.045200 
3.045900 
3.046400 
3.046400 
3.046500 
3.047000 
3.047400 
3.047600 
3.047700 
3.047800 
3.048400 
3.048800 
3.049100 
3.049400 
3.049900 
3.049900 
3.050300 
3.050400 
3.050600 
3.050600 
3.050700 
3.051300 
3.051300 
3.051600 
3.051800 
3.052300 
3.052500 
3.053200 
3.053300 
3.056300 
3.056700 
3.056700 
3.057500 
3.057700 
3.058100 
3.058800 
3.059100 
3.059200 
3.060100 
3.060300 
3.060300 
3.060800 
3.060900 
3.062500 
3.062600 
3.062700 
3.063700 
3.063900 
3.064100 
3.064700 
3.064900 
3.065700 
3.065700 
3.066200 
3.067200 
3.067800 
3.068000 
3.068000 
3.068500 
3.069100 
3.069200 
3.069600 
3.070000 
3.071400 
3.071400 
3.072600 
3.073600 
3.073700 
3.074200 
3.074200 
3.074200 
3.074300 
3.074600 
3.074900 
3.075000 
3.075200 
3.075300 
3.076500 
3.076700 
3.077700 
3.077900 
3.078700 
3.078900 
3.079800 
3.080300 
3.080300 
3.081000 
3.081000 
3.081600 
3.082000 
3.082200 
3.082700 
3.083200 
3.083500 
3.083700 
3.083800 
3.084400 
3.085600 
3.086100 
3.086500 
3.086800 
3.087100 
3.087700 
3.087700 
3.088700 
3.088700 
3.088900 
3.089500 
3.089700 
3.089700 
3.089700 
3.090000 
3.090200 
3.090700 
3.090700 
3.090800 
3.091800 
3.092000 
3.092600 
3.093200 
3.093600 
3.094400 
3.094900 
3.095100 
3.095300 
3.095400 
3.095700 
3.095900 
3.096000 
3.097100 
3.097500 
3.097700 
3.098300 
3.098600 
3.099500 
3.100500 
3.100500 
3.101000 
3.101200 
3.101400 
3.101900 
3.102500 
3.102900 
3.104000 
3.105600 
3.105600 
3.106600 
3.107000 
3.107100 
3.107400 
3.107400 
3.107500 
3.108000 
3.108500 
3.108800 
3.109000 
3.109700 
3.110500 
3.110500 
3.111000 
3.111200 
3.111400 
3.111600 
3.112200 
3.112300 
3.112700 
3.113300 
3.113400 
3.113700 
3.113800 
3.114300 
3.114300 
3.114300 
3.114500 
3.115500 
3.115600 
3.115800 
3.116200 
3.116900 
3.117500 
3.117600 
3.118900 
3.118900 
3.119000 
3.119100 
3.119300 
3.120100 
3.120100 
3.120300 
3.120500 
3.120500 
3.121400 
3.122000 
3.122300 
3.122500 
3.122600 
3.123100 
3.123900 
3.124600 
3.125300 
3.125900 
3.126400 
3.128300 
3.130500 
3.130700 
3.130800 
3.130800 
3.131300 
3.131700 
3.132300 
3.132600 
3.133400 
3.133400 
3.133600 
3.134000 
3.134900 
3.135700 
3.136300 
3.136400 
3.137200 
3.137400 
3.137500 
3.137900 
3.138200 
3.138600 
3.139000 
3.139100 
3.139400 
3.139400 
3.139700 
3.140400 
3.141800 
3.142200 
3.142300 
3.142500 
3.143000 
3.143300 
3.143900 
3.143900 
3.146100 
3.146100 
3.146500 
3.147200 
3.148000 
3.148300 
3.149200 
3.149500 
3.150500 
3.150700 
3.151100 
3.151400 
3.151600 
3.151800 
3.152100 
3.152200 
3.152300 
3.152500 
3.152800 
3.153200 
3.154400 
3.154400 
3.154500 
3.154600 
3.155800 
3.157000 
3.157100 
3.157500 
3.158600 
3.158900 
3.159400 
3.159500 
3.159600 
3.159700 
3.159900 
3.160700 
3.161200 
3.161300 
3.161500 
3.162000 
3.162600 
3.162800 
3.163400 
3.163400 
3.163500 
3.164100 
3.164300 
3.164300 
3.164300 
3.164300 
3.164500 
3.164500 
3.164900 
3.165500 
3.165700 
3.166000 
3.166100 
3.166200 
3.166500 
3.167000 
3.167100 
3.167600 
3.168400 
3.168700 
3.169400 
3.169500 
3.170500 
3.170500 
3.170500 
3.170500 
3.171200 
3.171400 
3.171900 
3.171900 
3.171900 
3.172700 
3.174500 
3.175800 
3.176300 
3.176600 
3.177200 
3.177500 
3.177700 
3.177900 
3.179300 
3.180100 
3.180500 
3.180600 
3.181400 
3.181600 
3.181800 
3.182800 
3.182800 
3.183000 
3.183600 
3.183700 
3.183800 
3.183900 
3.184300 
3.185200 
3.185700 
3.186100 
3.187000 
3.187300 
3.187300 
3.187600 
3.187600 
3.188500 
3.188700 
3.190000 
3.190400 
3.190500 
3.190800 
3.191300 
3.192500 
3.193400 
3.193500 
3.193600 
3.194000 
3.194000 
3.194100 
3.194300 
3.195000 
3.195300 
3.196400 
3.197600 
3.198800 
3.199400 
3.199600 
3.200800 
3.201200 
3.201400 
3.201900 
3.202400 
3.202500 
3.204600 
3.205900 
3.207400 
3.207900 
3.207900 
3.208500 
3.209900 
3.210800 
3.210900 
3.210900 
3.211200 
3.212200 
3.212900 
3.213600 
3.213700 
3.213900 
3.215400 
3.216300 
3.216400 
3.218400 
3.219000 
3.220700 
3.221800 
3.222200 
3.222800 
3.224200 
3.225500 
3.225900 
3.226800 
3.227100 
3.228900 
3.229300 
3.231300 
3.232400 
3.232900 
3.233000 
3.233800 
3.236700 
3.237600 
3.237900 
3.238300 
3.238800 
3.238800 
3.239400 
3.239800 
3.240000 
3.243700 
3.244400 
3.245100 
3.245500 
3.245800 
3.246500 
3.246600 
3.246800 
3.247000 
3.247300 
3.247600 
3.248400 
3.248500 
3.250100 
3.250400 
3.250500 
3.250800 
3.251200 
3.252100 
3.252200 
3.252400 
3.253200 
3.253800 
3.254600 
3.254700 
3.255000 
3.255600 
3.255900 
3.256800 
3.257500 
3.257700 
3.258200 
3.258900 
3.258900 
3.259100 
3.259100 
3.259200 
3.260200 
3.260900 
3.261800 
3.261900 
3.261900 
3.262400 
3.262400 
3.262400 
3.262600 
3.262800 
3.263000 
3.263600 
3.263800 
3.264100 
3.264100 
3.264700 
3.265800 
3.267200 
3.267300 
3.268200 
3.268300 
3.268400 
3.269100 
3.269600 
3.270000 
3.270500 
3.271700 
3.271800 
3.272400 
3.272600 
3.273400 
3.274000 
3.274600 
3.274600 
3.275000 
3.276100 
3.276600 
3.276900 
3.277000 
3.277300 
3.278000 
3.278800 
3.279100 
3.279400 
3.279600 
3.280400 
3.281100 
3.281500 
3.281500 
3.281600 
3.282200 
3.283300 
3.283600 
3.285800 
3.286000 
3.286000 
3.287000 
3.287500 
3.289700 
3.289700 
3.290400 
3.291100 
3.291700 
3.292500 
3.294600 
3.294700 
3.295800 
3.295800 
3.296400 
3.296600 
3.296800 
3.296900 
3.297200 
3.297500 
3.297900 
3.298100 
3.298200 
3.299900 
3.300200 
3.301400 
3.301600 
3.302700 
3.303000 
3.304400 
3.306200 
3.306300 
3.307100 
3.307300 
3.307800 
3.308000 
3.308400 
3.308700 
3.308800 
3.309100 
3.309300 
3.309600 
3.309900 
3.310000 
3.310500 
3.311000 
3.312100 
3.313200 
3.313400 
3.313600 
3.314200 
3.314500 
3.315900 
3.316400 
3.317400 
3.317500 
3.317900 
3.317900 
3.318100 
3.318600 
3.319000 
3.319200 
3.319200 
3.319500 
3.319900 
3.320500 
3.320700 
3.321400 
3.322700 
3.323100 
3.323900 
3.324200 
3.325100 
3.325500 
3.325700 
3.325900 
3.326000 
3.326000 
3.326600 
3.326600 
3.327900 
3.328100 
3.329300 
3.329900 
3.330500 
3.330900 
3.332400 
3.332400 
3.333300 
3.333900 
3.334000 
3.334900 
3.336000 
3.336200 
3.336500 
3.337200 
3.337800 
3.338600 
3.338700 
3.339400 
3.339400 
3.340900 
3.341400 
3.342300 
3.342400 
3.343700 
3.344100 
3.344100 
3.344500 
3.344500 
3.345200 
3.345500 
3.348400 
3.349000 
3.349200 
3.350900 
3.351100 
3.351300 
3.351400 
3.351900 
3.352100 
3.352200 
3.352700 
3.353200 
3.353900 
3.354000 
3.354100 
3.356100 
3.356800 
3.357500 
3.357500 
3.358200 
3.358600 
3.358800 
3.359100 
3.359800 
3.360400 
3.360800 
3.361500 
3.361600 
3.361800 
3.362700 
3.365400 
3.365700 
3.366000 
3.366100 
3.366200 
3.367200 
3.368200 
3.368600 
3.369400 
3.369500 
3.369800 
3.370700 
3.370800 
3.373100 
3.373400 
3.373900 
3.374100 
3.374100 
3.375000 
3.375600 
3.376100 
3.376200 
3.376900 
3.377300 
3.378400 
3.378700 
3.379900 
3.380600 
3.381200 
3.381200 
3.381400 
3.381600 
3.382100 
3.382500 
3.382800 
3.382900 
3.383900 
3.384000 
3.385800 
3.387100 
3.387200 
3.387500 
3.387800 
3.388500 
3.389100 
3.390100 
3.390400 
3.391000 
3.391100 
3.391500 
3.392000 
3.393300 
3.393400 
3.393500 
3.394000 
3.394300 
3.394700 
3.394700 
3.394900 
3.395000 
3.395200 
3.395300 
3.395800 
3.395900 
3.395900 
3.396200 
3.396200 
3.396900 
3.397200 
3.397200 
3.397200 
3.398700 
3.398900 
3.399300 
3.399900 
3.401200 
3.401900 
3.403100 
3.403300 
3.403700 
3.403800 
3.404100 
3.404400 
3.405500 
3.406800 
3.406900 
3.407500 
3.408000 
3.408000 
3.408700 
3.409800 
3.409900 
3.409900 
3.410000 
3.411300 
3.411900 
3.412000 
3.413200 
3.415200 
3.415800 
3.415800 
3.416800 
3.417200 
3.417300 
3.417400 
3.417700 
3.418300 
3.418500 
3.418600 
3.418900 
3.419600 
3.419600 
3.420300 
3.421300 
3.421900 
3.422200 
3.422300 
3.422600 
3.422900 
3.424300 
3.425000 
3.425000 
3.425100 
3.425300 
3.425400 
3.426500 
3.426800 
3.427200 
3.427700 
3.427800 
3.428500 
3.430100 
3.430300 
3.430800 
3.431600 
3.431900 
3.431900 
3.432100 
3.432100 
3.432200 
3.433200 
3.434600 
3.435800 
3.436900 
3.437100 
3.437200 
3.439000 
3.440100 
3.440600 
3.440700 
3.441900 
3.441900 
3.442000 
3.442400 
3.442800 
3.442800 
3.442800 
3.442900 
3.443200 
3.443300 
3.443800 
3.445800 
3.445900 
3.446700 
3.447200 
3.448500 
3.449400 
3.449400 
3.449600 
3.450000 
3.451000 
3.451600 
3.452300 
3.453400 
3.453500 
3.453800 
3.454700 
3.455400 
3.455500 
3.455700 
3.455700 
3.456200 
3.456800 
3.457000 
3.457200 
3.457300 
3.458000 
3.458800 
3.458800 
3.458900 
3.459000 
3.459300 
3.459600 
3.460000 
3.460700 
3.461400 
3.461700 
3.462000 
3.462000 
3.464000 
3.464500 
3.464500 
3.464700 
3.464900 
3.465600 
3.465800 
3.466700 
3.466900 
3.467300 
3.467700 
3.468000 
3.468500 
3.468600 
3.468800 
3.469200 
3.469500 
3.469700 
3.470300 
3.470900 
3.470900 
3.471200 
3.471400 
3.471700 
3.471900 
3.472300 
3.472600 
3.472700 
3.473800 
3.474500 
3.475200 
3.475400 
3.475500 
3.476000 
3.476200 
3.476300 
3.476400 
3.476800 
3.477200 
3.477400 
3.477400 
3.477500 
3.477800 
3.478300 
3.478600 
3.478600 
3.479200 
3.479500 
3.479700 
3.480100 
3.480200 
3.480800 
3.481100 
3.482400 
3.482600 
3.483500 
3.483800 
3.484100 
3.484100 
3.484100 
3.484800 
3.485100 
3.486100 
3.486600 
3.486600 
3.487000 
3.487300 
3.487600 
3.487600 
3.487600 
3.488800 
3.489200 
3.489500 
3.489500 
3.490200 
3.490500 
3.491000 
3.491700 
3.491800 
3.492200 
3.492300 
3.492700 
3.495200 
3.495300 
3.496300 
3.496600 
3.496700 
3.497500 
3.497500 
3.498100 
3.498600 
3.499800 
3.499800 
3.500000 
3.500000 
3.501000 
3.501100 
3.501300 
3.501300 
3.501600 
3.502200 
3.502500 
3.504200 
3.504300 
3.505700 
3.506800 
3.508300 
3.508700 
3.509600 
3.511400 
3.511900 
3.512300 
3.512700 
3.512700 
3.512800 
3.513000 
3.513500 
3.516200 
3.516800 
3.518600 
3.518800 
3.519300 
3.519400 
3.519400 
3.521800 
3.522300 
3.522700 
3.522800 
3.523200 
3.523700 
3.523700 
3.523900 
3.524300 
3.525300 
3.525500 
3.525600 
3.526200 
3.526500 
3.527600 
3.527700 
3.529200 
3.529200 
3.530600 
3.531500 
3.531800 
3.532100 
3.532100 
3.532500 
3.532900 
3.533000 
3.533400 
3.535100 
3.536000 
3.536200 
3.536400 
3.536800 
3.537000 
3.537100 
3.538000 
3.538300 
3.538700 
3.540900 
3.541300 
3.541800 
3.542300 
3.542500 
3.545900 
3.546100 
3.548700 
3.549000 
3.549400 
3.549900 
3.550600 
3.550700 
3.551200 
3.551900 
3.552300 
3.552800 
3.552900 
3.553100 
3.553200 
3.554000 
3.554100 
3.554500 
3.554600 
3.554800 
3.554900 
3.555000 
3.555600 
3.555700 
3.555800 
3.556300 
3.557100 
3.558900 
3.559100 
3.559500 
3.559700 
3.560200 
3.561300 
3.561400 
3.561500 
3.561500 
3.562100 
3.562500 
3.563800 
3.563900 
3.564900 
3.565000 
3.565100 
3.566800 
3.570300 
3.571200 
3.571400 
3.571800 
3.573300 
3.573300 
3.573500 
3.574200 
3.576700 
3.577100 
3.577400 
3.577500 
3.577600 
3.578000 
3.579200 
3.579400 
3.579700 
3.581600 
3.581800 
3.581800 
3.581900 
3.582800 
3.583100 
3.583600 
3.583800 
3.584200 
3.584300 
3.584300 
3.584400 
3.584700 
3.584900 
3.585100 
3.585700 
3.586600 
3.587600 
3.587800 
3.587900 
3.587900 
3.588300 
3.588500 
3.589000 
3.589400 
3.589500 
3.590100 
3.590200 
3.590800 
3.592100 
3.592300 
3.593000 
3.593000 
3.593300 
3.593300 
3.593500 
3.594000 
3.594600 
3.594800 
3.595900 
3.599000 
3.599700 
3.599800 
3.600700 
3.601100 
3.601300 
3.601300 
3.601800 
3.603000 
3.603100 
3.603700 
3.603900 
3.604700 
3.605300 
3.606200 
3.607600 
3.609000 
3.609900 
3.610200 
3.611800 
3.612200 
3.612800 
3.613000 
3.613600 
3.613800 
3.613900 
3.614000 
3.614000 
3.614300 
3.615100 
3.615800 
3.616100 
3.616100 
3.616200 
3.616300 
3.616400 
3.616500 
3.617100 
3.617200 
3.617200 
3.617900 
3.618300 
3.618700 
3.619300 
3.620200 
3.620700 
3.621200 
3.622200 
3.622700 
3.622700 
3.623000 
3.623200 
3.624000 
3.624000 
3.624300 
3.625500 
3.625900 
3.627100 
3.627200 
3.627900 
3.628000 
3.628700 
3.628800 
3.629800 
3.630000 
3.630900 
3.631000 
3.631000 
3.631100 
3.631200 
3.632500 
3.632800 
3.633300 
3.634100 
3.636500 
3.637500 
3.638100 
3.638300 
3.638800 
3.639600 
3.640300 
3.641500 
3.642500 
3.642600 
3.643400 
3.643800 
3.644100 
3.644500 
3.644600 
3.645800 
3.646900 
3.647100 
3.647200 
3.647200 
3.647400 
3.647600 
3.648800 
3.650700 
3.652100 
3.653100 
3.653200 
3.653500 
3.653800 
3.654400 
3.654900 
3.655000 
3.655100 
3.655300 
3.655900 
3.657400 
3.658100 
3.658200 
3.658200 
3.658700 
3.658900 
3.659100 
3.659300 
3.659900 
3.661200 
3.661300 
3.662100 
3.662600 
3.663000 
3.663300 
3.663400 
3.663700 
3.663800 
3.665400 
3.665800 
3.667000 
3.667200 
3.667600 
3.668100 
3.668400 
3.668500 
3.668600 
3.669400 
3.670000 
3.670600 
3.670600 
3.671300 
3.671500 
3.672000 
3.672100 
3.674600 
3.674800 
3.677200 
3.680100 
3.680200 
3.681200 
3.681500 
3.681900 
3.682900 
3.683800 
3.684500 
3.684600 
3.684700 
3.685200 
3.685300 
3.685500 
3.685600 
3.686200 
3.686700 
3.687000 
3.687500 
3.688100 
3.689200 
3.690500 
3.690900 
3.691200 
3.691400 
3.691600 
3.692100 
3.692800 
3.693100 
3.694200 
3.696700 
3.697100 
3.697900 
3.697900 
3.698400 
3.699000 
3.699100 
3.699300 
3.699400 
3.699700 
3.700900 
3.701100 
3.701200 
3.701400 
3.701400 
3.702100 
3.702400 
3.702500 
3.703500 
3.703900 
3.703900 
3.706000 
3.706100 
3.707600 
3.710500 
3.711000 
3.711300 
3.711400 
3.711500 
3.712600 
3.712700 
3.713400 
3.713500 
3.713600 
3.713700 
3.714300 
3.714500 
3.714600 
3.715300 
3.715300 
3.715400 
3.716300 
3.716400 
3.716400 
3.717600 
3.717700 
3.718300 
3.718600 
3.720600 
3.720900 
3.722500 
3.722800 
3.722800 
3.723200 
3.723600 
3.723800 
3.725200 
3.726600 
3.726700 
3.726900 
3.727000 
3.727300 
3.727600 
3.727700 
3.728000 
3.729000 
3.729200 
3.730900 
3.731000 
3.731200 
3.732200 
3.732200 
3.732800 
3.733000 
3.733100 
3.733500 
3.733900 
3.734300 
3.734800 
3.735400 
3.735900 
3.736000 
3.736300 
3.736600 
3.737800 
3.737900 
3.737900 
3.739400 
3.739800 
3.739800 
3.740900 
3.740900 
3.741300 
3.742000 
3.742000 
3.742800 
3.744300 
3.744800 
3.745100 
3.745200 
3.745300 
3.745400 
3.746600 
3.746900 
3.747100 
3.747600 
3.748300 
3.748400 
3.749000 
3.749500 
3.749700 
3.749700 
3.749900 
3.750500 
3.750600 
3.750900 
3.751000 
3.751100 
3.752800 
3.753600 
3.754100 
3.754100 
3.754100 
3.755300 
3.755700 
3.755900 
3.756200 
3.756800 
3.757300 
3.758300 
3.758600 
3.758700 
3.759400 
3.760000 
3.760200 
3.760600 
3.761000 
3.761100 
3.761200 
3.761900 
3.763600 
3.764800 
3.765400 
3.765400 
3.765400 
3.765500 
3.765900 
3.767500 
3.768300 
3.768800 
3.770900 
3.771000 
3.771000 
3.771100 
3.771700 
3.772600 
3.772800 
3.773000 
3.773500 
3.773800 
3.774300 
3.775300 
3.775400 
3.775500 
3.775600 
3.777500 
3.778000 
3.778400 
3.778400 
3.778900 
3.779400 
3.779800 
3.780000 
3.780000 
3.780300 
3.780700 
3.780900 
3.781300 
3.781600 
3.781600 
3.781800 
3.781800 
3.782000 
3.782000 
3.783000 
3.783300 
3.783700 
3.783700 
3.783800 
3.783800 
3.784300 
3.785300 
3.785700 
3.785800 
3.786100 
3.786700 
3.787000 
3.787300 
3.787400 
3.787500 
3.789100 
3.789600 
3.789800 
3.790200 
3.790500 
3.790500 
3.790900 
3.791500 
3.792400 
3.792700 
3.793000 
3.793100 
3.794700 
3.795000 
3.795600 
3.795700 
3.795900 
3.796500 
3.796500 
3.796500 
3.796600 
3.796800 
3.796900 
3.797400 
3.797600 
3.798500 
3.799100 
3.799100 
3.799500 
3.799600 
3.800100 
3.800100 
3.801100 
3.802300 
3.802500 
3.802900 
3.803100 
3.803600 
3.803700 
3.804700 
3.805200 
3.806000 
3.806100 
3.806100 
3.806500 
3.806600 
3.807800 
3.808000 
3.808100 
3.808200 
3.808900 
3.809000 
3.810500 
3.810800 
3.811600 
3.812200 
3.812200 
3.813100 
3.813700 
3.814400 
3.814500 
3.814800 
3.815500 
3.815500 
3.815600 
3.816100 
3.816300 
3.816400 
3.816600 
3.816600 
3.817600 
3.818000 
3.818800 
3.818900 
3.818900 
3.820600 
3.820800 
3.820900 
3.821000 
3.821200 
3.821300 
3.822200 
3.822400 
3.822700 
3.822900 
3.823000 
3.823100 
3.823300 
3.824600 
3.824700 
3.824800 
3.825000 
3.825200 
3.826500 
3.827500 
3.827500 
3.828100 
3.828400 
3.829100 
3.829200 
3.830100 
3.830400 
3.831100 
3.831200 
3.831700 
3.831700 
3.831800 
3.832100 
3.832800 
3.832900 
3.833500 
3.834000 
3.834100 
3.834200 
3.834300 
3.834300 
3.835400 
3.835400 
3.835600 
3.835700 
3.836500 
3.837000 
3.837100 
3.837300 
3.837500 
3.837600 
3.839300 
3.840100 
3.841900 
3.842300 
3.843000 
3.843700 
3.844200 
3.845300 
3.845400 
3.846100 
3.846200 
3.846500 
3.847700 
3.849700 
3.850900 
3.852800 
3.853100 
3.853200 
3.853300 
3.853800 
3.854000 
3.854000 
3.854600 
3.855000 
3.856000 
3.856200 
3.856200 
3.856500 
3.856800 
3.857300 
3.857600 
3.858400 
3.859600 
3.859800 
3.860400 
3.860500 
3.860600 
3.861400 
3.861700 
3.862500 
3.862500 
3.863200 
3.863300 
3.863400 
3.863500 
3.864400 
3.864800 
3.864900 
3.865200 
3.865400 
3.865400 
3.865500 
3.865900 
3.866200 
3.866200 
3.866900 
3.867000 
3.867700 
3.868300 
3.868600 
3.869100 
3.869400 
3.870400 
3.870700 
3.870700 
3.870900 
3.870900 
3.871600 
3.871800 
3.872300 
3.872400 
3.872900 
3.873300 
3.873800 
3.876700 
3.878100 
3.878100 
3.879600 
3.879800 
3.880200 
3.882000 
3.882800 
3.882900 
3.883400 
3.884600 
3.885100 
3.887300 
3.887900 
3.888000 
3.888900 
3.889300 
3.889400 
3.889600 
3.890100 
3.890900 
3.892000 
3.892100 
3.892200 
3.892400 
3.892600 
3.892800 
3.892900 
3.894700 
3.894800 
3.895100 
3.895500 
3.896600 
3.897200 
3.897200 
3.899400 
3.899500 
3.899500 
3.900300 
3.900600 
3.900700 
3.901100 
3.901600 
3.902600 
3.903200 
3.903500 
3.903600 
3.904900 
3.905300 
3.905600 
3.905700 
3.905800 
3.906600 
3.906700 
3.906800 
3.906900 
3.907200 
3.907300 
3.907500 
3.907900 
3.908500 
3.909600 
3.909900 
3.910100 
3.910200 
3.910300 
3.910700 
3.911900 
3.912400 
3.913300 
3.914100 
3.915300 
3.915300 
3.915500 
3.916800 
3.917900 
3.918700 
3.921700 
3.922000 
3.922500 
3.923300 
3.923400 
3.924200 
3.924900 
3.925200 
3.925500 
3.925500 
3.925600 
3.925800 
3.926200 
3.926600 
3.926900 
3.927000 
3.927100 
3.927500 
3.928100 
3.929300 
3.930000 
3.931200 
3.931900 
3.933300 
3.934000 
3.934500 
3.934500 
3.934600 
3.935900 
3.936700 
3.937100 
3.937400 
3.937800 
3.939100 
3.940000 
3.941300 
3.943300 
3.943700 
3.943700 
3.944000 
3.945400 
3.945700 
3.947100 
3.947800 
3.948000 
3.948400 
3.948800 
3.949600 
3.949700 
3.950200 
3.950400 
3.952100 
3.952200 
3.952300 
3.952500 
3.952600 
3.953000 
3.953000 
3.953000 
3.954300 
3.954800 
3.955600 
3.956000 
3.956200 
3.956400 
3.956600 
3.956600 
3.956600 
3.956700 
3.956900 
3.958600 
3.958900 
3.959100 
3.959700 
3.960300 
3.960600 
3.961000 
3.961300 
3.961700 
3.961800 
3.962200 
3.962900 
3.963200 
3.964600 
3.966100 
3.967000 
3.967700 
3.967800 
3.968400 
3.968600 
3.968600 
3.968700 
3.968800 
3.969000 
3.970000 
3.970000 
3.970800 
3.971400 
3.971600 
3.971700 
3.973200 
3.973300 
3.974100 
3.975100 
3.975100 
3.976100 
3.976100 
3.976100 
3.976800 
3.976800 
3.977400 
3.978100 
3.978400 
3.978800 
3.979100 
3.979500 
3.979800 
3.979900 
3.980300 
3.980400 
3.980500 
3.981400 
3.981400 
3.981700 
3.981800 
3.982100 
3.982500 
3.983400 
3.983900 
3.984100 
3.984200 
3.984300 
3.984500 
3.985200 
3.986400 
3.986600 
3.986800 
3.987700 
3.987900 
3.988400 
3.989000 
3.989400 
3.989800 
3.990900 
3.991000 
3.992600 
3.992700 
3.993000 
3.993300 
3.995400 
3.996900 
3.997500 
3.997600 
3.998200 
3.999300 
