0.012800 
0.021400 
0.021800 
0.024300 
0.024900 
0.027500 
0.027800 
0.029300 
0.031300 
0.031800 
0.032200 
0.033500 
0.039400 
0.040300 
0.044100 
0.047800 
0.048700 
0.050900 
0.053200 
0.053200 
0.053300 
0.055900 
0.058000 
0.059700 
0.069000 
0.071300 
0.075500 
0.077200 
0.082000 
0.082800 
0.083000 
0.085300 
0.085400 
0.085500 
0.085600 
0.086100 
0.088200 
0.088700 
0.089600 
0.090800 
0.098600 
0.099500 
0.103200 
0.104200 
0.112300 
0.119200 
0.124300 
0.125500 
0.125600 
0.127800 
0.128600 
0.130100 
0.134600 
0.138800 
0.138800 
0.146500 
0.146500 
0.148500 
0.150000 
0.156500 
0.157000 
0.157900 
0.159100 
0.159300 
0.162400 
0.163900 
0.169500 
0.169800 
0.170300 
0.170800 
0.171200 
0.172900 
0.173000 
0.173800 
0.177300 
0.178200 
0.178400 
0.179500 
0.179600 
0.180300 
0.181400 
0.182100 
0.182300 
0.183200 
0.184500 
0.185400 
0.186100 
0.189100 
0.191200 
0.196400 
0.196700 
0.198700 
0.198900 
0.200600 
0.201900 
0.204800 
0.207200 
0.216000 
0.216900 
0.219200 
0.219900 
0.220200 
0.221100 
0.221400 
0.223200 
0.228600 
0.231200 
0.231300 
0.233600 
0.234500 
0.238100 
0.240600 
0.243700 
0.248100 
0.249600 
0.251400 
0.254400 
0.254500 
0.257900 
0.261400 
0.264500 
0.269100 
0.272400 
0.272500 
0.273100 
0.274800 
0.276900 
0.277400 
0.285700 
0.287000 
0.287700 
0.287800 
0.289600 
0.291700 
0.292700 
0.293500 
0.294300 
0.294600 
0.295800 
0.296200 
0.297900 
0.302800 
0.304500 
0.305600 
0.307800 
0.309000 
0.309000 
0.309200 
0.310700 
0.315000 
0.321400 
0.322100 
0.323600 
0.329600 
0.330100 
0.332400 
0.333800 
0.335900 
0.337800 
0.340400 
0.341000 
0.341700 
0.344200 
0.347200 
0.351000 
0.354900 
0.355900 
0.356400 
0.357600 
0.361000 
0.361500 
0.367200 
0.370500 
0.370600 
0.372100 
0.372200 
0.375300 
0.376800 
0.377100 
0.381300 
0.381500 
0.385100 
0.387700 
0.389400 
0.391600 
0.391800 
0.392000 
0.393400 
0.393700 
0.396400 
0.396500 
0.399200 
0.400400 
0.410200 
0.411200 
0.415400 
0.415800 
0.416400 
0.417900 
0.418100 
0.419400 
0.422400 
0.423300 
0.424900 
0.426200 
0.427900 
0.429400 
0.432600 
0.433600 
0.436800 
0.439000 
0.442800 
0.447600 
0.452500 
0.453100 
0.454700 
0.455400 
0.455600 
0.458100 
0.458400 
0.460700 
0.463300 
0.469400 
0.469500 
0.470000 
0.471100 
0.472900 
0.480100 
0.481100 
0.481500 
0.485500 
0.486800 
0.487300 
0.491800 
0.492100 
0.497000 
0.497100 
0.497600 
0.499300 
0.500400 
0.501600 
0.505700 
0.506600 
0.506900 
0.507000 
0.508600 
0.515300 
0.515500 
0.515700 
0.518200 
0.518200 
0.523000 
0.525200 
0.527300 
0.534000 
0.536500 
0.536600 
0.539000 
0.541100 
0.544500 
0.544800 
0.545400 
0.548700 
0.550800 
0.552200 
0.553600 
0.555200 
0.559000 
0.559100 
0.560100 
0.560900 
0.561900 
0.562900 
0.567700 
0.570200 
0.571500 
0.572600 
0.572700 
0.575600 
0.577400 
0.578100 
0.579200 
0.579400 
0.579600 
0.580500 
0.584200 
0.585500 
0.586100 
0.589100 
0.589700 
0.590800 
0.591800 
0.594300 
0.599700 
0.601400 
0.603100 
0.604200 
0.604800 
0.607000 
0.609600 
0.614700 
0.615400 
0.617100 
0.617400 
0.619200 
0.620800 
0.624400 
0.624900 
0.626700 
0.627500 
0.630400 
0.630600 
0.633600 
0.634100 
0.637400 
0.637900 
0.643200 
0.647500 
0.648000 
0.650900 
0.652200 
0.654400 
0.654900 
0.656400 
0.657900 
0.661800 
0.662000 
0.663000 
0.663400 
0.665500 
0.669000 
0.669100 
0.669200 
0.669500 
0.673900 
0.675300 
0.680500 
0.680800 
0.683300 
0.683600 
0.686800 
0.691900 
0.693100 
0.693100 
0.705300 
0.706500 
0.708300 
0.708500 
0.709300 
0.710500 
0.711600 
0.717500 
0.719000 
0.719400 
0.719800 
0.720100 
0.721200 
0.722400 
0.725500 
0.726500 
0.732300 
0.735400 
0.737600 
0.740100 
0.740400 
0.740800 
0.749000 
0.753000 
0.754500 
0.756000 
0.758700 
0.759400 
0.760500 
0.760500 
0.760900 
0.764500 
0.765000 
0.768800 
0.769200 
0.770200 
0.770300 
0.776900 
0.779400 
0.780600 
0.781200 
0.783900 
0.785600 
0.785600 
0.786800 
0.788000 
0.792400 
0.793000 
0.796200 
0.796400 
0.801300 
0.805100 
0.807700 
0.812500 
0.813800 
0.815000 
0.815200 
0.815700 
0.818200 
0.818400 
0.821200 
0.821800 
0.821900 
0.822700 
0.823000 
0.824600 
0.824600 
0.825000 
0.825200 
0.827200 
0.828300 
0.829900 
0.833600 
0.835300 
0.835600 
0.836600 
0.837700 
0.839700 
0.840400 
0.840900 
0.841900 
0.843600 
0.844900 
0.846100 
0.849100 
0.850000 
0.851500 
0.853000 
0.853700 
0.859200 
0.860900 
0.862100 
0.864200 
0.866000 
0.869600 
0.871900 
0.872900 
0.878500 
0.882500 
0.882700 
0.884100 
0.892300 
0.893200 
0.893400 
0.893700 
0.895000 
0.895900 
0.896600 
0.897100 
0.898100 
0.898600 
0.900500 
0.905200 
0.912000 
0.912000 
0.912900 
0.914700 
0.918400 
0.923400 
0.927700 
0.929900 
0.935800 
0.936200 
0.938400 
0.939200 
0.940000 
0.940900 
0.942100 
0.943400 
0.943900 
0.947100 
0.947100 
0.948200 
0.948400 
0.948800 
0.956000 
0.956500 
0.956700 
0.958300 
0.959600 
0.962900 
0.964400 
0.965800 
0.965900 
0.966400 
0.967200 
0.968500 
0.970700 
0.972000 
0.974700 
0.978200 
0.980600 
0.989500 
0.989600 
0.991800 
0.992800 
0.996300 
1.001000 
1.005900 
1.007300 
1.010900 
1.012700 
1.014600 
1.016100 
1.016300 
1.017200 
1.017900 
1.018900 
1.022600 
1.023500 
1.023900 
1.024200 
1.026200 
1.026400 
1.028200 
1.030100 
1.030400 
1.030600 
1.030800 
1.031800 
1.032900 
1.033100 
1.033300 
1.033300 
1.034900 
1.035300 
1.035800 
1.036200 
1.036300 
1.036900 
1.038000 
1.038600 
1.038600 
1.038600 
1.039900 
1.041000 
1.043500 
1.045100 
1.045200 
1.045700 
1.046700 
1.047300 
1.048600 
1.050100 
1.050300 
1.050600 
1.050800 
1.051400 
1.051700 
1.052000 
1.052500 
1.053600 
1.054300 
1.054300 
1.054400 
1.055600 
1.055700 
1.056100 
1.056100 
1.056700 
1.057100 
1.057300 
1.058500 
1.058600 
1.059200 
1.059300 
1.061100 
1.061500 
1.062100 
1.062300 
1.063100 
1.064300 
1.064500 
1.065800 
1.065800 
1.067100 
1.067300 
1.069800 
1.070300 
1.072500 
1.073100 
1.073900 
1.073900 
1.074400 
1.074800 
1.076500 
1.076600 
1.077100 
1.079500 
1.079700 
1.079900 
1.080300 
1.080400 
1.081200 
1.081900 
1.082000 
1.083400 
1.083900 
1.084300 
1.086300 
1.086500 
1.088100 
1.088300 
1.088400 
1.088700 
1.089100 
1.089300 
1.090500 
1.091400 
1.092300 
1.093900 
1.093900 
1.095900 
1.096700 
1.096700 
1.096800 
1.097300 
1.097400 
1.097600 
1.100300 
1.100600 
1.101000 
1.103000 
1.105400 
1.106500 
1.106500 
1.106700 
1.107100 
1.109100 
1.109400 
1.109500 
1.110500 
1.112500 
1.112600 
1.113000 
1.113200 
1.113600 
1.113900 
1.114100 
1.115200 
1.115300 
1.116100 
1.116700 
1.118200 
1.118300 
1.118500 
1.119000 
1.119300 
1.119400 
1.120300 
1.120700 
1.121900 
1.123800 
1.124600 
1.125200 
1.125200 
1.125400 
1.126300 
1.126900 
1.127300 
1.128300 
1.128300 
1.129000 
1.129100 
1.129800 
1.130200 
1.130400 
1.130600 
1.132400 
1.132400 
1.132700 
1.132900 
1.133200 
1.133300 
1.134100 
1.134900 
1.137400 
1.137700 
1.139200 
1.139200 
1.139800 
1.140100 
1.141500 
1.141600 
1.142200 
1.144000 
1.144100 
1.144300 
1.144400 
1.144600 
1.145600 
1.145800 
1.147300 
1.147800 
1.148200 
1.148400 
1.149200 
1.149400 
1.149800 
1.152200 
1.152900 
1.152900 
1.153400 
1.153500 
1.153700 
1.153700 
1.153800 
1.153900 
1.154300 
1.155400 
1.156000 
1.156800 
1.157900 
1.158500 
1.159000 
1.159200 
1.159400 
1.159700 
1.159800 
1.160400 
1.161200 
1.161300 
1.162100 
1.162300 
1.163600 
1.163800 
1.164800 
1.166400 
1.166700 
1.167800 
1.169300 
1.169300 
1.169600 
1.169700 
1.171000 
1.171800 
1.172000 
1.172900 
1.173700 
1.174800 
1.174900 
1.175400 
1.175500 
1.175500 
1.176200 
1.176900 
1.178700 
1.179200 
1.179400 
1.180500 
1.180800 
1.182500 
1.183800 
1.184500 
1.184700 
1.184800 
1.185000 
1.185100 
1.185500 
1.185900 
1.186600 
1.186900 
1.187600 
1.189000 
1.189600 
1.189900 
1.190100 
1.190100 
1.191100 
1.191300 
1.191500 
1.192500 
1.195200 
1.195300 
1.196000 
1.196400 
1.196600 
1.196900 
1.197000 
1.197200 
1.197800 
1.198000 
1.199400 
1.199600 
1.199600 
1.199900 
1.200000 
1.200800 
1.202100 
1.202500 
1.203600 
1.203600 
1.205100 
1.206200 
1.206400 
1.207200 
1.207500 
1.207500 
1.208100 
1.208100 
1.208700 
1.208900 
1.209300 
1.209600 
1.209800 
1.210200 
1.210500 
1.210600 
1.210600 
1.211000 
1.211300 
1.211400 
1.212000 
1.213500 
1.213900 
1.213900 
1.214000 
1.214300 
1.215500 
1.215900 
1.216200 
1.216600 
1.217100 
1.217900 
1.218600 
1.218900 
1.219000 
1.219500 
1.220500 
1.220600 
1.221700 
1.221900 
1.222700 
1.223200 
1.223300 
1.224900 
1.225700 
1.226000 
1.226100 
1.226400 
1.226800 
1.227700 
1.230700 
1.231100 
1.231400 
1.232000 
1.232000 
1.232100 
1.233200 
1.233600 
1.233600 
1.234900 
1.235300 
1.235500 
1.236400 
1.237300 
1.237300 
1.237600 
1.237800 
1.238600 
1.238900 
1.241800 
1.242300 
1.243200 
1.243800 
1.244400 
1.244900 
1.245300 
1.245400 
1.245700 
1.245800 
1.246400 
1.247600 
1.248000 
1.248100 
1.248300 
1.248700 
1.249200 
1.249600 
1.249700 
1.251200 
1.251400 
1.251500 
1.252200 
1.253500 
1.254100 
1.255000 
1.255000 
1.255400 
1.256300 
1.257200 
1.257500 
1.257800 
1.257900 
1.258300 
1.258500 
1.259100 
1.259600 
1.259900 
1.260200 
1.261900 
1.262600 
1.264000 
1.264300 
1.265500 
1.266300 
1.267200 
1.267300 
1.268300 
1.268900 
1.269200 
1.269500 
1.270200 
1.271000 
1.271200 
1.271900 
1.272600 
1.273900 
1.274200 
1.274900 
1.275000 
1.275000 
1.275200 
1.275700 
1.275900 
1.276000 
1.276500 
1.278200 
1.278900 
1.279200 
1.279300 
1.281100 
1.281400 
1.282300 
1.282800 
1.286200 
1.286400 
1.287000 
1.288000 
1.288200 
1.289300 
1.289400 
1.289900 
1.290400 
1.290700 
1.290700 
1.291400 
1.292100 
1.292500 
1.292700 
1.293200 
1.293800 
1.293900 
1.294100 
1.295400 
1.295500 
1.296500 
1.298200 
1.298300 
1.299200 
1.299300 
1.299600 
1.300200 
1.303200 
1.304400 
1.304700 
1.304700 
1.306400 
1.306800 
1.307600 
1.308100 
1.308200 
1.308300 
1.309500 
1.310700 
1.311100 
1.311500 
1.311500 
1.311700 
1.312300 
1.312300 
1.313000 
1.313000 
1.313400 
1.313800 
1.314100 
1.314700 
1.315100 
1.315200 
1.315700 
1.317000 
1.317100 
1.319400 
1.319500 
1.321000 
1.322000 
1.322300 
1.322600 
1.323200 
1.324400 
1.324500 
1.325000 
1.325900 
1.328400 
1.329300 
1.329800 
1.331300 
1.331700 
1.331900 
1.332000 
1.332200 
1.332500 
1.332700 
1.333000 
1.335100 
1.335700 
1.336500 
1.336600 
1.338600 
1.338800 
1.338900 
1.339100 
1.340800 
1.341000 
1.344600 
1.344900 
1.345100 
1.345500 
1.346600 
1.346800 
1.347100 
1.347500 
1.348000 
1.348400 
1.348600 
1.348900 
1.349100 
1.350100 
1.350100 
1.351100 
1.351900 
1.353200 
1.353400 
1.353900 
1.354400 
1.355000 
1.355300 
1.355600 
1.355600 
1.356000 
1.356000 
1.356800 
1.357300 
1.357600 
1.357600 
1.358200 
1.358500 
1.358600 
1.358900 
1.359100 
1.359200 
1.359900 
1.360000 
1.360200 
1.361100 
1.362400 
1.362600 
1.362700 
1.364400 
1.365500 
1.365800 
1.366500 
1.366700 
1.368500 
1.373000 
1.374600 
1.375400 
1.375900 
1.377200 
1.377300 
1.377600 
1.377700 
1.377900 
1.377900 
1.378000 
1.378300 
1.378500 
1.379200 
1.379300 
1.379600 
1.379700 
1.380800 
1.381900 
1.381900 
1.382800 
1.383500 
1.384300 
1.384300 
1.384700 
1.385400 
1.385600 
1.385900 
1.386600 
1.387300 
1.387800 
1.388200 
1.388800 
1.389400 
1.389700 
1.389800 
1.390100 
1.390600 
1.390700 
1.390800 
1.391300 
1.391700 
1.392500 
1.392700 
1.392900 
1.393400 
1.394100 
1.394400 
1.395900 
1.396500 
1.396800 
1.397100 
1.397700 
1.397900 
1.398400 
1.400100 
1.400400 
1.401400 
1.401400 
1.401700 
1.403600 
1.405600 
1.405900 
1.406100 
1.408800 
1.408900 
1.410100 
1.411300 
1.411300 
1.411300 
1.411500 
1.412100 
1.412400 
1.413200 
1.414400 
1.414700 
1.415200 
1.415600 
1.416700 
1.416700 
1.417300 
1.417400 
1.417600 
1.417700 
1.418200 
1.418600 
1.419100 
1.419300 
1.421500 
1.422100 
1.422800 
1.423500 
1.424100 
1.424300 
1.424300 
1.424600 
1.424700 
1.425800 
1.426200 
1.426700 
1.427100 
1.427200 
1.427600 
1.428100 
1.428100 
1.429200 
1.429700 
1.430200 
1.431100 
1.431700 
1.431800 
1.432000 
1.433000 
1.434600 
1.435100 
1.435500 
1.437400 
1.437700 
1.438200 
1.438200 
1.438600 
1.439000 
1.439100 
1.439200 
1.439900 
1.440000 
1.441100 
1.441600 
1.442800 
1.443000 
1.443400 
1.443600 
1.444800 
1.444800 
1.445500 
1.446100 
1.446900 
1.447300 
1.448300 
1.448500 
1.448600 
1.449200 
1.449900 
1.452400 
1.453400 
1.453800 
1.453900 
1.454600 
1.454900 
1.457800 
1.457900 
1.458500 
1.458700 
1.459200 
1.459800 
1.459900 
1.460000 
1.460300 
1.460500 
1.460900 
1.460900 
1.461800 
1.462000 
1.462700 
1.463400 
1.464600 
1.465300 
1.465400 
1.465800 
1.466000 
1.467000 
1.467700 
1.469100 
1.469100 
1.469300 
1.470200 
1.470700 
1.471200 
1.471400 
1.471700 
1.471900 
1.472000 
1.472600 
1.473800 
1.474400 
1.474800 
1.475900 
1.477000 
1.477500 
1.477800 
1.479000 
1.481100 
1.482100 
1.482600 
1.483800 
1.484900 
1.485600 
1.485700 
1.485800 
1.486200 
1.486700 
1.487300 
1.487800 
1.487900 
1.488300 
1.488600 
1.490200 
1.490600 
1.491800 
1.492000 
1.492400 
1.492500 
1.492900 
1.493600 
1.494100 
1.494300 
1.494500 
1.494500 
1.495700 
1.496600 
1.496600 
1.498500 
1.498800 
1.498800 
1.498800 
1.500600 
1.500800 
1.501800 
1.501900 
1.502700 
1.505100 
1.505100 
1.506200 
1.506900 
1.506900 
1.507900 
1.508400 
1.508500 
1.509000 
1.509200 
1.509600 
1.510400 
1.510900 
1.512600 
1.513100 
1.513500 
1.514300 
1.515500 
1.515500 
1.515600 
1.515900 
1.516300 
1.516400 
1.516700 
1.516900 
1.517100 
1.517500 
1.517900 
1.518100 
1.518200 
1.518400 
1.518400 
1.518700 
1.521900 
1.523300 
1.523400 
1.523600 
1.524400 
1.524700 
1.526600 
1.526900 
1.527000 
1.527300 
1.528000 
1.528400 
1.528700 
1.528900 
1.529000 
1.529100 
1.529300 
1.530600 
1.531300 
1.531700 
1.532000 
1.532600 
1.532700 
1.533100 
1.534300 
1.535600 
1.536200 
1.536900 
1.537600 
1.538200 
1.540200 
1.540500 
1.541200 
1.542800 
1.543100 
1.543900 
1.544200 
1.544600 
1.546700 
1.547100 
1.548800 
1.549100 
1.550200 
1.550300 
1.550500 
1.551200 
1.551900 
1.552200 
1.552400 
1.553500 
1.556000 
1.556100 
1.556500 
1.557200 
1.558200 
1.558700 
1.558900 
1.560000 
1.560200 
1.561000 
1.561300 
1.561400 
1.562300 
1.563200 
1.564800 
1.565000 
1.565200 
1.565400 
1.566600 
1.570500 
1.572200 
1.573700 
1.573900 
1.574300 
1.574900 
1.575300 
1.575700 
1.576700 
1.576800 
1.578100 
1.578600 
1.580300 
1.581100 
1.581300 
1.581300 
1.581900 
1.582000 
1.582700 
1.583700 
1.583800 
1.584300 
1.584700 
1.585100 
1.586000 
1.586600 
1.586900 
1.587100 
1.587200 
1.587400 
1.588200 
1.588400 
1.588700 
1.589100 
1.589100 
1.589300 
1.589400 
1.589600 
1.590300 
1.591000 
1.593000 
1.593200 
1.594400 
1.595000 
1.596900 
1.597300 
1.598000 
1.598600 
1.598700 
1.600600 
1.600600 
1.601200 
1.601500 
1.602100 
1.602600 
1.602900 
1.604800 
1.605000 
1.605500 
1.606900 
1.607300 
1.609200 
1.609200 
1.609600 
1.609800 
1.610100 
1.611100 
1.611900 
1.612100 
1.612200 
1.612600 
1.612700 
1.614600 
1.614800 
1.616200 
1.616200 
1.617700 
1.618000 
1.618000 
1.618100 
1.618900 
1.620200 
1.620200 
1.621500 
1.621600 
1.622000 
1.622200 
1.622400 
1.622600 
1.623500 
1.624000 
1.626800 
1.628300 
1.629200 
1.630300 
1.630700 
1.630900 
1.631000 
1.631400 
1.633700 
1.633900 
1.634100 
1.634500 
1.636800 
1.637000 
1.637600 
1.638000 
1.638800 
1.639200 
1.639900 
1.641800 
1.641900 
1.643000 
1.643000 
1.643200 
1.643200 
1.643400 
1.643800 
1.643900 
1.644700 
1.645300 
1.645600 
1.646300 
1.646800 
1.646900 
1.647500 
1.647800 
1.648600 
1.648800 
1.648900 
1.649000 
1.649400 
1.649400 
1.649700 
1.651100 
1.651800 
1.652100 
1.652400 
1.654200 
1.655200 
1.655700 
1.657300 
1.658700 
1.659300 
1.659500 
1.659500 
1.659900 
1.661900 
1.662400 
1.662700 
1.662700 
1.663500 
1.665200 
1.665500 
1.665900 
1.666500 
1.666900 
1.667300 
1.668500 
1.669100 
1.670100 
1.670700 
1.671700 
1.671800 
1.671900 
1.672000 
1.673300 
1.673500 
1.674500 
1.674900 
1.675700 
1.676000 
1.676600 
1.676900 
1.677600 
1.679200 
1.679400 
1.679500 
1.679700 
1.681400 
1.681600 
1.683400 
1.683500 
1.683700 
1.684000 
1.684300 
1.684600 
1.685400 
1.686100 
1.686100 
1.688100 
1.688200 
1.688200 
1.688500 
1.689200 
1.692000 
1.692600 
1.693300 
1.693500 
1.693800 
1.696100 
1.696800 
1.697600 
1.699100 
1.699500 
1.699700 
1.700400 
1.700400 
1.703600 
1.704200 
1.705100 
1.705300 
1.705300 
1.706000 
1.706000 
1.706200 
1.708800 
1.709000 
1.709400 
1.710200 
1.710700 
1.711500 
1.712000 
1.712100 
1.712400 
1.712500 
1.712600 
1.712700 
1.712900 
1.712900 
1.713500 
1.713500 
1.714100 
1.714400 
1.717400 
1.717500 
1.718000 
1.718000 
1.718700 
1.719200 
1.720400 
1.720800 
1.720800 
1.721400 
1.721500 
1.721800 
1.722200 
1.722500 
1.722700 
1.725400 
1.725600 
1.726000 
1.726100 
1.726400 
1.726400 
1.726500 
1.730400 
1.731400 
1.731700 
1.733300 
1.733700 
1.733800 
1.734000 
1.734300 
1.734500 
1.735700 
1.735800 
1.736300 
1.736500 
1.736500 
1.736800 
1.737300 
1.738400 
1.738500 
1.738700 
1.738800 
1.738900 
1.739300 
1.739800 
1.740500 
1.741700 
1.741700 
1.742100 
1.742400 
1.743700 
1.744900 
1.745100 
1.747900 
1.748200 
1.748300 
1.748500 
1.748700 
1.749200 
1.749300 
1.750100 
1.750200 
1.750200 
1.752500 
1.752700 
1.753000 
1.754300 
1.756200 
1.756800 
1.757300 
1.757600 
1.758800 
1.759200 
1.759600 
1.760400 
1.760400 
1.761300 
1.761400 
1.761900 
1.762300 
1.762600 
1.762800 
1.763000 
1.763200 
1.763400 
1.763800 
1.764300 
1.765300 
1.765400 
1.765600 
1.766600 
1.766900 
1.767200 
1.767300 
1.767400 
1.768800 
1.769400 
1.769800 
1.773700 
1.773900 
1.774500 
1.774800 
1.775000 
1.776300 
1.777900 
1.778600 
1.779700 
1.779800 
1.779900 
1.780100 
1.780600 
1.780900 
1.780900 
1.781400 
1.781600 
1.781700 
1.781900 
1.782300 
1.783300 
1.783400 
1.783700 
1.784200 
1.786300 
1.787900 
1.788500 
1.788600 
1.789400 
1.791400 
1.791600 
1.792900 
1.794800 
1.795300 
1.795800 
1.796800 
1.797000 
1.797100 
1.797200 
1.797800 
1.798300 
1.798600 
1.800700 
1.801400 
1.801600 
1.802900 
1.802900 
1.803200 
1.803300 
1.806700 
1.806800 
1.807200 
1.807800 
1.808000 
1.808200 
1.808800 
1.808900 
1.809200 
1.809200 
1.810400 
1.811100 
1.811200 
1.811900 
1.812200 
1.812400 
1.812600 
1.813400 
1.813400 
1.813500 
1.814100 
1.816200 
1.817400 
1.817600 
1.817800 
1.817900 
1.818900 
1.819100 
1.819600 
1.820500 
1.820700 
1.821000 
1.822400 
1.823600 
1.824400 
1.824400 
1.824700 
1.825100 
1.825200 
1.826700 
1.829600 
1.829600 
1.829900 
1.829900 
1.831500 
1.834200 
1.834300 
1.835300 
1.835800 
1.836100 
1.836100 
1.837500 
1.837700 
1.838600 
1.839200 
1.839400 
1.839700 
1.840400 
1.840400 
1.840500 
1.840700 
1.841200 
1.841500 
1.842200 
1.842600 
1.842700 
1.843000 
1.843000 
1.843100 
1.843500 
1.843700 
1.844000 
1.844800 
1.845700 
1.846700 
1.847000 
1.847500 
1.847700 
1.848500 
1.848600 
1.849200 
1.849300 
1.850400 
1.850600 
1.850800 
1.851100 
1.852500 
1.854300 
1.854900 
1.859300 
1.859400 
1.859700 
1.859800 
1.862500 
1.863700 
1.864200 
1.865300 
1.865700 
1.866200 
1.866400 
1.866500 
1.866800 
1.866800 
1.867300 
1.867800 
1.868800 
1.868900 
1.870600 
1.871200 
1.872000 
1.872200 
1.872700 
1.872700 
1.873200 
1.873700 
1.873700 
1.873800 
1.874100 
1.876000 
1.876700 
1.876800 
1.881300 
1.882000 
1.882000 
1.882300 
1.882500 
1.882800 
1.883800 
1.884000 
1.884100 
1.884300 
1.884900 
1.885100 
1.886600 
1.887100 
1.888400 
1.889200 
1.889500 
1.890100 
1.892000 
1.892500 
1.893600 
1.893900 
1.894300 
1.894300 
1.894400 
1.894500 
1.895200 
1.895900 
1.896400 
1.896600 
1.897100 
1.897300 
1.898300 
1.898800 
1.899300 
1.901000 
1.901200 
1.901200 
1.901400 
1.901800 
1.901900 
1.902100 
1.902200 
1.902600 
1.904600 
1.905000 
1.906600 
1.907500 
1.908300 
1.908300 
1.908700 
1.913700 
1.913700 
1.913800 
1.914000 
1.914100 
1.915400 
1.916700 
1.917500 
1.917800 
1.917900 
1.919100 
1.919400 
1.919600 
1.920100 
1.921900 
1.922600 
1.923900 
1.924900 
1.926300 
1.926600 
1.926700 
1.926800 
1.927700 
1.928800 
1.929300 
1.929500 
1.929600 
1.932400 
1.932800 
1.932900 
1.933000 
1.933700 
1.934900 
1.937300 
1.937500 
1.938100 
1.938200 
1.938300 
1.938400 
1.938400 
1.938600 
1.939400 
1.939600 
1.939700 
1.940200 
1.940600 
1.940700 
1.941500 
1.941600 
1.941700 
1.942300 
1.942900 
1.943400 
1.943500 
1.944500 
1.945000 
1.945100 
1.945200 
1.945300 
1.945800 
1.946600 
1.947300 
1.947300 
1.948400 
1.949000 
1.949700 
1.951000 
1.951300 
1.952500 
1.952900 
1.953000 
1.954900 
1.955400 
1.956500 
1.957800 
1.958000 
1.958900 
1.959100 
1.959800 
1.960500 
1.960700 
1.961100 
1.961200 
1.961800 
1.961800 
1.962000 
1.962200 
1.962500 
1.964100 
1.964500 
1.964600 
1.965200 
1.966500 
1.966600 
1.967200 
1.967600 
1.968900 
1.969700 
1.970600 
1.971200 
1.972900 
1.973600 
1.973700 
1.973900 
1.973900 
1.974800 
1.975300 
1.976600 
1.976700 
1.978900 
1.979000 
1.981000 
1.981500 
1.981900 
1.982000 
1.982700 
1.982800 
1.983400 
1.983600 
1.984400 
1.984400 
1.985100 
1.986300 
1.988100 
1.988500 
1.989700 
1.990000 
1.991400 
1.993400 
1.993700 
1.994100 
1.994600 
1.994700 
1.995100 
1.995900 
1.995900 
1.996400 
1.996400 
1.996400 
1.997500 
1.998400 
1.999400 
1.999600 
1.999700 
2.000800 
2.000900 
2.001300 
2.001300 
2.001600 
2.001800 
2.004400 
2.004900 
2.006200 
2.006500 
2.006800 
2.007300 
2.007500 
2.008100 
2.008600 
2.009800 
2.012000 
2.012800 
2.014200 
2.014600 
2.015000 
2.015400 
2.015800 
2.015800 
2.016400 
2.017500 
2.017900 
2.018100 
2.018300 
2.020600 
2.021300 
2.022300 
2.023900 
2.024300 
2.024300 
2.025700 
2.025800 
2.025800 
2.026200 
2.026600 
2.026700 
2.026900 
2.028200 
2.028200 
2.028600 
2.029800 
2.030100 
2.031700 
2.032400 
2.032700 
2.035200 
2.035800 
2.035900 
2.036500 
2.036700 
2.036800 
2.038900 
2.039000 
2.040000 
2.040800 
2.040800 
2.041500 
2.041900 
2.042300 
2.042900 
2.042900 
2.043800 
2.044200 
2.044400 
2.045600 
2.046000 
2.046300 
2.047200 
2.047800 
2.048100 
2.048200 
2.048200 
2.049500 
2.050900 
2.052700 
2.052800 
2.054000 
2.055000 
2.055300 
2.055900 
2.056100 
2.056300 
2.056600 
2.056600 
2.056900 
2.057100 
2.057300 
2.057700 
2.058300 
2.058600 
2.059000 
2.059100 
2.059300 
2.061500 
2.062000 
2.062300 
2.063000 
2.064500 
2.064600 
2.064900 
2.065100 
2.065600 
2.066000 
2.067000 
2.067100 
2.067100 
2.067300 
2.068100 
2.068500 
2.068500 
2.069000 
2.069400 
2.070000 
2.070700 
2.072000 
2.073000 
2.073100 
2.075000 
2.075300 
2.076400 
2.077400 
2.078000 
2.078600 
2.078700 
2.079100 
2.080100 
2.081100 
2.081100 
2.081400 
2.081500 
2.082100 
2.082300 
2.082400 
2.082900 
2.082900 
2.083200 
2.084000 
2.084100 
2.084400 
2.084700 
2.089100 
2.089300 
2.090000 
2.090800 
2.091300 
2.092000 
2.092200 
2.093200 
2.093400 
2.094600 
2.095000 
2.095100 
2.095500 
2.096000 
2.097700 
2.098000 
2.099500 
2.101300 
2.101400 
2.101700 
2.101700 
2.101700 
2.101900 
2.102000 
2.103100 
2.103300 
2.103600 
2.103900 
2.103900 
2.104600 
2.105100 
2.105700 
2.106800 
2.107500 
2.108400 
2.108400 
2.109300 
2.110000 
2.110200 
2.111800 
2.112900 
2.114100 
2.114100 
2.114700 
2.116400 
2.116700 
2.117400 
2.118100 
2.118200 
2.118200 
2.118800 
2.119200 
2.119500 
2.119600 
2.121100 
2.121200 
2.121500 
2.121500 
2.121700 
2.122000 
2.122700 
2.122800 
2.123000 
2.123200 
2.123500 
2.123600 
2.124300 
2.125100 
2.125400 
2.125400 
2.125500 
2.127000 
2.128000 
2.128200 
2.128800 
2.129700 
2.130300 
2.133000 
2.133100 
2.133300 
2.134500 
2.135000 
2.135800 
2.136500 
2.136700 
2.137200 
2.137500 
2.137900 
2.137900 
2.138100 
2.138400 
2.139700 
2.139900 
2.140300 
2.140400 
2.141600 
2.141700 
2.142200 
2.142300 
2.142500 
2.142800 
2.142800 
2.143100 
2.143600 
2.144000 
2.144700 
2.144700 
2.145300 
2.146200 
2.146700 
2.147000 
2.147300 
2.147800 
2.148000 
2.148100 
2.148900 
2.149200 
2.151200 
2.151500 
2.153100 
2.153500 
2.154300 
2.154300 
2.154600 
2.154700 
2.155600 
2.156100 
2.156400 
2.156400 
2.157100 
2.158000 
2.158400 
2.158400 
2.158800 
2.159700 
2.160200 
2.161600 
2.162200 
2.162900 
2.163400 
2.163500 
2.165300 
2.165300 
2.166100 
2.166200 
2.167800 
2.168000 
2.169100 
2.169700 
2.169900 
2.170900 
2.171100 
2.171700 
2.172300 
2.172300 
2.172800 
2.172900 
2.173000 
2.173100 
2.173200 
2.173700 
2.174600 
2.175200 
2.175900 
2.176100 
2.176600 
2.176700 
2.176700 
2.176900 
2.180000 
2.181200 
2.182600 
2.182700 
2.183500 
2.184900 
2.185100 
2.185200 
2.188800 
2.189100 
2.189600 
2.189700 
2.189900 
2.190200 
2.190800 
2.190900 
2.191100 
2.191200 
2.191600 
2.192200 
2.192800 
2.193000 
2.193200 
2.195300 
2.196900 
2.197700 
2.197800 
2.198200 
2.198900 
2.199600 
2.200400 
2.200400 
2.201100 
2.204600 
2.205100 
2.205100 
2.205300 
2.206300 
2.208300 
2.209000 
2.209000 
2.209100 
2.209100 
2.209300 
2.209500 
2.209800 
2.210000 
2.210400 
2.210500 
2.211400 
2.212000 
2.212700 
2.213000 
2.213600 
2.214500 
2.214500 
2.214700 
2.215000 
2.215600 
2.216100 
2.216300 
2.216400 
2.216900 
2.218200 
2.218900 
2.219700 
2.219700 
2.219700 
2.220000 
2.221600 
2.222700 
2.223500 
2.224500 
2.224700 
2.226000 
2.226000 
2.226600 
2.226600 
2.227300 
2.227300 
2.227700 
2.228100 
2.228300 
2.228700 
2.229100 
2.230000 
2.230100 
2.230800 
2.231700 
2.232000 
2.233100 
2.234000 
2.235300 
2.236100 
2.236100 
2.236400 
2.237300 
2.238000 
2.238100 
2.238900 
2.240500 
2.240900 
2.241400 
2.241800 
2.241900 
2.242000 
2.242000 
2.242400 
2.242600 
2.243200 
2.243300 
2.243500 
2.243700 
2.243800 
2.244000 
2.244000 
2.244100 
2.244500 
2.245800 
2.246800 
2.247600 
2.248100 
2.248400 
2.248800 
2.249000 
2.250200 
2.250700 
2.250800 
2.251300 
2.251400 
2.251600 
2.252000 
2.252600 
2.253300 
2.255400 
2.255400 
2.255400 
2.256100 
2.256200 
2.256300 
2.256800 
2.257800 
2.259500 
2.259700 
2.261700 
2.262000 
2.262100 
2.262300 
2.262400 
2.263400 
2.263500 
2.263500 
2.264200 
2.266900 
2.267300 
2.269600 
2.269600 
2.269900 
2.270300 
2.270300 
2.270500 
2.271200 
2.271400 
2.272000 
2.272200 
2.272400 
2.272500 
2.272500 
2.273300 
2.273600 
2.275100 
2.275100 
2.275700 
2.275900 
2.276200 
2.277400 
2.278300 
2.279100 
2.279400 
2.279900 
2.280200 
2.280900 
2.281300 
2.283100 
2.284200 
2.286300 
2.286500 
2.288500 
2.289000 
2.289700 
2.290200 
2.290300 
2.291000 
2.292100 
2.292600 
2.293500 
2.293700 
2.294300 
2.295100 
2.295600 
2.295700 
2.296200 
2.296200 
2.296800 
2.296900 
2.297000 
2.298300 
2.299500 
2.300000 
2.300600 
2.302900 
2.303800 
2.304300 
2.305500 
2.305600 
2.305700 
2.306000 
2.306400 
2.307500 
2.307700 
2.308700 
2.308800 
2.309000 
2.309600 
2.310000 
2.310000 
2.310100 
2.310500 
2.311000 
2.311600 
2.312500 
2.312600 
2.313000 
2.313300 
2.314500 
2.314600 
2.316000 
2.316500 
2.316700 
2.316700 
2.318600 
2.318700 
2.318700 
2.318800 
2.320800 
2.323900 
2.324100 
2.324300 
2.324400 
2.324500 
2.325000 
2.325200 
2.325200 
2.325300 
2.325400 
2.325600 
2.325900 
2.326400 
2.327000 
2.329300 
2.331000 
2.333000 
2.333200 
2.333900 
2.334000 
2.334700 
2.335000 
2.335400 
2.335800 
2.336000 
2.340000 
2.340200 
2.341800 
2.341900 
2.342600 
2.344100 
2.344300 
2.345700 
2.345700 
2.345700 
2.347300 
2.348100 
2.348300 
2.350000 
2.350300 
2.350700 
2.351200 
2.351500 
2.353200 
2.353400 
2.353800 
2.353900 
2.354100 
2.355200 
2.355200 
2.355600 
2.355700 
2.356000 
2.357300 
2.357300 
2.357400 
2.357400 
2.358800 
2.358900 
2.359400 
2.360400 
2.360500 
2.361000 
2.362300 
2.362700 
2.363000 
2.363600 
2.365100 
2.365200 
2.365300 
2.367500 
2.368000 
2.368000 
2.368800 
2.368900 
2.369300 
2.369600 
2.370800 
2.371100 
2.371700 
2.371900 
2.372200 
2.372300 
2.373100 
2.373100 
2.373200 
2.374000 
2.374300 
2.374700 
2.374800 
2.374900 
2.375100 
2.375700 
2.376200 
2.378200 
2.381500 
2.381700 
2.382900 
2.383500 
2.383600 
2.384200 
2.385000 
2.385800 
2.387000 
2.387000 
2.387200 
2.387200 
2.387800 
2.389100 
2.389200 
2.389800 
2.390400 
2.391700 
2.392100 
2.393200 
2.393600 
2.395100 
2.395900 
2.396000 
2.396900 
2.397400 
2.397700 
2.397900 
2.398600 
2.399100 
2.400400 
2.400400 
2.401600 
2.401700 
2.401800 
2.402000 
2.402400 
2.402400 
2.403300 
2.403400 
2.403700 
2.404800 
2.405600 
2.405700 
2.407200 
2.408300 
2.409500 
2.409600 
2.409900 
2.410200 
2.410200 
2.410300 
2.410900 
2.411100 
2.411400 
2.411900 
2.412500 
2.412700 
2.412700 
2.413100 
2.414100 
2.414100 
2.414600 
2.415900 
2.416400 
2.417000 
2.417100 
2.418000 
2.418100 
2.420300 
2.420700 
2.421000 
2.421000 
2.421700 
2.422500 
2.422800 
2.423600 
2.424900 
2.425300 
2.425400 
2.427100 
2.427400 
2.427900 
2.428300 
2.428400 
2.429600 
2.430000 
2.430400 
2.430400 
2.430900 
2.431300 
2.431500 
2.432700 
2.433000 
2.433000 
2.433300 
2.433400 
2.433400 
2.433500 
2.434000 
2.434600 
2.435100 
2.436200 
2.437000 
2.438900 
2.439300 
2.439400 
2.440200 
2.440900 
2.441000 
2.441100 
2.441700 
2.445100 
2.445700 
2.446200 
2.446500 
2.446500 
2.446500 
2.448700 
2.449500 
2.449700 
2.450000 
2.451400 
2.451600 
2.451900 
2.452400 
2.453800 
2.453800 
2.454500 
2.454600 
2.454800 
2.455300 
2.455400 
2.455500 
2.455900 
2.456400 
2.456700 
2.457100 
2.457600 
2.457900 
2.458100 
2.458500 
2.458500 
2.459700 
2.461600 
2.463200 
2.465100 
2.465600 
2.466400 
2.466600 
2.468000 
2.468200 
2.470100 
2.470200 
2.471600 
2.472100 
2.472900 
2.473100 
2.473900 
2.474000 
2.474500 
2.474500 
2.474800 
2.476300 
2.476900 
2.477000 
2.477000 
2.477300 
2.479200 
2.482300 
2.482400 
2.482700 
2.483700 
2.484500 
2.486100 
2.486800 
2.487000 
2.488100 
2.488300 
2.488600 
2.489000 
2.489300 
2.489600 
2.490400 
2.490700 
2.490800 
2.491500 
2.492000 
2.492700 
2.492800 
2.492900 
2.492900 
2.493100 
2.493400 
2.493400 
2.493500 
2.494000 
2.497100 
2.497500 
2.498600 
2.499000 
2.499100 
2.499200 
2.499200 
2.500800 
2.501000 
2.501000 
2.501300 
2.501300 
2.501800 
2.502500 
2.503500 
2.503700 
2.504100 
2.506600 
2.506600 
2.507300 
2.507600 
2.508400 
2.508700 
2.508900 
2.509600 
2.510800 
2.510900 
2.511400 
2.512200 
2.512900 
2.513200 
2.514000 
2.514200 
2.514800 
2.515900 
2.516800 
2.517100 
2.517600 
2.517900 
2.518200 
2.519300 
2.519900 
2.520000 
2.520600 
2.520800 
2.521200 
2.521600 
2.523900 
2.524000 
2.524500 
2.524800 
2.525600 
2.526300 
2.526700 
2.526800 
2.527000 
2.528500 
2.530700 
2.530800 
2.531200 
2.531400 
2.531700 
2.532000 
2.533000 
2.533400 
2.533600 
2.535300 
2.536400 
2.536500 
2.536900 
2.537600 
2.537700 
2.539300 
2.539500 
2.539800 
2.540800 
2.541300 
2.542100 
2.543200 
2.543600 
2.543700 
2.544600 
2.544600 
2.545600 
2.545900 
2.546200 
2.548100 
2.548500 
2.550000 
2.551200 
2.551300 
2.551900 
2.553000 
2.553300 
2.553400 
2.553600 
2.554300 
2.556500 
2.558100 
2.558300 
2.558600 
2.559200 
2.559300 
2.559300 
2.559400 
2.559400 
2.560000 
2.560100 
2.560100 
2.560400 
2.560700 
2.561000 
2.561500 
2.563500 
2.564000 
2.564100 
2.564200 
2.564800 
2.565300 
2.565900 
2.567000 
2.567000 
2.567300 
2.570200 
2.570500 
2.572500 
2.573600 
2.573700 
2.574800 
2.574900 
2.576700 
2.577000 
2.578400 
2.578500 
2.579100 
2.579300 
2.579500 
2.580300 
2.581000 
2.582000 
2.583400 
2.583500 
2.586800 
2.586800 
2.588200 
2.588700 
2.589600 
2.590000 
2.590000 
2.590400 
2.590800 
2.591300 
2.592800 
2.592900 
2.593900 
2.594300 
2.594400 
2.595000 
2.595200 
2.595900 
2.596200 
2.597400 
2.598400 
2.598400 
2.599100 
2.600600 
2.600800 
2.600800 
2.601400 
2.602400 
2.602900 
2.603800 
2.604900 
2.605100 
2.605200 
2.606200 
2.606300 
2.606400 
2.607600 
2.608300 
2.609300 
2.609400 
2.609400 
2.609700 
2.609800 
2.610200 
2.610400 
2.610600 
2.611200 
2.611300 
2.611700 
2.612200 
2.612500 
2.612800 
2.613800 
2.615100 
2.615400 
2.617100 
2.617500 
2.617800 
2.619400 
2.619700 
2.620800 
2.622500 
2.622900 
2.623600 
2.623800 
2.624600 
2.624800 
2.625000 
2.628600 
2.628700 
2.628800 
2.629000 
2.629100 
2.630000 
2.630400 
2.631400 
2.631400 
2.632400 
2.634800 
2.635500 
2.637100 
2.637100 
2.638300 
2.638800 
2.638800 
2.639100 
2.639600 
2.640000 
2.640100 
2.640100 
2.640500 
2.640700 
2.640900 
2.641400 
2.643100 
2.644200 
2.645100 
2.646200 
2.646600 
2.647700 
2.648100 
2.649900 
2.650100 
2.650400 
2.650500 
2.651600 
2.652500 
2.653300 
2.653800 
2.654000 
2.654900 
2.655800 
2.655900 
2.656100 
2.656100 
2.656300 
2.656300 
2.656800 
2.657200 
2.658100 
2.658200 
2.658300 
2.659100 
2.659200 
2.659600 
2.660200 
2.660800 
2.660900 
2.660900 
2.661800 
2.663700 
2.664400 
2.664400 
2.664600 
2.664700 
2.664700 
2.665300 
2.666000 
2.666800 
2.667600 
2.668700 
2.669300 
2.669300 
2.670200 
2.670500 
2.670600 
2.670700 
2.672200 
2.672300 
2.672700 
2.674900 
2.676000 
2.676200 
2.676200 
2.677400 
2.678200 
2.678300 
2.678600 
2.679000 
2.679200 
2.679700 
2.680000 
2.681300 
2.682100 
2.682200 
2.682900 
2.684300 
2.684600 
2.685700 
2.688400 
2.688900 
2.689600 
2.692400 
2.692900 
2.693300 
2.693400 
2.693500 
2.693500 
2.693800 
2.694000 
2.694700 
2.694800 
2.695200 
2.695400 
2.697600 
2.697700 
2.698000 
2.698500 
2.699000 
2.699700 
2.699900 
2.701600 
2.701600 
2.704100 
2.704700 
2.705600 
2.705700 
2.705900 
2.706000 
2.706700 
2.707400 
2.707500 
2.708200 
2.708700 
2.710200 
2.710900 
2.710900 
2.711100 
2.711700 
2.712500 
2.712800 
2.712900 
2.713200 
2.713300 
2.718800 
2.718800 
2.719300 
2.719300 
2.719400 
2.720300 
2.720400 
2.720800 
2.721100 
2.721100 
2.721800 
2.721900 
2.722200 
2.723200 
2.723400 
2.724200 
2.724700 
2.725300 
2.725600 
2.726700 
2.727000 
2.727200 
2.727700 
2.727900 
2.728500 
2.728700 
2.729100 
2.729900 
2.730900 
2.731100 
2.734100 
2.734600 
2.735600 
2.737000 
2.737400 
2.737500 
2.738800 
2.739800 
2.740100 
2.740300 
2.741700 
2.741900 
2.742500 
2.743100 
2.744000 
2.744000 
2.744200 
2.745000 
2.745800 
2.746400 
2.746800 
2.746900 
2.747400 
2.750800 
2.752700 
2.752800 
2.753300 
2.753400 
2.753400 
2.754100 
2.754600 
2.755700 
2.756200 
2.756500 
2.756600 
2.756800 
2.757500 
2.758200 
2.758500 
2.758800 
2.759400 
2.759600 
2.760500 
2.762300 
2.762500 
2.763400 
2.764200 
2.764600 
2.764800 
2.764800 
2.764800 
2.765100 
2.765500 
2.766500 
2.767100 
2.768000 
2.770400 
2.770900 
2.771400 
2.771500 
2.772600 
2.773500 
2.773600 
2.773900 
2.775900 
2.777000 
2.777700 
2.778800 
2.779000 
2.779100 
2.779800 
2.779900 
2.780300 
2.780300 
2.780900 
2.781200 
2.781300 
2.781600 
2.781800 
2.782200 
2.782200 
2.782400 
2.785000 
2.785500 
2.785900 
2.786700 
2.786900 
2.790100 
2.790300 
2.790800 
2.791000 
2.791100 
2.791200 
2.791400 
2.791600 
2.792800 
2.793800 
2.795100 
2.795200 
2.795600 
2.796000 
2.796400 
2.796800 
2.797700 
2.797900 
2.798800 
2.799800 
2.800200 
2.800400 
2.800600 
2.800700 
2.800800 
2.801000 
2.801100 
2.801700 
2.801700 
2.801900 
2.803100 
2.804200 
2.804400 
2.804500 
2.804900 
2.805600 
2.805900 
2.806800 
2.807400 
2.807700 
2.808300 
2.809000 
2.809600 
2.810300 
2.811900 
2.812300 
2.812600 
2.813400 
2.813800 
2.814500 
2.815200 
2.815700 
2.816100 
2.816200 
2.816300 
2.816700 
2.817200 
2.817300 
2.817500 
2.817800 
2.818000 
2.818000 
2.818100 
2.818200 
2.818200 
2.818400 
2.818400 
2.818800 
2.819000 
2.819000 
2.819100 
2.819700 
2.820100 
2.820200 
2.820300 
2.821300 
2.822000 
2.822700 
2.823900 
2.825900 
2.828100 
2.828300 
2.828700 
2.829000 
2.829100 
2.829300 
2.829400 
2.829600 
2.830400 
2.831500 
2.831600 
2.833900 
2.834500 
2.834700 
2.834700 
2.835000 
2.835300 
2.836000 
2.836200 
2.836200 
2.837000 
2.837200 
2.837900 
2.839000 
2.839500 
2.839900 
2.840100 
2.842500 
2.842600 
2.843000 
2.843000 
2.843200 
2.844200 
2.844800 
2.845000 
2.845000 
2.845200 
2.846100 
2.846700 
2.848000 
2.848100 
2.849000 
2.849900 
2.850400 
2.850600 
2.850600 
2.851400 
2.853800 
2.854000 
2.854500 
2.856000 
2.856700 
2.856800 
2.857400 
2.858900 
2.859500 
2.859700 
2.860700 
2.862700 
2.862900 
2.862900 
2.864800 
2.864900 
2.865200 
2.865300 
2.865700 
2.866000 
2.866000 
2.866200 
2.866400 
2.866400 
2.866800 
2.867800 
2.869600 
2.870200 
2.870500 
2.870700 
2.870700 
2.871200 
2.871600 
2.872000 
2.873600 
2.875200 
2.875800 
2.875800 
2.876300 
2.876300 
2.877900 
2.878800 
2.879400 
2.879400 
2.880000 
2.881700 
2.881900 
2.882100 
2.882200 
2.883100 
2.883300 
2.883400 
2.883500 
2.883900 
2.884400 
2.884900 
2.886000 
2.886100 
2.886200 
2.886500 
2.886800 
2.887400 
2.887400 
2.888100 
2.888900 
2.890600 
2.890600 
2.892000 
2.892800 
2.893100 
2.894300 
2.895400 
2.895700 
2.895800 
2.895900 
2.896800 
2.897100 
2.897300 
2.898500 
2.899100 
2.900300 
2.900400 
2.900500 
2.902200 
2.902900 
2.904900 
2.905400 
2.906000 
2.906500 
2.906900 
2.907100 
2.907600 
2.908000 
2.908300 
2.909500 
2.910200 
2.910200 
2.910500 
2.910500 
2.912900 
2.913300 
2.913500 
2.913800 
2.914200 
2.914300 
2.915300 
2.916300 
2.916300 
2.917500 
2.919800 
2.919800 
2.921200 
2.922100 
2.922500 
2.922800 
2.923300 
2.923500 
2.923700 
2.924700 
2.925900 
2.925900 
2.926500 
2.927300 
2.928900 
2.929800 
2.930500 
2.930600 
2.931200 
2.931200 
2.932000 
2.932400 
2.934100 
2.934600 
2.935100 
2.935400 
2.937100 
2.937100 
2.937200 
2.937600 
2.937600 
2.939200 
2.940400 
2.940600 
2.941200 
2.942400 
2.943300 
2.943300 
2.943800 
2.944200 
2.944300 
2.944400 
2.944800 
2.945100 
2.945100 
2.945200 
2.945500 
2.946200 
2.946300 
2.947000 
2.947900 
2.950500 
2.951900 
2.953000 
2.953300 
2.953600 
2.954200 
2.954900 
2.955100 
2.955300 
2.955500 
2.955600 
2.956600 
2.956800 
2.956900 
2.956900 
2.957000 
2.958000 
2.959600 
2.961200 
2.961600 
2.961700 
2.961800 
2.962600 
2.963400 
2.963700 
2.965600 
2.966400 
2.966700 
2.967800 
2.968500 
2.968800 
2.969000 
2.969800 
2.969900 
2.970000 
2.971000 
2.971300 
2.971500 
2.971500 
2.971900 
2.972200 
2.972600 
2.973900 
2.974900 
2.976500 
2.977200 
2.977200 
2.977600 
2.978200 
2.978500 
2.979000 
2.979700 
2.979900 
2.980300 
2.980800 
2.981600 
2.981800 
2.982100 
2.983000 
2.983100 
2.983100 
2.983300 
2.983500 
2.984400 
2.984600 
2.985000 
2.985000 
2.985100 
2.985200 
2.985500 
2.987300 
2.988000 
2.988600 
2.990000 
2.990000 
2.990100 
2.991800 
2.992200 
2.992700 
2.993500 
2.993900 
2.995000 
2.995100 
2.997000 
2.997600 
2.999000 
2.999000 
3.001900 
3.002000 
3.002600 
3.002600 
3.002900 
3.005800 
3.006700 
3.006800 
3.006900 
3.006900 
3.007000 
3.007200 
3.008300 
3.009000 
3.009500 
3.010400 
3.010500 
3.012000 
3.013900 
3.014200 
3.014900 
3.015300 
3.015400 
3.015500 
3.015500 
3.016000 
3.016100 
3.018000 
3.018000 
3.018800 
3.019500 
3.019600 
3.019800 
3.019900 
3.020200 
3.020700 
3.020900 
3.021000 
3.021500 
3.022200 
3.022300 
3.022900 
3.024100 
3.025900 
3.026100 
3.027800 
3.028600 
3.028600 
3.029100 
3.029500 
3.029700 
3.030200 
3.030400 
3.033500 
3.033700 
3.034200 
3.034500 
3.035000 
3.035300 
3.035800 
3.036400 
3.036900 
3.037000 
3.039300 
3.039400 
3.040300 
3.040700 
3.040900 
3.041900 
3.042100 
3.042700 
3.043600 
3.043700 
3.043900 
3.044500 
3.045800 
3.047200 
3.047500 
3.047600 
3.047900 
3.048000 
3.048200 
3.048200 
3.048600 
3.048900 
3.049300 
3.050000 
3.050200 
3.050700 
3.051900 
3.052100 
3.052200 
3.054000 
3.055300 
3.055300 
3.055600 
3.056400 
3.057600 
3.058700 
3.058700 
3.058700 
3.060000 
3.061000 
3.061200 
3.061900 
3.062000 
3.062100 
3.062400 
3.062400 
3.063300 
3.063300 
3.064400 
3.064600 
3.065100 
3.065300 
3.065400 
3.065500 
3.065800 
3.066100 
3.066600 
3.069100 
3.069100 
3.069600 
3.070800 
3.071800 
3.071800 
3.072600 
3.072600 
3.074500 
3.075400 
3.076400 
3.076900 
3.077200 
3.077500 
3.077800 
3.078000 
3.078400 
3.080100 
3.080300 
3.081400 
3.083200 
3.084500 
3.085000 
3.086000 
3.086200 
3.086200 
3.086800 
3.087100 
3.087400 
3.087600 
3.087900 
3.088800 
3.089600 
3.090700 
3.091700 
3.092300 
3.092900 
3.093500 
3.093600 
3.095600 
3.097700 
3.098000 
3.098300 
3.098600 
3.099700 
3.100200 
3.100200 
3.100400 
3.100800 
3.101600 
3.102800 
3.103800 
3.103900 
3.104300 
3.104600 
3.105200 
3.105300 
3.105600 
3.106200 
3.107200 
3.107300 
3.107800 
3.108000 
3.108300 
3.108500 
3.109100 
3.109700 
3.110900 
3.111000 
3.111600 
3.111800 
3.113100 
3.113200 
3.113500 
3.113600 
3.114200 
3.114500 
3.115200 
3.115900 
3.116000 
3.116400 
3.116800 
3.117400 
3.118500 
3.118700 
3.119000 
3.120100 
3.120200 
3.121200 
3.121600 
3.122300 
3.122400 
3.122800 
3.123400 
3.123600 
3.124300 
3.125300 
3.125400 
3.125500 
3.125900 
3.126100 
3.127600 
3.128200 
3.129000 
3.129100 
3.129500 
3.129900 
3.130200 
3.131600 
3.132400 
3.133000 
3.135200 
3.135900 
3.136700 
3.137000 
3.138300 
3.138400 
3.140700 
3.141000 
3.142700 
3.144000 
3.144100 
3.144400 
3.145900 
3.147100 
3.147900 
3.148100 
3.149300 
3.149900 
3.150300 
3.151300 
3.151400 
3.152000 
3.153000 
3.153600 
3.154200 
3.154600 
3.155000 
3.155000 
3.157300 
3.158400 
3.158600 
3.158800 
3.159000 
3.159300 
3.159600 
3.160300 
3.160900 
3.161400 
3.161800 
3.163000 
3.163300 
3.163800 
3.164000 
3.164400 
3.164600 
3.165400 
3.165600 
3.166800 
3.167000 
3.167300 
3.168800 
3.170100 
3.171200 
3.171800 
3.172700 
3.174200 
3.174900 
3.176000 
3.176300 
3.176500 
3.176500 
3.177200 
3.177800 
3.178200 
3.179100 
3.179800 
3.180500 
3.180700 
3.181500 
3.181800 
3.183100 
3.184400 
3.184900 
3.185400 
3.187600 
3.187700 
3.187700 
3.187900 
3.188000 
3.188000 
3.189400 
3.189400 
3.190000 
3.190000 
3.190200 
3.192800 
3.194300 
3.194900 
3.195400 
3.195600 
3.197600 
3.197900 
3.197900 
3.198400 
3.198500 
3.198700 
3.199300 
3.199400 
3.199600 
3.200100 
3.200400 
3.200700 
3.201300 
3.201500 
3.201900 
3.202800 
3.203600 
3.204500 
3.204500 
3.204800 
3.205400 
3.206300 
3.206700 
3.207300 
3.208400 
3.209800 
3.210300 
3.210400 
3.211000 
3.211500 
3.211900 
3.212300 
3.214900 
3.215100 
3.215400 
3.215800 
3.216500 
3.216600 
3.216900 
3.217100 
3.217200 
3.217900 
3.218500 
3.219700 
3.220000 
3.220400 
3.221200 
3.221700 
3.222800 
3.223500 
3.223600 
3.223900 
3.224000 
3.224500 
3.224600 
3.226200 
3.226200 
3.226700 
3.227100 
3.229300 
3.229900 
3.230500 
3.231000 
3.231300 
3.232600 
3.233100 
3.233100 
3.234100 
3.234100 
3.234300 
3.234400 
3.234700 
3.235400 
3.236600 
3.236700 
3.237200 
3.237600 
3.239800 
3.240800 
3.241500 
3.241900 
3.242300 
3.242400 
3.242500 
3.242600 
3.243300 
3.243400 
3.243800 
3.244800 
3.245200 
3.246300 
3.247600 
3.248300 
3.248500 
3.249000 
3.250300 
3.251100 
3.251800 
3.253500 
3.253500 
3.254500 
3.255100 
3.255100 
3.256000 
3.256100 
3.256300 
3.256600 
3.256800 
3.256800 
3.257600 
3.258200 
3.258800 
3.259200 
3.259400 
3.259800 
3.259900 
3.260000 
3.261000 
3.261000 
3.261600 
3.262400 
3.262900 
3.263500 
3.264500 
3.265200 
3.265400 
3.266200 
3.266400 
3.267000 
3.270200 
3.271400 
3.272900 
3.274100 
3.274600 
3.275100 
3.275700 
3.276000 
3.277500 
3.277700 
3.278300 
3.278600 
3.279300 
3.279800 
3.280200 
3.280700 
3.280900 
3.282200 
3.282400 
3.283700 
3.285900 
3.288400 
3.289000 
3.289100 
3.289200 
3.289200 
3.291100 
3.292000 
3.293200 
3.293500 
3.293800 
3.293800 
3.294300 
3.295800 
3.297000 
3.297600 
3.297800 
3.297800 
3.298600 
3.298800 
3.299000 
3.299500 
3.300000 
3.300000 
3.300100 
3.300100 
3.300300 
3.300600 
3.300700 
3.302100 
3.303000 
3.303700 
3.304000 
3.304400 
3.304500 
3.305000 
3.305700 
3.306000 
3.306200 
3.307500 
3.307700 
3.308100 
3.308200 
3.308300 
3.309300 
3.310400 
3.310700 
3.311000 
3.311600 
3.311900 
3.312800 
3.314000 
3.314100 
3.314600 
3.314800 
3.315700 
3.315800 
3.316800 
3.317200 
3.317500 
3.318300 
3.318500 
3.318900 
3.319500 
3.319900 
3.322100 
3.322800 
3.323600 
3.324400 
3.325200 
3.326100 
3.326900 
3.327600 
3.328200 
3.328700 
3.329300 
3.329400 
3.329600 
3.330200 
3.330900 
3.331100 
3.331100 
3.331600 
3.332300 
3.334000 
3.334200 
3.335500 
3.336700 
3.337200 
3.337300 
3.337300 
3.337600 
3.337700 
3.337800 
3.338700 
3.338700 
3.339100 
3.340400 
3.341900 
3.342200 
3.342700 
3.343600 
3.344000 
3.344200 
3.344500 
3.345800 
3.346100 
3.347300 
3.347600 
3.347900 
3.348100 
3.348200 
3.348200 
3.348200 
3.348400 
3.349200 
3.349300 
3.349700 
3.350300 
3.351100 
3.351100 
3.351300 
3.351900 
3.352100 
3.352400 
3.352900 
3.354100 
3.354400 
3.356700 
3.357100 
3.357400 
3.357500 
3.358600 
3.358700 
3.359200 
3.359300 
3.359700 
3.360100 
3.360400 
3.361200 
3.362300 
3.362400 
3.362900 
3.363200 
3.365200 
3.366000 
3.366500 
3.367900 
3.368300 
3.368800 
3.369600 
3.370400 
3.370600 
3.371500 
3.373300 
3.373300 
3.375000 
3.375100 
3.375700 
3.375900 
3.376000 
3.376200 
3.377300 
3.378500 
3.379200 
3.379900 
3.380000 
3.380600 
3.381900 
3.382400 
3.382800 
3.383500 
3.384200 
3.384900 
3.385400 
3.385600 
3.387900 
3.388600 
3.388700 
3.388800 
3.388800 
3.389200 
3.390100 
3.390600 
3.390700 
3.391100 
3.391800 
3.392400 
3.393000 
3.393100 
3.393100 
3.393200 
3.393700 
3.394300 
3.394600 
3.395000 
3.395700 
3.395900 
3.396400 
3.397300 
3.398300 
3.398700 
3.399000 
3.399200 
3.399700 
3.399900 
3.400400 
3.400500 
3.401100 
3.401600 
3.402100 
3.402400 
3.402500 
3.403800 
3.403800 
3.406100 
3.407500 
3.407600 
3.409500 
3.410000 
3.410300 
3.410800 
3.411300 
3.411400 
3.411900 
3.411900 
3.411900 
3.412400 
3.413000 
3.413000 
3.413600 
3.413900 
3.414800 
3.415000 
3.417100 
3.417200 
3.418600 
3.419000 
3.419000 
3.419300 
3.420700 
3.421000 
3.421000 
3.421800 
3.423100 
3.424500 
3.426000 
3.426000 
3.426100 
3.427700 
3.427800 
3.429000 
3.429100 
3.429700 
3.430200 
3.430800 
3.431400 
3.432200 
3.432900 
3.435800 
3.436100 
3.437200 
3.437600 
3.437900 
3.437900 
3.438400 
3.438500 
3.438600 
3.439700 
3.440200 
3.440900 
3.441300 
3.441300 
3.442600 
3.444400 
3.444500 
3.444600 
3.445200 
3.445200 
3.446300 
3.447300 
3.447900 
3.449000 
3.449100 
3.449800 
3.449900 
3.450000 
3.450500 
3.451900 
3.453400 
3.453600 
3.453800 
3.455200 
3.455300 
3.455900 
3.456100 
3.458200 
3.458500 
3.458900 
3.459100 
3.460300 
3.461000 
3.461500 
3.461700 
3.461800 
3.462200 
3.462400 
3.463400 
3.465100 
3.465700 
3.466100 
3.466300 
3.466500 
3.466900 
3.467200 
3.467500 
3.468200 
3.468800 
3.469200 
3.470100 
3.470600 
3.470700 
3.471000 
3.473100 
3.473800 
3.474100 
3.474400 
3.475100 
3.475300 
3.475500 
3.476300 
3.476500 
3.477000 
3.478000 
3.478400 
3.478800 
3.479000 
3.479300 
3.479600 
3.479600 
3.479800 
3.481500 
3.482600 
3.483400 
3.484000 
3.484200 
3.485400 
3.486800 
3.487100 
3.487300 
3.488600 
3.488700 
3.489100 
3.489400 
3.489900 
3.490000 
3.490700 
3.491300 
3.491500 
3.491800 
3.492100 
3.494800 
3.497800 
3.498100 
3.498500 
3.498900 
3.498900 
3.499100 
3.499500 
3.500000 
3.500900 
3.501800 
3.502700 
3.502700 
3.503000 
3.503200 
3.503600 
3.504200 
3.504800 
3.505200 
3.505200 
3.505200 
3.505600 
3.506800 
3.507200 
3.508900 
3.508900 
3.509500 
3.509600 
3.509800 
3.509900 
3.510100 
3.510400 
3.511300 
3.512900 
3.513200 
3.513300 
3.513300 
3.513800 
3.514400 
3.514800 
3.515300 
3.517900 
3.518200 
3.518300 
3.518800 
3.519700 
3.521100 
3.521200 
3.521200 
3.521700 
3.521700 
3.522900 
3.522900 
3.523300 
3.523500 
3.524200 
3.525900 
3.526400 
3.527800 
3.528000 
3.528500 
3.528600 
3.528800 
3.528800 
3.529800 
3.530100 
3.530200 
3.530600 
3.530600 
3.530700 
3.530900 
3.531600 
3.533000 
3.534700 
3.535500 
3.536000 
3.536100 
3.536500 
3.536600 
3.536700 
3.537200 
3.537900 
3.538500 
3.539500 
3.539500 
3.539600 
3.540100 
3.540200 
3.541600 
3.542300 
3.542600 
3.543000 
3.543100 
3.543100 
3.543300 
3.543300 
3.543400 
3.543800 
3.544300 
3.544600 
3.545900 
3.547000 
3.549000 
3.550100 
3.551700 
3.551900 
3.554400 
3.554900 
3.556100 
3.556200 
3.556300 
3.557200 
3.558000 
3.558200 
3.559600 
3.559800 
3.561000 
3.561200 
3.561200 
3.561300 
3.561500 
3.563800 
3.564300 
3.564800 
3.565300 
3.565300 
3.565700 
3.566500 
3.566800 
3.566800 
3.567700 
3.568700 
3.568700 
3.569400 
3.569700 
3.570000 
3.571000 
3.571600 
3.571600 
3.572200 
3.575800 
3.575900 
3.576900 
3.577300 
3.577400 
3.578300 
3.579000 
3.579400 
3.579700 
3.580300 
3.580300 
3.582500 
3.583300 
3.583500 
3.583900 
3.584400 
3.585800 
3.586000 
3.587100 
3.587900 
3.588400 
3.589000 
3.590500 
3.592800 
3.592900 
3.593700 
3.594000 
3.594600 
3.594600 
3.595300 
3.596100 
3.596500 
3.597300 
3.598100 
3.598600 
3.599700 
3.600600 
3.601200 
3.602100 
3.602300 
3.603200 
3.603600 
3.603900 
3.604100 
3.605000 
3.605300 
3.605300 
3.607400 
3.607600 
3.607700 
3.607700 
3.607800 
3.608400 
3.608700 
3.608900 
3.610100 
3.610100 
3.610500 
3.611300 
3.611700 
3.612000 
3.612500 
3.612800 
3.613200 
3.614000 
3.615300 
3.616100 
3.618000 
3.619100 
3.620000 
3.623200 
3.623400 
3.624000 
3.624300 
3.624300 
3.624700 
3.627300 
3.627400 
3.628500 
3.628800 
3.629500 
3.629800 
3.631200 
3.631500 
3.633900 
3.634600 
3.636100 
3.636300 
3.638700 
3.639000 
3.639700 
3.640800 
3.641300 
3.641600 
3.643200 
3.644600 
3.644900 
3.645000 
3.645400 
3.645600 
3.645800 
3.646400 
3.646500 
3.647500 
3.648000 
3.648100 
3.649600 
3.649600 
3.650400 
3.651900 
3.652200 
3.652700 
3.653300 
3.653400 
3.654400 
3.655800 
3.655900 
3.656300 
3.658200 
3.658200 
3.660700 
3.660900 
3.661200 
3.661700 
3.661800 
3.662100 
3.662200 
3.662800 
3.665300 
3.666700 
3.666900 
3.667900 
3.668600 
3.668600 
3.668800 
3.669300 
3.669800 
3.670200 
3.670400 
3.671200 
3.671300 
3.671500 
3.671600 
3.671700 
3.671800 
3.674200 
3.675200 
3.675500 
3.675700 
3.675900 
3.676700 
3.677400 
3.678300 
3.678800 
3.679500 
3.680100 
3.680100 
3.680600 
3.680800 
3.680900 
3.681200 
3.681600 
3.682200 
3.683200 
3.683300 
3.683300 
3.684300 
3.684300 
3.685100 
3.685600 
3.685900 
3.686000 
3.686600 
3.689400 
3.689900 
3.690100 
3.690600 
3.691000 
3.692400 
3.693100 
3.693300 
3.693500 
3.694000 
3.694500 
3.694500 
3.694600 
3.695200 
3.695300 
3.696500 
3.696700 
3.697700 
3.698700 
3.698900 
3.699900 
3.700800 
3.700900 
3.701200 
3.701700 
3.701800 
3.702900 
3.703300 
3.703500 
3.703900 
3.704800 
3.707600 
3.709300 
3.709800 
3.710000 
3.710000 
3.710600 
3.710700 
3.711000 
3.712200 
3.712300 
3.712400 
3.713000 
3.713400 
3.713500 
3.713800 
3.713900 
3.714300 
3.716100 
3.716500 
3.717400 
3.717500 
3.718200 
3.718900 
3.719000 
3.719100 
3.719600 
3.720200 
3.721000 
3.721600 
3.722100 
3.723200 
3.724700 
3.725600 
3.725900 
3.726400 
3.727500 
3.728200 
3.728700 
3.728700 
3.729800 
3.730500 
3.730700 
3.732600 
3.733300 
3.733300 
3.733500 
3.733800 
3.734200 
3.734500 
3.735600 
3.736000 
3.736500 
3.737600 
3.738300 
3.738400 
3.739000 
3.739300 
3.739700 
3.739900 
3.740300 
3.740300 
3.741500 
3.741600 
3.741800 
3.743200 
3.743500 
3.744100 
3.744200 
3.744900 
3.746600 
3.747000 
3.750000 
3.752000 
3.752600 
3.753300 
3.753300 
3.753500 
3.753500 
3.753700 
3.754100 
3.754700 
3.754900 
3.755400 
3.756000 
3.756200 
3.757000 
3.757100 
3.757900 
3.759400 
3.760300 
3.760400 
3.761100 
3.762800 
3.763700 
3.764200 
3.764700 
3.766000 
3.767200 
3.767300 
3.767600 
3.768700 
3.769400 
3.769700 
3.770900 
3.772000 
3.772200 
3.772300 
3.772300 
3.772500 
3.773400 
3.775200 
3.775500 
3.776200 
3.777000 
3.777300 
3.777800 
3.778000 
3.779900 
3.781500 
3.781800 
3.782800 
3.783100 
3.784900 
3.786200 
3.786400 
3.786700 
3.787600 
3.787700 
3.787700 
3.788700 
3.789600 
3.789700 
3.790300 
3.791700 
3.791800 
3.793900 
3.794100 
3.795500 
3.796200 
3.796800 
3.797800 
3.799300 
3.800100 
3.800200 
3.800600 
3.801900 
3.802500 
3.802900 
3.803300 
3.803400 
3.803500 
3.803600 
3.803600 
3.803900 
3.806400 
3.806700 
3.806800 
3.808100 
3.808600 
3.809500 
3.810000 
3.812000 
3.812000 
3.812100 
3.813100 
3.814000 
3.816800 
3.816800 
3.817000 
3.817000 
3.819200 
3.820000 
3.820500 
3.821000 
3.821000 
3.821100 
3.821300 
3.821400 
3.822100 
3.822100 
3.822300 
3.822500 
3.822600 
3.823900 
3.825600 
3.826000 
3.826800 
3.826800 
3.827700 
3.828700 
3.829000 
3.829100 
3.829700 
3.829800 
3.830700 
3.831100 
3.831200 
3.832000 
3.832500 
3.833000 
3.833100 
3.833100 
3.835200 
3.835400 
3.835500 
3.836000 
3.836900 
3.837300 
3.837400 
3.838500 
3.839900 
3.840500 
3.840800 
3.840800 
3.841000 
3.841500 
3.841500 
3.843600 
3.844100 
3.845400 
3.845700 
3.845700 
3.846000 
3.847000 
3.847200 
3.847600 
3.847600 
3.848500 
3.849000 
3.849500 
3.849900 
3.850000 
3.850600 
3.851000 
3.851500 
3.851900 
3.852500 
3.852600 
3.852700 
3.852900 
3.854200 
3.854300 
3.854900 
3.855000 
3.855000 
3.855500 
3.855600 
3.855700 
3.857700 
3.859300 
3.859400 
3.860800 
3.860900 
3.861400 
3.861900 
3.862700 
3.863300 
3.863800 
3.864400 
3.864500 
3.864900 
3.864900 
3.865000 
3.865000 
3.865700 
3.865900 
3.868000 
3.868000 
3.868300 
3.868700 
3.869200 
3.869800 
3.870200 
3.870600 
3.871200 
3.872800 
3.873100 
3.873500 
3.874700 
3.875400 
3.875400 
3.875700 
3.876800 
3.877500 
3.878800 
3.879300 
3.879400 
3.880300 
3.881300 
3.882100 
3.882100 
3.882300 
3.883300 
3.884600 
3.885800 
3.886400 
3.887400 
3.887900 
3.888800 
3.889900 
3.890800 
3.891700 
3.892400 
3.892600 
3.892600 
3.892900 
3.893200 
3.894300 
3.894300 
3.894400 
3.895400 
3.897700 
3.898100 
3.898900 
3.899500 
3.899600 
3.900600 
3.900900 
3.901000 
3.901200 
3.902100 
3.902600 
3.902700 
3.903000 
3.903700 
3.904700 
3.904800 
3.905200 
3.905500 
3.907800 
3.908500 
3.910500 
3.910700 
3.910900 
3.911300 
3.911300 
3.911600 
3.911800 
3.913000 
3.914500 
3.915300 
3.917400 
3.918800 
3.919100 
3.919700 
3.920500 
3.920500 
3.920700 
3.921200 
3.922100 
3.922600 
3.923500 
3.923500 
3.923900 
3.925200 
3.925700 
3.926000 
3.926400 
3.926500 
3.928000 
3.928100 
3.928800 
3.929000 
3.929100 
3.931100 
3.931200 
3.931300 
3.931400 
3.932800 
3.933000 
3.934400 
3.935400 
3.937500 
3.938400 
3.938900 
3.939000 
3.939100 
3.940000 
3.940400 
3.941200 
3.941300 
3.943100 
3.944500 
3.945900 
3.945900 
3.946000 
3.946200 
3.946300 
3.947400 
3.947900 
3.947900 
3.951100 
3.951500 
3.951600 
3.951900 
3.951900 
3.952200 
3.952700 
3.952900 
3.953700 
3.954700 
3.954800 
3.954900 
3.955200 
3.956700 
3.957600 
3.957800 
3.959700 
3.960200 
3.960400 
3.961300 
3.962000 
3.962100 
3.962100 
3.962300 
3.962400 
3.963500 
3.964300 
3.965000 
3.965300 
3.965900 
3.966100 
3.966300 
3.966600 
3.966700 
3.967300 
3.968200 
3.969700 
3.969900 
3.970000 
3.971400 
3.971400 
3.973600 
3.973700 
3.974400 
3.974900 
3.975200 
3.976000 
3.976300 
3.976700 
3.977500 
3.978300 
3.978400 
3.978500 
3.980500 
3.980700 
3.981000 
3.981800 
3.982100 
3.983100 
3.983900 
3.984200 
3.984500 
3.984700 
3.985900 
3.986800 
3.987600 
3.988200 
3.988900 
3.989400 
3.990800 
3.992100 
3.992500 
3.992800 
3.993100 
3.993200 
3.993700 
3.994000 
3.994400 
3.994500 
3.994600 
3.994600 
3.995100 
3.995700 
3.996500 
3.998200 
3.998300 
3.998800 
3.998900 
3.999200 
3.999700 
