0.018200 
0.020800 
0.023700 
0.030100 
0.037400 
0.038100 
0.041500 
0.042500 
0.043300 
0.046800 
0.049800 
0.050500 
0.052900 
0.053100 
0.054700 
0.056100 
0.059900 
0.059900 
0.067800 
0.068500 
0.073600 
0.075400 
0.078500 
0.084300 
0.084700 
0.085400 
0.085700 
0.090000 
0.091800 
0.093200 
0.094600 
0.094700 
0.095000 
0.095600 
0.100500 
0.102100 
0.104800 
0.115700 
0.118600 
0.123400 
0.124600 
0.128300 
0.131300 
0.131800 
0.133200 
0.133500 
0.136500 
0.137100 
0.137400 
0.140300 
0.140900 
0.143200 
0.144100 
0.144400 
0.147200 
0.147300 
0.150400 
0.152700 
0.156100 
0.157400 
0.159200 
0.160500 
0.164400 
0.167700 
0.168400 
0.169100 
0.175300 
0.178100 
0.180000 
0.183200 
0.183800 
0.184400 
0.185000 
0.187000 
0.187700 
0.189800 
0.190500 
0.190800 
0.193000 
0.193600 
0.194100 
0.198000 
0.200700 
0.203900 
0.206500 
0.206900 
0.207600 
0.213900 
0.216400 
0.217600 
0.219400 
0.222600 
0.224500 
0.224700 
0.235200 
0.235600 
0.237500 
0.237800 
0.240400 
0.241000 
0.243300 
0.244700 
0.245700 
0.253300 
0.253900 
0.254000 
0.257400 
0.258800 
0.260200 
0.261400 
0.262900 
0.266300 
0.267200 
0.269400 
0.270600 
0.273500 
0.275600 
0.276100 
0.277200 
0.279900 
0.280500 
0.280900 
0.281800 
0.282400 
0.283500 
0.285300 
0.285800 
0.287500 
0.289000 
0.290600 
0.291500 
0.291800 
0.295200 
0.299400 
0.301100 
0.302300 
0.303300 
0.303800 
0.304000 
0.307300 
0.309100 
0.309100 
0.311200 
0.312200 
0.313900 
0.314800 
0.316200 
0.320200 
0.326200 
0.327700 
0.328100 
0.328200 
0.330500 
0.330600 
0.331600 
0.336000 
0.351600 
0.355000 
0.356700 
0.358800 
0.363800 
0.366000 
0.366700 
0.367800 
0.370100 
0.375100 
0.377800 
0.377900 
0.382100 
0.385900 
0.386700 
0.387600 
0.387900 
0.388100 
0.394300 
0.397400 
0.408800 
0.408900 
0.409100 
0.409700 
0.412200 
0.415500 
0.418600 
0.418600 
0.423000 
0.423800 
0.425100 
0.425300 
0.425900 
0.427200 
0.427700 
0.428600 
0.429800 
0.432800 
0.433800 
0.434800 
0.437100 
0.438900 
0.439200 
0.440400 
0.443000 
0.444600 
0.448400 
0.450100 
0.451900 
0.452400 
0.457000 
0.457200 
0.459700 
0.465300 
0.465900 
0.468200 
0.472800 
0.477300 
0.479400 
0.482200 
0.483100 
0.483600 
0.487200 
0.488800 
0.489000 
0.490100 
0.498800 
0.499600 
0.500600 
0.505200 
0.505400 
0.505800 
0.506000 
0.507200 
0.507400 
0.512400 
0.512400 
0.514000 
0.515200 
0.515700 
0.519900 
0.521200 
0.525700 
0.526700 
0.527300 
0.532600 
0.535000 
0.538700 
0.539700 
0.540500 
0.540800 
0.540800 
0.543700 
0.548100 
0.549900 
0.553900 
0.554700 
0.556500 
0.557400 
0.557700 
0.559300 
0.561400 
0.566200 
0.568600 
0.568700 
0.569600 
0.571900 
0.574600 
0.574600 
0.576000 
0.580300 
0.583100 
0.584000 
0.584500 
0.586100 
0.586200 
0.588900 
0.592000 
0.593600 
0.594700 
0.602200 
0.603400 
0.603800 
0.605100 
0.606400 
0.610700 
0.611200 
0.613900 
0.615400 
0.618100 
0.621300 
0.623100 
0.627700 
0.628400 
0.630000 
0.630100 
0.630100 
0.630200 
0.633100 
0.638800 
0.640200 
0.640900 
0.642200 
0.644700 
0.646200 
0.646200 
0.646700 
0.647300 
0.651400 
0.652900 
0.657500 
0.658500 
0.660100 
0.661100 
0.661700 
0.662100 
0.662300 
0.665700 
0.665700 
0.667600 
0.668900 
0.673600 
0.674800 
0.676900 
0.678100 
0.681300 
0.683000 
0.683800 
0.687800 
0.689000 
0.691600 
0.692700 
0.695400 
0.697500 
0.699100 
0.699400 
0.701100 
0.702000 
0.702800 
0.704300 
0.706700 
0.708900 
0.709600 
0.710800 
0.713700 
0.713900 
0.714400 
0.715000 
0.715600 
0.716200 
0.719900 
0.723500 
0.732600 
0.741300 
0.744500 
0.744900 
0.745000 
0.751400 
0.752100 
0.753400 
0.756200 
0.758300 
0.758600 
0.758800 
0.759100 
0.759800 
0.759900 
0.764600 
0.769100 
0.770400 
0.772600 
0.774600 
0.783000 
0.784600 
0.785400 
0.786700 
0.790500 
0.791700 
0.793700 
0.795800 
0.800300 
0.801600 
0.802200 
0.805300 
0.805400 
0.813000 
0.813900 
0.814200 
0.816600 
0.817100 
0.817100 
0.819500 
0.823500 
0.823900 
0.826000 
0.831700 
0.833000 
0.835600 
0.835900 
0.836700 
0.838800 
0.841400 
0.843700 
0.845500 
0.849500 
0.849600 
0.850000 
0.853700 
0.855200 
0.857200 
0.859700 
0.860700 
0.860900 
0.861600 
0.861900 
0.867700 
0.867700 
0.869000 
0.872700 
0.874200 
0.874600 
0.875100 
0.875600 
0.876700 
0.882800 
0.883100 
0.883100 
0.884000 
0.885000 
0.885500 
0.885500 
0.890000 
0.890500 
0.891900 
0.893000 
0.894200 
0.894800 
0.896000 
0.897200 
0.897900 
0.901000 
0.904700 
0.915800 
0.915900 
0.916100 
0.917000 
0.918100 
0.919500 
0.921200 
0.922500 
0.922900 
0.923500 
0.923600 
0.925000 
0.925500 
0.930800 
0.933700 
0.934100 
0.934500 
0.937900 
0.940700 
0.942000 
0.944500 
0.944500 
0.947700 
0.949300 
0.950100 
0.957900 
0.959600 
0.960000 
0.963300 
0.963800 
0.964800 
0.965900 
0.965900 
0.967900 
0.971700 
0.976500 
0.978000 
0.978400 
0.979700 
0.981100 
0.982100 
0.982400 
0.982500 
0.983100 
0.984400 
0.987100 
0.988200 
0.992100 
0.992100 
0.996400 
0.997500 
0.998900 
0.999500 
0.999800 
1.000200 
1.000200 
1.005700 
1.007900 
1.009700 
1.010000 
1.010000 
1.012900 
1.013500 
1.013600 
1.015200 
1.017400 
1.018200 
1.019300 
1.020100 
1.020500 
1.020800 
1.021200 
1.023200 
1.023600 
1.024400 
1.025400 
1.025900 
1.027500 
1.037500 
1.038800 
1.041500 
1.042300 
1.042800 
1.043900 
1.044100 
1.045500 
1.046100 
1.047000 
1.047600 
1.047700 
1.047900 
1.049400 
1.050600 
1.050700 
1.052100 
1.053000 
1.053200 
1.053800 
1.055800 
1.056100 
1.056400 
1.059600 
1.061000 
1.061600 
1.062500 
1.063800 
1.066900 
1.067200 
1.067800 
1.069100 
1.069100 
1.070400 
1.070500 
1.070600 
1.070700 
1.071600 
1.071600 
1.071700 
1.072000 
1.072900 
1.076800 
1.077800 
1.078700 
1.081100 
1.081200 
1.083300 
1.083300 
1.084500 
1.086500 
1.086900 
1.087100 
1.087300 
1.090600 
1.091800 
1.091900 
1.094900 
1.095600 
1.096000 
1.096200 
1.097800 
1.100000 
1.100700 
1.102400 
1.102500 
1.103400 
1.106800 
1.108600 
1.109700 
1.109700 
1.115000 
1.119100 
1.119600 
1.120100 
1.122500 
1.123700 
1.124000 
1.124100 
1.125200 
1.125300 
1.125600 
1.125800 
1.128500 
1.129000 
1.129900 
1.130700 
1.130800 
1.131400 
1.131500 
1.132000 
1.135000 
1.136700 
1.137000 
1.138000 
1.141300 
1.142900 
1.144400 
1.146000 
1.146300 
1.147100 
1.152000 
1.154000 
1.155100 
1.156300 
1.157500 
1.157600 
1.158100 
1.158200 
1.158400 
1.158500 
1.159000 
1.159000 
1.159700 
1.160000 
1.160100 
1.161600 
1.161700 
1.161800 
1.162200 
1.162600 
1.170800 
1.171100 
1.173200 
1.173800 
1.175100 
1.175600 
1.176600 
1.177100 
1.177600 
1.178900 
1.179300 
1.179800 
1.181500 
1.181800 
1.184500 
1.185600 
1.185800 
1.188500 
1.189700 
1.191700 
1.193400 
1.194700 
1.195200 
1.197100 
1.197100 
1.198500 
1.201000 
1.201900 
1.202100 
1.205200 
1.206700 
1.206800 
1.210000 
1.210100 
1.212600 
1.213200 
1.214000 
1.214300 
1.214900 
1.220100 
1.220900 
1.223300 
1.223400 
1.223800 
1.223900 
1.224600 
1.225800 
1.229300 
1.230700 
1.231700 
1.234800 
1.234900 
1.235500 
1.238100 
1.238700 
1.239200 
1.239200 
1.239700 
1.240500 
1.243500 
1.244300 
1.246000 
1.246200 
1.249500 
1.251800 
1.253700 
1.254600 
1.256000 
1.256800 
1.257300 
1.257800 
1.258000 
1.258400 
1.260000 
1.260100 
1.260300 
1.260400 
1.260500 
1.261800 
1.263100 
1.264000 
1.264100 
1.264200 
1.264400 
1.265400 
1.265700 
1.266500 
1.266600 
1.267300 
1.267500 
1.269000 
1.270800 
1.271600 
1.272400 
1.272900 
1.274000 
1.274100 
1.275300 
1.278200 
1.282200 
1.283600 
1.284200 
1.284700 
1.284800 
1.285300 
1.285900 
1.286600 
1.288200 
1.288300 
1.288300 
1.288600 
1.289600 
1.290100 
1.291000 
1.291400 
1.291500 
1.293100 
1.293700 
1.294400 
1.295100 
1.295200 
1.296900 
1.297100 
1.297200 
1.297300 
1.297600 
1.298300 
1.300200 
1.300300 
1.300500 
1.300800 
1.303400 
1.303900 
1.304100 
1.307200 
1.309200 
1.309900 
1.310500 
1.311300 
1.311400 
1.311700 
1.314000 
1.314200 
1.314500 
1.316300 
1.316700 
1.318500 
1.320600 
1.320700 
1.321400 
1.322600 
1.324300 
1.325100 
1.325700 
1.326600 
1.335400 
1.336000 
1.336200 
1.336800 
1.338100 
1.338300 
1.338600 
1.338600 
1.339600 
1.339900 
1.341500 
1.342200 
1.342200 
1.342900 
1.344300 
1.344600 
1.345200 
1.347700 
1.349100 
1.349500 
1.349800 
1.350000 
1.350700 
1.355200 
1.356300 
1.359600 
1.360300 
1.360600 
1.360800 
1.360900 
1.361400 
1.362100 
1.362900 
1.365700 
1.367200 
1.368800 
1.370000 
1.370100 
1.371500 
1.372000 
1.373600 
1.373800 
1.374400 
1.374500 
1.374800 
1.376600 
1.377000 
1.377500 
1.378900 
1.379500 
1.380500 
1.382000 
1.382100 
1.383000 
1.383300 
1.384100 
1.385100 
1.386900 
1.387900 
1.387900 
1.392700 
1.393400 
1.393500 
1.394000 
1.395700 
1.396900 
1.398500 
1.398500 
1.399100 
1.399900 
1.400000 
1.402800 
1.403700 
1.403900 
1.405000 
1.405300 
1.409400 
1.410400 
1.410600 
1.411000 
1.411200 
1.412800 
1.412900 
1.416800 
1.417300 
1.417800 
1.418200 
1.419500 
1.419600 
1.420400 
1.420900 
1.422300 
1.424900 
1.426100 
1.426600 
1.427500 
1.430400 
1.431100 
1.431200 
1.431400 
1.432300 
1.432500 
1.433700 
1.435100 
1.435800 
1.436200 
1.438300 
1.440900 
1.441400 
1.441700 
1.442200 
1.442500 
1.444700 
1.446300 
1.449200 
1.451200 
1.451500 
1.453000 
1.453100 
1.456300 
1.456800 
1.458200 
1.459300 
1.460200 
1.462700 
1.463200 
1.464000 
1.465600 
1.466100 
1.467000 
1.467700 
1.467800 
1.469100 
1.469900 
1.470400 
1.471100 
1.471200 
1.471800 
1.472600 
1.474100 
1.476900 
1.477300 
1.477400 
1.477800 
1.480600 
1.481400 
1.483000 
1.483100 
1.483400 
1.483700 
1.484200 
1.485200 
1.485200 
1.486000 
1.488000 
1.489800 
1.491100 
1.491200 
1.492000 
1.492600 
1.492900 
1.493100 
1.493900 
1.494500 
1.495700 
1.496100 
1.497200 
1.498700 
1.499700 
1.500200 
1.500300 
1.500600 
1.501000 
1.502700 
1.503000 
1.503900 
1.509300 
1.510200 
1.512000 
1.512800 
1.513300 
1.513600 
1.514400 
1.514500 
1.517800 
1.518800 
1.518800 
1.519200 
1.521400 
1.522000 
1.522100 
1.523100 
1.523200 
1.526500 
1.527100 
1.529600 
1.531200 
1.531400 
1.532200 
1.532800 
1.532900 
1.533900 
1.536800 
1.536900 
1.539100 
1.539400 
1.540000 
1.540700 
1.541200 
1.542800 
1.543600 
1.544400 
1.544900 
1.545100 
1.546900 
1.547400 
1.547700 
1.549200 
1.549400 
1.550300 
1.551200 
1.552400 
1.552700 
1.553400 
1.553400 
1.554900 
1.555000 
1.555400 
1.555500 
1.556900 
1.558600 
1.559100 
1.559400 
1.562400 
1.562700 
1.564300 
1.565400 
1.565500 
1.567500 
1.568300 
1.568700 
1.568800 
1.569600 
1.569700 
1.570400 
1.570500 
1.570600 
1.570800 
1.571500 
1.571700 
1.573200 
1.576700 
1.579100 
1.579700 
1.580700 
1.580900 
1.582700 
1.583000 
1.583200 
1.583800 
1.584200 
1.584900 
1.585400 
1.587600 
1.588200 
1.589400 
1.591700 
1.592100 
1.593500 
1.593600 
1.593800 
1.594300 
1.595200 
1.596200 
1.596500 
1.596900 
1.597400 
1.598900 
1.599100 
1.600900 
1.601500 
1.601800 
1.602000 
1.602400 
1.604400 
1.604500 
1.605200 
1.605700 
1.607000 
1.607500 
1.608700 
1.609100 
1.609500 
1.610000 
1.610000 
1.610100 
1.611400 
1.613800 
1.614500 
1.616800 
1.616800 
1.617400 
1.618200 
1.619000 
1.620200 
1.620900 
1.621200 
1.621500 
1.623200 
1.624200 
1.625300 
1.627600 
1.627600 
1.633000 
1.633600 
1.634500 
1.635600 
1.635700 
1.637200 
1.638100 
1.640000 
1.642700 
1.642900 
1.643400 
1.645000 
1.645200 
1.645800 
1.646200 
1.647400 
1.648300 
1.648700 
1.649700 
1.650800 
1.652900 
1.654800 
1.657200 
1.658000 
1.658000 
1.659600 
1.659800 
1.660200 
1.660500 
1.662200 
1.663600 
1.664000 
1.666000 
1.667700 
1.670200 
1.670600 
1.671000 
1.672800 
1.673300 
1.673600 
1.675300 
1.675600 
1.675800 
1.678500 
1.678500 
1.681900 
1.682400 
1.683000 
1.683100 
1.684100 
1.685200 
1.686700 
1.687800 
1.688600 
1.688800 
1.688800 
1.690700 
1.691800 
1.695100 
1.696400 
1.696500 
1.697000 
1.698200 
1.699100 
1.699200 
1.701000 
1.701700 
1.703700 
1.704000 
1.704100 
1.704500 
1.704800 
1.705100 
1.705900 
1.706100 
1.706100 
1.707200 
1.707500 
1.710400 
1.710400 
1.712500 
1.712700 
1.714800 
1.715900 
1.716300 
1.716800 
1.717700 
1.718000 
1.718600 
1.719400 
1.720200 
1.721000 
1.722500 
1.724500 
1.724500 
1.726600 
1.727200 
1.731100 
1.731200 
1.731400 
1.732300 
1.732800 
1.734300 
1.735900 
1.737600 
1.737800 
1.738100 
1.739400 
1.741700 
1.743200 
1.743400 
1.743800 
1.747700 
1.750100 
1.750700 
1.752400 
1.752600 
1.754100 
1.755000 
1.756200 
1.757800 
1.758000 
1.759300 
1.759500 
1.760300 
1.764300 
1.765000 
1.765200 
1.767200 
1.768300 
1.770600 
1.771500 
1.771800 
1.772300 
1.772900 
1.774700 
1.775900 
1.776900 
1.777300 
1.779100 
1.779900 
1.780000 
1.782100 
1.783200 
1.783500 
1.786400 
1.787700 
1.789600 
1.790100 
1.790200 
1.790300 
1.790500 
1.791500 
1.791800 
1.792500 
1.793300 
1.793900 
1.794400 
1.794700 
1.798300 
1.798500 
1.802600 
1.803200 
1.803900 
1.804000 
1.804900 
1.805300 
1.807100 
1.807600 
1.808500 
1.808600 
1.809000 
1.809400 
1.809700 
1.810500 
1.811200 
1.812100 
1.814500 
1.815600 
1.815700 
1.815900 
1.816900 
1.817500 
1.817700 
1.817700 
1.818500 
1.819400 
1.819600 
1.821900 
1.823700 
1.824400 
1.824600 
1.825000 
1.825100 
1.825600 
1.825700 
1.826300 
1.827700 
1.829600 
1.830000 
1.830500 
1.832300 
1.832400 
1.832600 
1.832800 
1.834900 
1.835900 
1.836800 
1.838100 
1.838300 
1.838500 
1.840000 
1.841500 
1.841800 
1.842800 
1.844600 
1.845800 
1.846400 
1.847200 
1.849700 
1.850900 
1.851200 
1.851300 
1.854400 
1.855700 
1.855800 
1.856700 
1.856900 
1.857500 
1.858200 
1.860200 
1.860500 
1.861000 
1.861900 
1.864200 
1.865200 
1.865900 
1.866100 
1.866700 
1.868600 
1.870400 
1.871300 
1.872500 
1.873500 
1.873800 
1.875500 
1.876400 
1.876900 
1.877700 
1.877900 
1.879400 
1.880300 
1.880500 
1.880700 
1.883300 
1.885100 
1.885100 
1.885500 
1.885900 
1.886300 
1.887300 
1.890400 
1.890500 
1.890700 
1.892600 
1.893000 
1.893400 
1.894000 
1.894200 
1.895200 
1.896000 
1.901000 
1.901100 
1.901600 
1.902700 
1.904300 
1.905300 
1.906200 
1.906400 
1.906800 
1.906900 
1.907800 
1.908100 
1.909500 
1.910400 
1.912000 
1.913400 
1.913800 
1.914400 
1.916200 
1.916400 
1.916900 
1.918100 
1.919900 
1.921700 
1.921900 
1.923800 
1.923800 
1.924000 
1.924200 
1.926800 
1.927000 
1.928300 
1.930500 
1.932200 
1.932400 
1.933600 
1.933700 
1.935000 
1.935300 
1.935700 
1.936900 
1.937000 
1.937300 
1.939400 
1.940200 
1.940200 
1.940400 
1.940800 
1.941900 
1.942400 
1.942600 
1.944500 
1.945300 
1.945700 
1.946000 
1.946500 
1.947800 
1.948000 
1.949600 
1.950000 
1.950100 
1.950800 
1.953200 
1.955200 
1.956600 
1.958600 
1.962100 
1.962300 
1.963900 
1.964000 
1.966000 
1.966100 
1.966700 
1.967200 
1.967800 
1.969100 
1.969500 
1.970100 
1.971300 
1.973100 
1.973400 
1.973500 
1.973900 
1.974200 
1.975300 
1.981800 
1.982000 
1.982900 
1.983700 
1.984900 
1.985700 
1.985900 
1.986600 
1.986800 
1.987300 
1.989800 
1.992100 
1.994900 
1.995000 
1.996100 
1.996300 
1.997400 
1.998100 
2.000100 
2.000300 
2.001400 
2.001700 
2.003700 
2.004300 
2.005000 
2.005200 
2.005500 
2.006300 
2.007100 
2.007700 
2.008200 
2.008400 
2.008400 
2.008700 
2.009200 
2.010400 
2.010400 
2.012800 
2.015900 
2.019100 
2.020400 
2.020400 
2.020400 
2.021600 
2.022700 
2.023700 
2.024000 
2.024700 
2.024900 
2.025300 
2.025800 
2.027700 
2.027900 
2.028400 
2.028500 
2.028700 
2.029500 
2.029600 
2.030500 
2.031300 
2.031600 
2.033100 
2.033400 
2.033900 
2.035800 
2.036200 
2.036200 
2.036600 
2.037100 
2.037600 
2.037700 
2.039200 
2.039500 
2.040400 
2.042700 
2.042900 
2.044100 
2.044200 
2.044600 
2.046100 
2.047800 
2.048400 
2.048800 
2.049100 
2.050500 
2.052900 
2.052900 
2.053300 
2.053400 
2.053400 
2.055200 
2.056200 
2.057500 
2.059400 
2.059500 
2.060800 
2.061200 
2.061300 
2.063000 
2.063700 
2.064100 
2.064800 
2.066000 
2.067100 
2.067300 
2.067500 
2.067900 
2.069000 
2.069200 
2.069200 
2.069900 
2.070400 
2.071800 
2.074000 
2.075300 
2.076500 
2.076700 
2.077400 
2.077600 
2.077800 
2.079400 
2.081000 
2.082900 
2.083100 
2.084300 
2.086000 
2.086800 
2.088300 
2.089100 
2.089800 
2.089900 
2.090400 
2.090500 
2.093500 
2.095000 
2.096300 
2.100100 
2.100500 
2.103200 
2.103300 
2.104400 
2.107000 
2.109500 
2.109900 
2.110600 
2.113900 
2.115000 
2.115200 
2.117600 
2.117700 
2.119200 
2.120300 
2.123200 
2.123400 
2.123700 
2.125200 
2.125800 
2.125900 
2.127100 
2.127800 
2.128400 
2.129400 
2.130000 
2.130500 
2.130500 
2.136300 
2.136600 
2.137400 
2.137700 
2.140500 
2.141200 
2.141300 
2.141600 
2.142300 
2.143000 
2.144500 
2.144600 
2.145500 
2.145600 
2.149500 
2.149600 
2.150100 
2.150200 
2.150400 
2.151700 
2.152400 
2.154100 
2.155100 
2.157400 
2.157900 
2.159700 
2.160600 
2.160800 
2.161300 
2.162300 
2.163600 
2.165700 
2.166400 
2.166800 
2.168100 
2.169200 
2.169300 
2.169400 
2.170000 
2.170900 
2.171100 
2.171200 
2.172800 
2.172900 
2.173300 
2.176500 
2.177500 
2.178300 
2.179200 
2.179800 
2.179900 
2.181800 
2.183500 
2.184300 
2.184800 
2.185000 
2.185200 
2.187900 
2.188000 
2.188100 
2.189500 
2.189700 
2.190800 
2.193700 
2.194300 
2.197800 
2.198200 
2.200200 
2.200600 
2.204300 
2.204400 
2.204600 
2.206000 
2.207200 
2.208300 
2.209100 
2.209300 
2.209400 
2.209600 
2.209600 
2.210100 
2.210100 
2.210400 
2.212400 
2.213100 
2.213900 
2.217500 
2.217800 
2.219100 
2.220900 
2.222300 
2.222900 
2.223800 
2.224300 
2.226800 
2.230700 
2.230700 
2.231100 
2.231900 
2.232300 
2.234400 
2.235000 
2.236900 
2.240700 
2.241300 
2.242300 
2.243000 
2.245200 
2.246400 
2.246600 
2.246700 
2.247000 
2.249600 
2.250800 
2.251500 
2.251800 
2.251900 
2.252000 
2.253200 
2.253300 
2.255100 
2.256600 
2.256600 
2.256700 
2.257100 
2.257300 
2.258000 
2.263600 
2.264300 
2.265300 
2.265500 
2.266100 
2.266200 
2.266900 
2.267400 
2.269400 
2.272400 
2.274400 
2.274600 
2.275500 
2.275500 
2.275900 
2.277200 
2.278300 
2.279200 
2.279800 
2.281300 
2.283700 
2.284100 
2.284300 
2.285500 
2.285600 
2.286200 
2.286400 
2.287300 
2.287600 
2.288400 
2.288400 
2.288500 
2.288600 
2.290300 
2.291200 
2.299000 
2.299900 
2.300500 
2.300500 
2.300700 
2.300800 
2.300900 
2.303400 
2.303500 
2.304400 
2.304600 
2.304900 
2.305200 
2.305500 
2.306800 
2.307600 
2.307900 
2.308600 
2.309800 
2.312300 
2.312400 
2.313000 
2.313500 
2.314000 
2.315800 
2.316000 
2.317000 
2.318000 
2.319400 
2.320700 
2.320900 
2.325100 
2.325400 
2.329500 
2.330300 
2.332000 
2.333000 
2.333400 
2.334600 
2.335500 
2.336500 
2.338400 
2.338500 
2.339800 
2.340700 
2.341000 
2.342300 
2.342600 
2.344200 
2.344400 
2.346300 
2.346800 
2.346900 
2.347200 
2.347300 
2.347500 
2.349100 
2.350800 
2.350900 
2.352100 
2.352300 
2.353400 
2.354200 
2.356400 
2.358100 
2.358300 
2.358700 
2.358800 
2.358900 
2.359200 
2.360000 
2.361700 
2.362100 
2.362300 
2.362800 
2.367600 
2.368700 
2.369800 
2.370000 
2.370400 
2.370400 
2.371000 
2.371500 
2.374000 
2.374900 
2.375000 
2.375800 
2.376100 
2.376500 
2.376900 
2.377400 
2.380900 
2.381100 
2.381200 
2.382200 
2.386000 
2.386600 
2.387500 
2.387800 
2.388600 
2.390000 
2.392600 
2.393700 
2.393800 
2.394900 
2.395700 
2.402400 
2.402800 
2.405500 
2.406400 
2.407100 
2.407900 
2.409700 
2.410700 
2.411300 
2.412100 
2.412300 
2.412900 
2.414700 
2.416400 
2.417100 
2.417900 
2.419100 
2.419500 
2.420100 
2.421000 
2.421300 
2.421700 
2.424600 
2.426600 
2.427400 
2.427800 
2.429500 
2.430500 
2.430800 
2.431000 
2.431000 
2.431400 
2.432000 
2.434400 
2.434800 
2.436200 
2.436400 
2.436400 
2.436800 
2.437100 
2.439800 
2.440500 
2.441300 
2.441700 
2.442100 
2.442800 
2.443500 
2.445300 
2.446000 
2.447500 
2.448100 
2.451400 
2.451700 
2.452000 
2.452700 
2.454700 
2.455200 
2.456300 
2.457300 
2.457700 
2.457900 
2.458000 
2.458300 
2.459400 
2.459900 
2.460900 
2.461000 
2.462900 
2.463200 
2.465400 
2.466000 
2.468400 
2.469600 
2.471000 
2.472900 
2.473300 
2.473400 
2.473500 
2.474300 
2.475500 
2.476100 
2.477800 
2.477800 
2.478100 
2.478500 
2.478800 
2.480900 
2.481400 
2.482200 
2.482200 
2.482300 
2.483300 
2.483300 
2.484600 
2.485100 
2.485500 
2.485800 
2.486200 
2.487600 
2.489300 
2.490100 
2.491600 
2.491700 
2.493600 
2.494300 
2.494300 
2.496800 
2.497200 
2.498200 
2.502200 
2.502900 
2.506600 
2.506700 
2.507600 
2.507800 
2.508000 
2.508400 
2.509100 
2.509200 
2.509200 
2.510600 
2.511100 
2.512300 
2.514600 
2.516200 
2.516400 
2.520000 
2.520000 
2.520400 
2.521000 
2.522600 
2.522800 
2.523500 
2.524200 
2.524200 
2.525000 
2.525300 
2.526000 
2.527500 
2.527800 
2.528700 
2.528800 
2.529100 
2.529300 
2.530000 
2.530400 
2.530600 
2.530700 
2.530900 
2.531900 
2.533300 
2.534100 
2.534300 
2.536000 
2.537000 
2.540400 
2.540800 
2.541600 
2.542600 
2.543600 
2.546100 
2.547500 
2.547600 
2.548600 
2.548900 
2.550000 
2.550900 
2.552300 
2.553400 
2.553900 
2.555600 
2.556100 
2.556200 
2.556600 
2.557900 
2.558500 
2.558600 
2.559400 
2.559600 
2.560000 
2.561400 
2.562600 
2.563700 
2.563900 
2.564500 
2.565200 
2.565600 
2.566700 
2.567400 
2.569100 
2.569400 
2.571200 
2.572000 
2.572600 
2.572600 
2.574000 
2.576100 
2.576600 
2.581200 
2.585800 
2.586300 
2.587100 
2.587500 
2.589600 
2.589800 
2.591700 
2.591700 
2.591800 
2.593600 
2.593800 
2.594000 
2.594600 
2.597300 
2.598000 
2.598100 
2.599500 
2.601500 
2.603600 
2.605400 
2.605400 
2.606800 
2.607400 
2.608500 
2.609300 
2.609800 
2.610400 
2.610400 
2.610500 
2.611100 
2.613100 
2.613900 
2.614800 
2.615800 
2.617700 
2.617900 
2.620900 
2.621600 
2.622300 
2.622400 
2.623000 
2.624600 
2.625200 
2.627300 
2.627900 
2.629100 
2.629900 
2.631700 
2.631800 
2.631800 
2.632800 
2.634400 
2.636200 
2.637000 
2.637000 
2.638000 
2.639100 
2.640400 
2.640400 
2.640700 
2.640900 
2.641000 
2.642300 
2.642900 
2.643100 
2.643700 
2.644500 
2.645500 
2.645600 
2.646000 
2.647400 
2.648200 
2.648500 
2.649300 
2.649300 
2.650600 
2.651700 
2.652300 
2.652400 
2.652400 
2.659000 
2.660200 
2.661100 
2.661500 
2.662000 
2.662000 
2.664400 
2.664500 
2.664900 
2.665000 
2.665400 
2.665500 
2.671700 
2.671800 
2.671900 
2.672600 
2.672700 
2.672800 
2.676200 
2.676200 
2.677000 
2.677800 
2.677900 
2.678400 
2.678600 
2.681000 
2.681300 
2.681400 
2.686300 
2.686600 
2.687400 
2.688700 
2.689700 
2.690000 
2.690300 
2.690800 
2.691300 
2.691600 
2.691800 
2.694300 
2.695200 
2.695500 
2.696000 
2.696200 
2.697100 
2.697900 
2.698600 
2.700300 
2.701400 
2.702000 
2.702100 
2.702400 
2.703400 
2.703500 
2.704700 
2.705100 
2.705200 
2.705600 
2.706500 
2.707500 
2.707900 
2.709700 
2.710000 
2.710000 
2.711400 
2.713000 
2.713800 
2.713800 
2.714100 
2.714300 
2.715600 
2.717000 
2.717300 
2.718000 
2.719100 
2.721500 
2.721900 
2.722200 
2.722300 
2.723000 
2.724200 
2.724300 
2.727300 
2.727800 
2.728400 
2.729500 
2.729600 
2.731000 
2.732700 
2.732900 
2.734700 
2.736800 
2.739000 
2.740800 
2.742500 
2.742500 
2.743500 
2.744200 
2.744300 
2.744600 
2.744800 
2.745000 
2.745200 
2.745800 
2.747300 
2.748900 
2.749000 
2.749500 
2.750600 
2.752300 
2.752700 
2.753000 
2.753800 
2.754400 
2.755200 
2.755700 
2.758100 
2.758300 
2.759700 
2.764700 
2.766400 
2.766600 
2.766700 
2.766800 
2.767900 
2.771300 
2.771600 
2.771800 
2.771900 
2.781600 
2.783600 
2.785400 
2.785400 
2.785500 
2.785600 
2.786300 
2.786500 
2.786900 
2.787700 
2.788600 
2.789400 
2.790100 
2.790400 
2.791800 
2.791900 
2.792500 
2.792600 
2.796200 
2.796600 
2.799200 
2.799300 
2.800500 
2.801000 
2.801300 
2.801600 
2.803600 
2.808300 
2.808300 
2.808500 
2.809300 
2.810700 
2.810800 
2.810900 
2.811000 
2.811400 
2.812400 
2.812800 
2.812900 
2.813000 
2.813400 
2.813600 
2.813900 
2.813900 
2.814000 
2.814100 
2.814200 
2.815400 
2.816900 
2.818100 
2.818600 
2.820700 
2.821000 
2.821000 
2.822200 
2.822400 
2.823000 
2.823400 
2.826300 
2.827100 
2.827900 
2.828300 
2.829700 
2.830100 
2.830300 
2.832800 
2.835000 
2.835300 
2.835900 
2.837200 
2.837700 
2.841500 
2.842000 
2.844000 
2.846900 
2.848000 
2.848500 
2.849200 
2.850700 
2.852100 
2.852100 
2.852100 
2.852600 
2.853200 
2.854400 
2.854500 
2.855400 
2.855600 
2.856500 
2.856700 
2.857200 
2.859800 
2.863000 
2.864000 
2.864600 
2.865500 
2.865800 
2.866300 
2.866400 
2.866900 
2.867600 
2.867800 
2.868200 
2.869000 
2.869200 
2.869600 
2.870700 
2.870800 
2.871600 
2.873300 
2.875100 
2.875400 
2.875600 
2.875700 
2.876200 
2.876900 
2.877500 
2.877500 
2.879200 
2.880100 
2.880200 
2.881700 
2.883000 
2.883000 
2.884500 
2.885000 
2.885900 
2.888800 
2.891800 
2.892300 
2.892800 
2.894300 
2.894500 
2.894800 
2.896300 
2.897200 
2.897400 
2.898600 
2.899600 
2.900700 
2.901200 
2.902300 
2.902800 
2.903000 
2.904900 
2.905200 
2.905800 
2.907200 
2.907600 
2.908000 
2.908100 
2.909100 
2.909100 
2.909200 
2.909400 
2.909500 
2.909700 
2.909900 
2.911800 
2.912000 
2.913000 
2.914200 
2.915300 
2.918500 
2.919600 
2.921800 
2.922400 
2.922400 
2.922400 
2.924100 
2.924300 
2.925100 
2.925600 
2.927200 
2.927400 
2.927500 
2.931100 
2.931700 
2.934100 
2.934700 
2.935500 
2.936100 
2.937900 
2.938100 
2.939800 
2.941700 
2.942000 
2.942900 
2.944300 
2.944700 
2.947400 
2.948300 
2.949400 
2.950100 
2.950800 
2.951300 
2.952800 
2.955700 
2.956400 
2.957100 
2.957600 
2.958200 
2.959300 
2.959400 
2.960500 
2.961200 
2.962200 
2.962400 
2.962500 
2.965500 
2.966500 
2.966600 
2.967600 
2.968800 
2.969400 
2.969700 
2.973200 
2.973500 
2.973700 
2.974600 
2.976300 
2.977300 
2.977500 
2.978500 
2.978900 
2.980600 
2.981100 
2.981400 
2.981500 
2.982200 
2.983300 
2.984000 
2.984700 
2.988500 
2.990700 
2.991900 
2.992000 
2.992100 
2.992300 
2.992800 
2.995300 
2.996200 
2.998200 
2.998900 
3.000100 
3.000600 
3.002600 
3.002900 
3.003800 
3.005900 
3.006400 
3.007500 
3.009000 
3.009700 
3.009800 
3.010100 
3.010700 
3.010900 
3.011000 
3.011200 
3.011300 
3.013500 
3.016100 
3.018100 
3.018100 
3.020800 
3.021400 
3.021900 
3.021900 
3.022500 
3.022800 
3.024000 
3.025400 
3.025600 
3.025700 
3.033800 
3.034100 
3.035100 
3.035300 
3.039400 
3.041200 
3.042200 
3.042200 
3.043400 
3.044000 
3.046800 
3.048900 
3.051600 
3.052800 
3.053600 
3.053700 
3.054500 
3.055600 
3.055800 
3.055900 
3.056100 
3.056300 
3.060800 
3.061000 
3.061200 
3.061400 
3.063400 
3.063900 
3.064100 
3.064400 
3.064500 
3.064900 
3.065100 
3.065300 
3.067100 
3.068300 
3.068700 
3.070000 
3.070100 
3.070600 
3.071000 
3.072700 
3.073400 
3.074300 
3.075500 
3.076200 
3.078800 
3.079300 
3.079400 
3.080900 
3.080900 
3.081200 
3.081300 
3.081300 
3.081700 
3.081700 
3.082800 
3.084000 
3.084100 
3.085300 
3.085700 
3.086100 
3.087100 
3.088000 
3.090500 
3.090800 
3.090900 
3.093200 
3.093300 
3.095300 
3.096200 
3.097700 
3.097700 
3.098500 
3.098600 
3.099000 
3.099300 
3.100600 
3.102500 
3.102600 
3.103500 
3.103700 
3.105600 
3.105800 
3.106100 
3.108000 
3.109700 
3.114100 
3.117100 
3.117200 
3.118200 
3.118500 
3.118700 
3.118800 
3.118900 
3.119300 
3.120800 
3.122000 
3.124600 
3.124700 
3.125400 
3.125500 
3.125600 
3.126200 
3.130000 
3.130800 
3.130900 
3.130900 
3.131900 
3.132200 
3.133500 
3.134200 
3.134800 
3.134800 
3.135000 
3.136800 
3.137600 
3.139100 
3.139500 
3.141000 
3.141900 
3.143300 
3.143500 
3.144200 
3.146500 
3.146900 
3.147000 
3.147300 
3.147800 
3.148400 
3.151000 
3.151100 
3.152700 
3.152900 
3.154800 
3.155900 
3.158300 
3.159700 
3.159700 
3.159800 
3.159900 
3.160600 
3.161700 
3.162800 
3.163700 
3.163900 
3.164700 
3.164900 
3.165500 
3.166700 
3.167100 
3.170600 
3.170700 
3.172900 
3.175600 
3.176500 
3.177600 
3.178500 
3.181200 
3.181400 
3.182800 
3.182900 
3.184700 
3.185700 
3.186100 
3.186300 
3.187300 
3.188000 
3.188100 
3.188100 
3.188800 
3.189300 
3.190400 
3.191600 
3.192300 
3.194700 
3.195300 
3.195400 
3.196200 
3.196300 
3.197100 
3.198200 
3.198400 
3.199200 
3.200200 
3.203500 
3.204600 
3.205400 
3.205600 
3.208300 
3.208800 
3.209000 
3.209300 
3.210100 
3.210200 
3.211500 
3.211500 
3.213000 
3.214300 
3.215400 
3.215600 
3.216800 
3.217200 
3.217800 
3.218800 
3.219100 
3.219100 
3.220500 
3.220500 
3.221000 
3.221900 
3.222800 
3.222900 
3.224800 
3.227100 
3.227800 
3.229500 
3.230100 
3.230800 
3.231700 
3.231700 
3.232300 
3.233900 
3.235300 
3.235300 
3.235300 
3.235500 
3.237800 
3.239100 
3.240500 
3.240900 
3.241200 
3.241900 
3.242300 
3.245100 
3.246400 
3.247400 
3.248000 
3.248500 
3.248600 
3.249200 
3.249300 
3.250100 
3.253400 
3.255400 
3.255400 
3.259900 
3.261200 
3.261800 
3.262700 
3.262900 
3.263500 
3.264700 
3.264900 
3.265100 
3.267300 
3.268700 
3.268700 
3.269300 
3.270700 
3.271700 
3.272100 
3.272800 
3.274000 
3.274400 
3.274600 
3.275000 
3.277700 
3.277900 
3.278100 
3.278100 
3.279400 
3.279800 
3.283400 
3.286000 
3.287300 
3.289600 
3.289900 
3.290000 
3.290600 
3.291000 
3.291400 
3.292600 
3.293000 
3.293100 
3.293300 
3.294600 
3.294600 
3.295100 
3.295300 
3.295700 
3.296200 
3.297100 
3.298300 
3.299100 
3.299600 
3.300200 
3.304800 
3.305500 
3.306100 
3.306200 
3.307600 
3.308000 
3.308100 
3.308700 
3.308900 
3.310200 
3.310400 
3.311000 
3.311300 
3.311700 
3.313300 
3.315300 
3.316800 
3.317300 
3.317800 
3.318100 
3.319200 
3.319500 
3.319900 
3.320500 
3.321400 
3.324900 
3.325100 
3.326100 
3.327600 
3.327700 
3.328500 
3.329500 
3.331000 
3.332100 
3.334700 
3.335600 
3.337000 
3.337100 
3.338500 
3.340000 
3.341600 
3.343000 
3.343900 
3.344300 
3.346200 
3.347600 
3.347600 
3.349000 
3.349300 
3.350400 
3.350500 
3.353000 
3.354100 
3.354300 
3.354500 
3.355600 
3.356000 
3.357900 
3.358400 
3.358600 
3.359200 
3.359500 
3.359800 
3.360200 
3.360400 
3.361300 
3.363500 
3.363700 
3.364300 
3.365400 
3.366100 
3.367300 
3.367300 
3.367500 
3.367600 
3.367700 
3.368500 
3.369300 
3.371900 
3.373000 
3.373000 
3.373500 
3.373900 
3.374900 
3.375600 
3.376000 
3.376100 
3.376300 
3.377600 
3.377600 
3.377700 
3.378500 
3.378900 
3.380100 
3.381400 
3.381700 
3.382300 
3.382400 
3.382800 
3.383600 
3.388300 
3.391100 
3.392200 
3.392700 
3.393200 
3.393400 
3.395200 
3.395500 
3.395900 
3.397600 
3.397900 
3.398400 
3.400700 
3.401900 
3.402500 
3.405000 
3.405600 
3.405700 
3.405800 
3.407000 
3.408100 
3.409200 
3.409900 
3.410800 
3.413000 
3.413200 
3.414400 
3.414400 
3.415200 
3.417400 
3.418900 
3.420600 
3.420600 
3.420800 
3.421000 
3.421500 
3.421600 
3.421900 
3.422500 
3.423000 
3.423400 
3.425200 
3.425400 
3.426900 
3.427400 
3.427800 
3.428000 
3.428200 
3.428800 
3.429400 
3.434400 
3.435600 
3.437300 
3.437300 
3.437700 
3.440900 
3.441300 
3.442300 
3.442700 
3.443300 
3.443600 
3.444800 
3.447500 
3.449300 
3.452600 
3.454500 
3.454500 
3.457500 
3.458700 
3.458900 
3.459800 
3.461000 
3.461200 
3.461500 
3.461700 
3.462600 
3.466400 
3.466900 
3.467000 
3.468000 
3.469100 
3.469700 
3.470500 
3.471800 
3.472000 
3.472100 
3.472600 
3.473300 
3.473300 
3.474100 
3.474700 
3.476700 
3.478000 
3.478200 
3.480000 
3.480100 
3.480800 
3.481000 
3.481300 
3.481900 
3.482500 
3.483100 
3.483700 
3.484500 
3.485700 
3.486700 
3.486700 
3.488800 
3.489500 
3.491300 
3.491900 
3.492900 
3.493700 
3.494300 
3.495400 
3.496200 
3.496500 
3.497500 
3.498700 
3.499800 
3.502500 
3.506900 
3.509300 
3.509700 
3.510100 
3.512600 
3.515300 
3.515700 
3.515900 
3.516700 
3.517700 
3.518700 
3.519600 
3.521000 
3.521400 
3.522200 
3.523500 
3.524400 
3.524400 
3.524800 
3.525900 
3.527200 
3.527800 
3.529200 
3.530400 
3.530600 
3.531100 
3.531700 
3.535500 
3.535900 
3.537600 
3.539000 
3.541300 
3.542000 
3.543100 
3.544000 
3.545600 
3.545900 
3.546100 
3.546300 
3.546800 
3.547200 
3.548000 
3.548000 
3.548800 
3.551300 
3.553200 
3.554600 
3.555000 
3.555800 
3.556900 
3.557700 
3.557900 
3.559100 
3.559100 
3.559500 
3.560200 
3.563000 
3.565500 
3.569100 
3.569200 
3.569400 
3.570700 
3.571100 
3.571500 
3.571800 
3.572600 
3.572700 
3.573100 
3.573700 
3.573700 
3.574600 
3.577900 
3.578500 
3.579100 
3.579300 
3.579600 
3.580400 
3.581700 
3.582000 
3.582000 
3.585600 
3.585800 
3.586600 
3.586600 
3.589600 
3.589700 
3.592700 
3.593000 
3.593400 
3.595000 
3.595700 
3.596800 
3.596900 
3.597900 
3.598800 
3.600800 
3.601600 
3.602100 
3.603400 
3.603900 
3.604000 
3.604100 
3.604600 
3.606100 
3.607700 
3.607700 
3.608500 
3.609800 
3.609900 
3.611300 
3.611900 
3.612300 
3.612600 
3.614500 
3.614700 
3.614700 
3.614900 
3.615200 
3.615500 
3.616200 
3.617300 
3.619500 
3.620400 
3.620700 
3.622600 
3.623600 
3.624900 
3.625000 
3.625400 
3.625600 
3.626000 
3.626400 
3.626600 
3.626800 
3.626900 
3.628400 
3.630200 
3.631800 
3.632600 
3.633600 
3.635100 
3.635300 
3.635400 
3.636600 
3.638400 
3.638400 
3.638900 
3.641400 
3.642800 
3.644500 
3.644600 
3.645400 
3.647100 
3.647700 
3.648700 
3.648900 
3.649700 
3.652100 
3.653100 
3.654200 
3.655000 
3.655000 
3.655300 
3.656100 
3.656500 
3.657800 
3.658600 
3.659400 
3.661200 
3.661300 
3.661600 
3.663000 
3.663300 
3.664300 
3.664400 
3.667900 
3.668600 
3.669000 
3.669500 
3.669600 
3.670500 
3.672100 
3.673000 
3.673800 
3.673800 
3.676900 
3.678900 
3.680200 
3.680700 
3.682300 
3.684600 
3.685600 
3.685700 
3.687400 
3.688000 
3.691300 
3.692100 
3.694100 
3.695800 
3.696800 
3.697000 
3.697900 
3.698100 
3.700900 
3.701400 
3.702600 
3.705000 
3.706700 
3.709900 
3.711000 
3.711300 
3.711900 
3.713800 
3.714000 
3.716200 
3.716900 
3.718300 
3.719500 
3.720500 
3.722800 
3.722900 
3.723000 
3.723500 
3.724500 
3.726200 
3.727700 
3.728000 
3.729400 
3.730300 
3.730300 
3.731200 
3.731300 
3.732400 
3.732500 
3.733800 
3.734000 
3.735800 
3.736800 
3.736800 
3.737700 
3.738900 
3.738900 
3.739400 
3.740000 
3.740700 
3.744000 
3.744900 
3.745000 
3.745200 
3.745600 
3.747500 
3.748000 
3.749100 
3.749500 
3.750600 
3.751700 
3.751700 
3.754000 
3.754200 
3.754400 
3.756800 
3.758500 
3.758700 
3.759400 
3.761500 
3.764000 
3.765400 
3.765600 
3.766100 
3.766600 
3.768000 
3.768500 
3.769600 
3.774800 
3.775400 
3.775400 
3.777600 
3.777900 
3.777900 
3.778300 
3.778300 
3.778900 
3.779400 
3.780900 
3.782000 
3.782900 
3.785300 
3.785800 
3.785900 
3.789300 
3.789700 
3.790600 
3.791500 
3.792500 
3.792600 
3.792800 
3.792900 
3.794400 
3.794500 
3.795500 
3.797000 
3.797400 
3.798000 
3.799900 
3.800100 
3.801800 
3.802100 
3.803300 
3.804600 
3.804800 
3.808300 
3.808500 
3.809000 
3.810300 
3.811100 
3.813900 
3.815600 
3.817200 
3.818200 
3.818400 
3.818900 
3.819300 
3.823500 
3.823900 
3.824000 
3.824200 
3.824200 
3.827200 
3.827600 
3.829400 
3.830500 
3.831000 
3.831200 
3.831400 
3.832200 
3.832300 
3.832600 
3.832900 
3.839900 
3.840500 
3.840800 
3.842600 
3.843000 
3.844600 
3.845100 
3.845400 
3.846500 
3.846700 
3.849300 
3.849400 
3.850300 
3.851000 
3.851700 
3.852000 
3.852400 
3.852600 
3.852700 
3.854400 
3.855500 
3.856000 
3.857800 
3.858000 
3.858700 
3.861000 
3.861800 
3.862600 
3.863700 
3.864800 
3.865400 
3.866100 
3.868400 
3.869100 
3.869900 
3.871200 
3.872300 
3.874700 
3.875000 
3.875800 
3.877700 
3.877900 
3.878300 
3.879800 
3.884400 
3.884700 
3.885000 
3.885500 
3.886100 
3.888800 
3.889400 
3.890000 
3.892000 
3.892800 
3.896400 
3.897500 
3.897700 
3.901600 
3.901900 
3.901900 
3.904500 
3.905400 
3.906200 
3.906600 
3.906600 
3.908200 
3.910300 
3.911100 
3.911600 
3.912600 
3.914100 
3.914400 
3.915300 
3.916300 
3.916600 
3.917000 
3.917200 
3.920000 
3.920800 
3.921000 
3.921200 
3.922700 
3.922800 
3.924400 
3.925100 
3.926700 
3.928100 
3.929800 
3.930400 
3.931600 
3.932300 
3.932900 
3.933300 
3.933800 
3.934200 
3.941400 
3.943400 
3.948000 
3.948200 
3.948900 
3.950300 
3.951600 
3.953000 
3.956000 
3.956200 
3.956300 
3.959000 
3.960100 
3.961600 
3.961800 
3.962000 
3.962400 
3.962800 
3.963200 
3.964000 
3.965400 
3.966500 
3.966800 
3.968100 
3.968600 
3.969400 
3.969800 
3.971300 
3.972600 
3.974000 
3.976100 
3.976500 
3.978900 
3.979400 
3.979500 
3.983800 
3.983800 
3.984000 
3.984400 
3.990700 
3.991100 
3.991500 
3.991600 
3.991900 
3.992000 
3.992200 
3.993000 
3.993300 
3.993800 
3.995400 
3.997600 
3.997700 
3.998100 
