15 
55 
70 
1 
34 
120 
71 
79 
52 
121 
61 
31 
63 
135 
187 
127 
74 
153 
149 
162 
30 
135 
51 
53 
70 
115 
26 
16 
61 
95 
87 
68 
77 
66 
46 
126 
160 
132 
72 
93 
89 
8 
187 
98 
106 
94 
163 
101 
92 
120 
19 
73 
26 
118 
151 
48 
182 
12 
185 
76 
140 
119 
28 
27 
158 
102 
29 
75 
108 
165 
87 
65 
136 
170 
147 
9 
69 
112 
127 
16 
106 
187 
91 
74 
159 
28 
174 
172 
153 
97 
65 
124 
27 
74 
151 
30 
135 
52 
47 
78 
125 
171 
169 
182 
34 
22 
12 
89 
48 
130 
39 
106 
149 
22 
20 
65 
139 
40 
128 
154 
134 
7 
102 
37 
176 
42 
125 
152 
97 
113 
104 
73 
9 
65 
70 
18 
63 
40 
61 
121 
79 
140 
8 
45 
79 
6 
97 
67 
89 
88 
149 
62 
19 
171 
114 
38 
10 
8 
140 
163 
52 
77 
162 
37 
134 
182 
173 
147 
55 
160 
129 
107 
136 
58 
146 
26 
160 
44 
145 
109 
15 
80 
182 
22 
184 
181 
150 
33 
171 
53 
37 
175 
73 
128 
131 
79 
80 
175 
62 
142 
34 
88 
82 
166 
65 
37 
81 
145 
177 
78 
144 
133 
77 
102 
27 
69 
138 
152 
45 
39 
181 
68 
93 
136 
150 
48 
91 
17 
52 
127 
44 
159 
172 
70 
147 
142 
104 
15 
28 
126 
150 
107 
10 
121 
137 
96 
63 
29 
5 
127 
161 
84 
140 
168 
160 
129 
110 
161 
75 
126 
99 
16 
115 
6 
44 
174 
177 
39 
94 
34 
59 
108 
184 
180 
2 
88 
131 
64 
124 
79 
56 
61 
142 
185 
31 
109 
29 
14 
5 
160 
177 
9 
51 
156 
82 
91 
119 
159 
136 
93 
112 
95 
113 
150 
39 
161 
148 
6 
5 
101 
124 
109 
65 
163 
186 
25 
183 
59 
161 
146 
132 
150 
164 
67 
40 
83 
23 
13 
33 
146 
158 
121 
81 
21 
63 
143 
181 
20 
39 
113 
9 
45 
82 
155 
187 
53 
152 
49 
172 
173 
98 
36 
54 
38 
157 
90 
162 
18 
0 
158 
170 
146 
59 
101 
100 
64 
148 
76 
52 
130 
25 
145 
68 
118 
119 
144 
139 
160 
163 
72 
134 
46 
69 
143 
161 
179 
31 
32 
166 
184 
128 
101 
109 
172 
3 
125 
43 
76 
109 
6 
11 
154 
26 
94 
47 
183 
41 
73 
147 
38 
114 
129 
126 
180 
74 
77 
140 
91 
174 
113 
165 
69 
123 
109 
34 
103 
176 
33 
150 
49 
132 
96 
122 
185 
21 
56 
116 
34 
155 
170 
114 
121 
3 
98 
99 
109 
148 
168 
154 
92 
111 
110 
67 
165 
121 
123 
125 
60 
120 
21 
180 
160 
151 
121 
180 
134 
118 
163 
135 
156 
146 
102 
142 
141 
10 
17 
40 
98 
35 
14 
38 
116 
154 
53 
62 
119 
78 
90 
107 
175 
156 
44 
116 
123 
167 
105 
12 
122 
104 
127 
129 
133 
72 
66 
177 
168 
76 
63 
45 
118 
134 
105 
65 
186 
178 
49 
18 
6 
47 
42 
62 
35 
4 
32 
72 
123 
127 
183 
59 
26 
63 
165 
48 
153 
30 
17 
117 
171 
44 
104 
93 
24 
187 
49 
68 
38 
7 
166 
159 
23 
64 
73 
79 
31 
136 
115 
98 
110 
101 
160 
130 
104 
129 
157 
149 
5 
2 
77 
66 
91 
186 
12 
52 
3 
6 
138 
143 
97 
128 
114 
123 
23 
61 
73 
119 
49 
150 
160 
135 
83 
65 
21 
38 
117 
99 
151 
107 
110 
161 
64 
115 
53 
185 
10 
101 
113 
100 
109 
160 
47 
146 
5 
151 
27 
20 
106 
40 
48 
74 
143 
79 
144 
181 
38 
72 
116 
70 
169 
29 
30 
117 
60 
4 
146 
135 
76 
57 
151 
106 
59 
136 
121 
129 
96 
78 
77 
99 
118 
65 
24 
125 
110 
112 
138 
28 
147 
177 
164 
8 
124 
18 
168 
40 
86 
29 
131 
134 
94 
114 
3 
42 
137 
116 
149 
179 
49 
125 
25 
144 
162 
73 
181 
120 
183 
12 
92 
87 
108 
88 
153 
101 
69 
150 
43 
127 
53 
180 
100 
161 
160 
28 
7 
65 
121 
19 
146 
102 
23 
134 
175 
179 
56 
35 
70 
91 
132 
61 
4 
165 
123 
63 
177 
135 
182 
64 
66 
60 
5 
145 
113 
173 
82 
161 
146 
27 
156 
15 
99 
25 
74 
22 
86 
112 
148 
67 
13 
19 
187 
137 
56 
111 
91 
160 
117 
23 
100 
76 
69 
165 
96 
53 
25 
186 
152 
142 
139 
149 
101 
9 
14 
65 
86 
74 
161 
63 
5 
141 
169 
3 
100 
116 
69 
6 
20 
54 
139 
110 
94 
130 
160 
145 
155 
60 
158 
44 
141 
13 
26 
48 
80 
32 
124 
38 
58 
172 
27 
185 
146 
55 
136 
97 
6 
62 
175 
2 
163 
11 
30 
61 
123 
187 
165 
90 
76 
57 
98 
21 
128 
10 
74 
131 
144 
78 
5 
102 
117 
150 
114 
77 
9 
50 
28 
71 
3 
35 
103 
66 
44 
1 
106 
142 
184 
118 
42 
59 
51 
47 
154 
27 
9 
36 
76 
134 
125 
81 
96 
94 
185 
138 
129 
106 
19 
70 
156 
187 
171 
112 
163 
146 
150 
33 
125 
18 
110 
1 
72 
143 
169 
54 
57 
28 
62 
87 
53 
26 
113 
103 
25 
165 
78 
89 
12 
186 
38 
14 
172 
48 
8 
92 
50 
99 
141 
126 
173 
1 
61 
27 
131 
140 
0 
114 
16 
91 
187 
97 
115 
11 
107 
130 
86 
161 
104 
145 
17 
150 
40 
29 
4 
160 
84 
129 
35 
71 
96 
128 
172 
153 
116 
90 
184 
73 
126 
95 
31 
132 
9 
113 
27 
62 
2 
129 
53 
109 
77 
183 
42 
187 
131 
79 
15 
153 
41 
66 
132 
61 
116 
28 
68 
186 
75 
141 
161 
51 
98 
162 
70 
167 
56 
180 
136 
104 
20 
154 
165 
25 
127 
86 
96 
128 
45 
125 
24 
172 
171 
150 
181 
145 
105 
36 
137 
78 
173 
142 
148 
97 
104 
129 
151 
77 
80 
186 
153 
154 
42 
30 
109 
43 
73 
117 
131 
99 
24 
1 
37 
182 
44 
139 
153 
148 
80 
121 
7 
101 
110 
40 
30 
150 
103 
54 
61 
185 
45 
151 
140 
161 
26 
135 
51 
119 
84 
52 
16 
17 
125 
18 
158 
165 
79 
48 
106 
169 
14 
170 
117 
104 
1 
20 
41 
157 
81 
88 
102 
101 
61 
47 
79 
171 
183 
25 
172 
71 
54 
69 
179 
120 
37 
27 
164 
115 
112 
123 
161 
125 
64 
24 
98 
57 
167 
169 
15 
55 
119 
16 
38 
133 
165 
22 
147 
73 
76 
137 
78 
65 
40 
0 
121 
104 
102 
156 
59 
12 
47 
5 
144 
87 
126 
158 
21 
112 
8 
165 
88 
170 
75 
59 
100 
129 
167 
44 
96 
164 
17 
12 
139 
159 
56 
2 
130 
28 
43 
42 
73 
137 
109 
74 
112 
124 
175 
162 
89 
65 
92 
134 
26 
79 
31 
181 
102 
27 
182 
176 
173 
177 
167 
113 
118 
99 
111 
12 
93 
30 
33 
40 
42 
95 
153 
56 
167 
3 
119 
66 
186 
75 
108 
172 
39 
128 
94 
58 
21 
96 
109 
52 
132 
46 
147 
71 
80 
114 
8 
61 
113 
64 
99 
15 
103 
118 
0 
63 
112 
79 
56 
11 
136 
86 
116 
168 
28 
147 
167 
146 
107 
105 
161 
8 
91 
48 
121 
95 
154 
42 
64 
149 
57 
5 
145 
160 
68 
133 
163 
135 
31 
142 
16 
153 
2 
106 
130 
18 
41 
27 
151 
96 
122 
167 
24 
143 
29 
78 
93 
147 
134 
146 
125 
140 
79 
169 
10 
69 
81 
82 
44 
74 
62 
86 
144 
187 
136 
175 
95 
40 
116 
156 
161 
50 
145 
25 
42 
138 
153 
126 
87 
158 
81 
171 
103 
102 
44 
93 
146 
101 
159 
66 
115 
55 
41 
186 
51 
12 
50 
54 
58 
175 
11 
141 
113 
43 
163 
6 
30 
78 
24 
45 
168 
164 
77 
33 
127 
27 
140 
26 
148 
173 
12 
129 
92 
118 
31 
54 
0 
134 
123 
80 
17 
67 
130 
177 
152 
74 
145 
61 
85 
20 
106 
70 
66 
185 
78 
6 
9 
49 
133 
151 
90 
19 
123 
15 
136 
43 
184 
173 
73 
141 
158 
137 
149 
176 
174 
64 
88 
65 
15 
66 
1 
82 
93 
103 
55 
56 
127 
51 
28 
182 
132 
39 
185 
67 
38 
116 
26 
135 
99 
63 
126 
45 
76 
101 
9 
136 
109 
4 
120 
184 
165 
115 
8 
173 
108 
106 
152 
134 
34 
121 
114 
128 
49 
142 
71 
80 
3 
43 
86 
29 
20 
87 
85 
170 
51 
74 
70 
95 
122 
163 
9 
101 
13 
19 
63 
161 
127 
137 
73 
134 
92 
110 
144 
42 
186 
117 
105 
184 
147 
1 
141 
31 
148 
64 
104 
180 
97 
136 
24 
57 
75 
30 
162 
62 
170 
151 
159 
39 
179 
125 
163 
2 
117 
70 
87 
34 
101 
98 
47 
176 
126 
86 
149 
88 
51 
55 
94 
58 
144 
69 
159 
82 
180 
54 
143 
124 
43 
13 
5 
110 
16 
14 
160 
89 
168 
140 
152 
17 
101 
141 
134 
90 
65 
164 
56 
107 
120 
180 
40 
2 
80 
32 
108 
18 
34 
127 
27 
182 
174 
82 
186 
111 
35 
58 
22 
144 
170 
9 
23 
93 
154 
140 
24 
47 
75 
65 
19 
10 
174 
43 
101 
120 
1 
99 
102 
28 
166 
185 
18 
60 
80 
76 
111 
135 
152 
65 
66 
40 
35 
74 
53 
39 
182 
176 
17 
16 
10 
110 
149 
157 
150 
117 
13 
124 
154 
153 
137 
63 
40 
77 
45 
123 
94 
144 
22 
85 
81 
91 
49 
36 
96 
135 
38 
165 
162 
21 
139 
58 
97 
43 
174 
166 
147 
99 
180 
31 
116 
10 
98 
122 
102 
137 
92 
75 
42 
149 
140 
79 
168 
8 
39 
135 
115 
60 
87 
4 
104 
166 
118 
97 
45 
88 
160 
84 
179 
18 
48 
143 
32 
94 
34 
43 
33 
89 
147 
156 
62 
38 
131 
136 
27 
70 
68 
111 
158 
45 
140 
138 
1 
102 
144 
56 
149 
159 
152 
172 
7 
141 
32 
120 
151 
12 
29 
82 
125 
28 
143 
162 
170 
55 
128 
45 
40 
61 
129 
178 
30 
69 
76 
150 
47 
2 
5 
97 
119 
184 
126 
26 
57 
61 
134 
154 
152 
4 
104 
94 
22 
180 
90 
17 
92 
27 
102 
182 
11 
113 
126 
122 
169 
170 
38 
0 
15 
95 
30 
128 
124 
68 
161 
74 
87 
182 
125 
15 
39 
48 
60 
169 
26 
56 
94 
177 
133 
109 
0 
2 
108 
84 
139 
36 
154 
88 
106 
47 
5 
123 
93 
184 
61 
147 
128 
144 
122 
187 
70 
101 
132 
55 
152 
121 
50 
161 
92 
83 
116 
76 
172 
35 
181 
141 
134 
119 
24 
45 
59 
17 
115 
121 
139 
187 
44 
125 
127 
75 
104 
31 
85 
87 
138 
38 
156 
82 
30 
0 
33 
73 
124 
9 
56 
15 
24 
37 
171 
140 
51 
175 
98 
174 
101 
131 
42 
62 
55 
99 
47 
107 
18 
27 
183 
100 
134 
97 
136 
57 
40 
151 
104 
159 
48 
33 
129 
101 
83 
17 
147 
24 
135 
70 
86 
114 
130 
12 
168 
39 
108 
43 
32 
60 
71 
81 
119 
79 
66 
92 
97 
115 
123 
64 
126 
118 
54 
162 
133 
39 
175 
165 
122 
151 
77 
128 
52 
101 
104 
23 
37 
186 
125 
137 
134 
20 
153 
80 
140 
41 
121 
102 
131 
149 
38 
91 
97 
68 
4 
180 
113 
75 
160 
83 
124 
176 
35 
146 
129 
24 
11 
178 
127 
5 
58 
53 
84 
156 
162 
163 
136 
116 
16 
44 
8 
54 
118 
133 
28 
17 
86 
0 
146 
52 
63 
33 
46 
175 
11 
180 
72 
26 
185 
64 
29 
142 
132 
108 
112 
90 
106 
9 
87 
25 
115 
134 
155 
100 
110 
80 
97 
30 
161 
111 
4 
18 
60 
132 
35 
21 
107 
2 
180 
61 
22 
168 
67 
66 
99 
137 
138 
43 
74 
156 
23 
146 
6 
51 
59 
70 
144 
166 
127 
4 
149 
153 
34 
72 
122 
15 
77 
92 
60 
39 
113 
63 
111 
7 
103 
78 
106 
184 
179 
68 
61 
16 
123 
9 
22 
74 
150 
44 
164 
161 
162 
13 
7 
132 
79 
183 
31 
72 
70 
119 
140 
82 
173 
136 
0 
15 
175 
57 
130 
80 
64 
81 
19 
164 
48 
179 
8 
139 
5 
126 
152 
187 
76 
56 
101 
23 
155 
144 
3 
24 
13 
153 
128 
52 
49 
154 
111 
72 
36 
4 
51 
104 
6 
78 
103 
157 
170 
152 
15 
37 
31 
100 
70 
25 
153 
128 
174 
172 
182 
21 
167 
136 
98 
156 
27 
39 
92 
36 
107 
146 
63 
81 
131 
164 
66 
5 
30 
170 
80 
160 
173 
0 
75 
167 
46 
82 
147 
58 
182 
177 
118 
169 
111 
103 
123 
36 
25 
73 
128 
43 
79 
34 
57 
156 
55 
86 
37 
30 
108 
151 
119 
24 
113 
104 
182 
25 
40 
68 
127 
184 
65 
2 
131 
39 
17 
61 
149 
167 
135 
143 
178 
120 
169 
41 
45 
47 
101 
46 
56 
4 
181 
74 
69 
136 
133 
121 
75 
37 
176 
171 
104 
156 
83 
7 
100 
160 
180 
77 
148 
139 
140 
38 
21 
130 
107 
131 
120 
8 
138 
26 
40 
43 
179 
27 
55 
106 
145 
81 
99 
13 
44 
41 
60 
185 
31 
38 
86 
143 
53 
126 
52 
72 
114 
22 
73 
21 
24 
32 
133 
158 
1 
160 
171 
152 
119 
47 
148 
180 
79 
19 
133 
87 
62 
186 
50 
28 
137 
40 
12 
127 
161 
128 
145 
70 
131 
155 
86 
150 
185 
45 
60 
138 
102 
153 
79 
15 
80 
99 
31 
148 
166 
181 
134 
90 
123 
151 
144 
33 
77 
186 
105 
175 
124 
65 
156 
141 
49 
38 
28 
139 
130 
54 
74 
24 
50 
92 
16 
126 
155 
64 
117 
127 
149 
171 
159 
62 
99 
121 
135 
46 
108 
67 
138 
59 
150 
167 
152 
4 
47 
8 
146 
61 
89 
181 
72 
105 
52 
107 
64 
119 
7 
81 
76 
172 
125 
55 
41 
51 
39 
60 
103 
21 
14 
166 
88 
56 
69 
141 
170 
121 
49 
43 
22 
9 
68 
168 
124 
120 
6 
86 
155 
79 
125 
46 
180 
17 
92 
48 
84 
42 
8 
136 
124 
52 
137 
68 
67 
161 
60 
153 
166 
26 
141 
75 
140 
102 
172 
38 
177 
107 
186 
68 
17 
59 
113 
152 
31 
16 
61 
179 
12 
108 
127 
142 
23 
157 
79 
75 
37 
71 
92 
25 
57 
118 
131 
13 
9 
149 
28 
95 
143 
70 
38 
24 
66 
80 
51 
141 
77 
117 
144 
175 
111 
34 
186 
17 
39 
110 
169 
88 
3 
22 
61 
56 
25 
65 
123 
148 
62 
170 
26 
140 
15 
30 
171 
19 
94 
113 
165 
72 
135 
60 
173 
51 
77 
42 
97 
145 
98 
53 
50 
52 
29 
123 
78 
1 
112 
21 
6 
144 
172 
175 
67 
177 
85 
180 
7 
111 
35 
107 
174 
101 
92 
23 
153 
165 
0 
79 
104 
9 
93 
115 
116 
4 
42 
173 
178 
185 
24 
122 
162 
114 
46 
43 
172 
125 
182 
132 
65 
39 
41 
111 
179 
62 
144 
103 
174 
60 
31 
141 
177 
84 
55 
162 
140 
133 
87 
120 
136 
185 
68 
83 
74 
152 
34 
33 
168 
124 
99 
101 
134 
150 
53 
3 
146 
64 
11 
128 
61 
35 
75 
14 
125 
115 
7 
38 
119 
145 
130 
137 
1 
34 
65 
99 
113 
4 
22 
169 
58 
28 
131 
150 
153 
86 
93 
46 
176 
78 
68 
61 
70 
97 
88 
156 
5 
106 
71 
60 
43 
17 
38 
73 
126 
100 
35 
174 
81 
14 
6 
99 
72 
15 
149 
172 
177 
148 
48 
178 
17 
163 
22 
150 
164 
125 
165 
45 
187 
171 
28 
63 
138 
46 
168 
130 
169 
9 
7 
139 
8 
166 
19 
95 
68 
65 
79 
31 
16 
82 
89 
172 
167 
163 
128 
11 
124 
53 
63 
117 
160 
43 
140 
14 
113 
58 
145 
164 
77 
122 
72 
144 
73 
129 
79 
100 
149 
105 
5 
76 
56 
155 
22 
82 
75 
127 
114 
143 
135 
152 
103 
134 
160 
74 
18 
68 
165 
113 
52 
187 
40 
98 
83 
145 
26 
175 
156 
60 
78 
130 
138 
54 
7 
134 
76 
13 
105 
52 
183 
120 
24 
47 
3 
55 
166 
57 
72 
168 
51 
14 
58 
0 
110 
177 
95 
29 
150 
38 
53 
183 
175 
165 
88 
157 
64 
66 
22 
75 
68 
145 
122 
108 
83 
103 
21 
15 
184 
38 
155 
82 
156 
5 
65 
132 
19 
142 
121 
35 
60 
105 
126 
89 
53 
101 
162 
161 
146 
45 
133 
136 
57 
123 
72 
95 
154 
116 
160 
164 
39 
87 
3 
139 
180 
70 
159 
109 
103 
57 
59 
151 
170 
9 
187 
92 
48 
21 
134 
64 
80 
185 
2 
167 
1 
68 
110 
104 
129 
128 
138 
41 
67 
99 
77 
179 
21 
143 
97 
36 
50 
98 
181 
148 
107 
122 
140 
142 
132 
72 
113 
128 
49 
123 
170 
183 
25 
77 
144 
138 
74 
22 
69 
61 
84 
121 
182 
68 
93 
185 
150 
57 
18 
38 
96 
16 
143 
66 
142 
179 
94 
87 
82 
15 
40 
77 
59 
62 
113 
9 
137 
95 
74 
51 
45 
100 
149 
156 
67 
128 
174 
121 
124 
145 
22 
66 
96 
106 
178 
48 
146 
47 
43 
77 
39 
177 
61 
7 
50 
166 
147 
132 
52 
27 
45 
122 
14 
40 
23 
67 
75 
94 
126 
11 
131 
133 
69 
61 
113 
175 
33 
24 
146 
160 
21 
22 
32 
25 
70 
112 
18 
177 
62 
71 
103 
15 
4 
183 
123 
92 
153 
36 
94 
72 
170 
168 
28 
149 
18 
164 
111 
155 
88 
65 
158 
19 
132 
60 
27 
78 
107 
86 
95 
104 
112 
71 
151 
49 
68 
131 
108 
91 
137 
136 
28 
33 
183 
42 
156 
125 
185 
47 
51 
72 
186 
94 
101 
74 
93 
67 
21 
77 
8 
23 
164 
148 
136 
104 
76 
54 
170 
17 
32 
68 
95 
106 
130 
43 
105 
177 
127 
27 
42 
180 
31 
110 
94 
61 
123 
139 
111 
70 
112 
134 
71 
50 
60 
55 
69 
17 
7 
120 
173 
93 
101 
2 
14 
126 
113 
27 
124 
72 
95 
92 
112 
160 
133 
123 
110 
175 
84 
61 
166 
0 
117 
39 
44 
4 
3 
129 
63 
102 
96 
23 
72 
106 
155 
99 
133 
156 
143 
111 
136 
90 
53 
125 
187 
160 
128 
18 
88 
131 
2 
176 
109 
118 
28 
32 
169 
181 
132 
17 
38 
121 
158 
25 
81 
89 
154 
84 
151 
86 
0 
22 
166 
183 
43 
57 
101 
178 
3 
109 
182 
171 
59 
21 
127 
50 
89 
125 
155 
4 
142 
6 
91 
78 
35 
92 
107 
111 
98 
123 
187 
144 
62 
143 
136 
121 
117 
72 
29 
109 
66 
73 
104 
95 
134 
175 
37 
40 
69 
128 
77 
26 
177 
47 
0 
116 
17 
124 
51 
13 
20 
96 
67 
165 
187 
44 
1 
48 
42 
169 
65 
183 
92 
157 
111 
87 
148 
60 
59 
16 
86 
19 
147 
163 
167 
66 
11 
133 
32 
185 
171 
45 
9 
117 
169 
36 
178 
142 
136 
30 
17 
172 
111 
33 
43 
109 
39 
40 
129 
151 
177 
62 
138 
23 
74 
110 
20 
29 
179 
186 
64 
105 
51 
87 
80 
162 
123 
54 
38 
70 
61 
135 
130 
159 
53 
88 
183 
96 
26 
48 
76 
134 
71 
0 
68 
124 
112 
173 
153 
165 
43 
64 
184 
58 
156 
17 
29 
56 
172 
135 
99 
178 
185 
123 
160 
142 
10 
20 
90 
9 
93 
91 
15 
3 
78 
4 
120 
34 
151 
21 
136 
60 
143 
41 
73 
128 
150 
26 
8 
148 
75 
80 
48 
112 
174 
184 
23 
38 
39 
12 
101 
182 
79 
7 
91 
32 
27 
87 
136 
52 
68 
129 
54 
128 
171 
40 
101 
79 
172 
60 
82 
164 
55 
154 
138 
16 
41 
51 
44 
53 
174 
176 
184 
27 
59 
146 
9 
99 
24 
21 
37 
30 
125 
181 
168 
22 
46 
134 
172 
140 
173 
129 
139 
137 
76 
104 
135 
126 
146 
58 
97 
109 
75 
155 
123 
175 
27 
54 
156 
94 
60 
95 
138 
181 
34 
36 
45 
118 
73 
42 
62 
137 
81 
6 
2 
70 
58 
95 
103 
109 
138 
166 
115 
74 
107 
30 
142 
129 
78 
1 
21 
29 
90 
162 
17 
80 
102 
100 
8 
181 
168 
124 
5 
48 
169 
174 
127 
133 
57 
55 
63 
84 
76 
96 
161 
50 
18 
156 
79 
184 
25 
152 
73 
125 
111 
3 
126 
13 
70 
26 
15 
112 
155 
16 
154 
141 
120 
72 
56 
77 
176 
61 
151 
6 
2 
41 
118 
35 
36 
131 
135 
58 
22 
33 
169 
27 
125 
148 
12 
13 
42 
53 
134 
87 
165 
114 
28 
136 
145 
117 
9 
115 
137 
55 
146 
101 
25 
133 
86 
38 
64 
73 
158 
21 
153 
15 
44 
171 
152 
159 
143 
140 
85 
10 
58 
34 
171 
27 
107 
161 
126 
122 
133 
60 
68 
110 
145 
29 
112 
176 
96 
45 
49 
123 
127 
149 
97 
100 
19 
22 
172 
41 
131 
187 
162 
6 
165 
42 
143 
103 
95 
43 
129 
101 
146 
125 
33 
51 
16 
36 
183 
76 
9 
73 
68 
127 
8 
87 
117 
100 
91 
104 
144 
133 
14 
64 
124 
179 
74 
38 
111 
184 
167 
138 
37 
150 
170 
163 
112 
67 
68 
94 
141 
35 
73 
98 
124 
137 
5 
107 
66 
30 
91 
155 
152 
158 
99 
159 
118 
148 
4 
108 
43 
69 
181 
12 
15 
75 
18 
154 
37 
24 
157 
7 
103 
86 
53 
133 
4 
11 
126 
115 
49 
87 
68 
77 
117 
186 
177 
108 
94 
137 
10 
47 
24 
183 
21 
28 
29 
60 
112 
9 
101 
86 
97 
179 
93 
178 
96 
106 
74 
78 
87 
31 
50 
13 
177 
131 
156 
155 
88 
55 
42 
65 
69 
75 
134 
11 
151 
91 
121 
112 
25 
80 
37 
57 
40 
126 
172 
78 
63 
130 
152 
24 
173 
13 
118 
54 
135 
144 
8 
176 
98 
26 
129 
23 
10 
116 
99 
81 
127 
119 
131 
89 
53 
73 
87 
24 
66 
84 
143 
136 
132 
83 
169 
120 
14 
164 
95 
97 
3 
134 
6 
154 
52 
171 
137 
128 
147 
54 
47 
126 
1 
181 
96 
63 
29 
66 
68 
179 
61 
91 
125 
27 
116 
123 
185 
143 
87 
96 
5 
161 
71 
166 
114 
182 
46 
89 
124 
144 
118 
121 
64 
146 
94 
65 
86 
59 
116 
33 
97 
44 
73 
23 
133 
155 
154 
70 
88 
83 
138 
143 
61 
27 
50 
24 
124 
158 
175 
52 
29 
117 
7 
137 
121 
87 
31 
75 
47 
184 
175 
21 
94 
131 
15 
58 
50 
139 
9 
20 
177 
155 
18 
124 
134 
127 
113 
61 
102 
7 
133 
45 
48 
21 
95 
80 
39 
99 
109 
171 
40 
4 
44 
26 
75 
164 
87 
96 
178 
22 
173 
68 
101 
167 
126 
156 
168 
112 
1 
15 
108 
47 
166 
8 
163 
6 
44 
25 
174 
169 
177 
109 
4 
111 
136 
81 
66 
146 
144 
131 
38 
63 
36 
165 
24 
28 
142 
150 
108 
55 
184 
111 
161 
177 
32 
84 
23 
141 
147 
65 
133 
175 
186 
135 
125 
17 
180 
56 
108 
140 
142 
153 
49 
101 
121 
58 
85 
104 
18 
74 
51 
134 
143 
25 
4 
137 
16 
138 
30 
141 
11 
187 
76 
52 
135 
21 
92 
71 
38 
120 
35 
167 
133 
183 
99 
83 
126 
29 
101 
109 
59 
7 
95 
41 
6 
100 
125 
54 
27 
61 
96 
158 
58 
60 
4 
49 
160 
108 
138 
144 
113 
86 
85 
46 
66 
116 
35 
170 
12 
44 
174 
178 
70 
117 
64 
48 
17 
158 
154 
97 
6 
113 
168 
106 
33 
99 
2 
111 
51 
44 
169 
157 
50 
30 
26 
48 
73 
112 
131 
77 
46 
122 
66 
103 
174 
75 
19 
116 
38 
25 
135 
177 
108 
97 
17 
128 
153 
136 
92 
78 
172 
98 
65 
106 
0 
171 
111 
23 
119 
137 
147 
110 
155 
66 
109 
84 
95 
141 
182 
174 
144 
163 
89 
175 
113 
161 
119 
143 
26 
108 
93 
100 
1 
120 
147 
78 
88 
83 
101 
49 
73 
130 
67 
10 
39 
4 
129 
99 
52 
79 
68 
76 
57 
105 
152 
107 
63 
94 
106 
81 
124 
8 
14 
122 
40 
108 
132 
16 
161 
177 
45 
54 
42 
83 
169 
61 
150 
6 
19 
92 
31 
69 
35 
102 
72 
78 
5 
29 
4 
76 
123 
51 
59 
171 
158 
67 
175 
153 
173 
154 
22 
18 
91 
97 
34 
166 
135 
46 
116 
100 
132 
59 
78 
124 
30 
183 
120 
87 
151 
39 
164 
129 
48 
66 
85 
136 
70 
132 
137 
172 
174 
185 
158 
148 
145 
177 
90 
117 
124 
100 
68 
12 
78 
162 
130 
74 
92 
180 
132 
170 
2 
114 
106 
59 
93 
144 
110 
185 
6 
156 
125 
13 
68 
186 
80 
173 
98 
182 
99 
21 
131 
139 
38 
97 
85 
141 
49 
70 
4 
175 
19 
152 
48 
155 
72 
112 
9 
140 
7 
133 
94 
158 
182 
69 
62 
164 
170 
134 
101 
137 
67 
68 
88 
35 
21 
27 
12 
183 
121 
109 
78 
143 
3 
124 
152 
128 
151 
53 
19 
175 
31 
92 
187 
59 
81 
180 
177 
50 
29 
39 
172 
148 
41 
91 
64 
87 
127 
146 
28 
77 
119 
168 
165 
63 
88 
97 
3 
50 
122 
42 
79 
144 
132 
154 
136 
25 
22 
51 
149 
137 
175 
9 
86 
146 
5 
139 
92 
16 
164 
187 
6 
2 
140 
158 
52 
128 
123 
131 
127 
118 
44 
178 
30 
46 
126 
107 
117 
49 
18 
96 
71 
172 
129 
20 
15 
59 
23 
142 
184 
101 
167 
42 
104 
144 
50 
97 
174 
25 
125 
136 
4 
124 
108 
159 
153 
61 
103 
176 
48 
28 
171 
154 
128 
183 
29 
40 
45 
90 
179 
180 
60 
69 
139 
85 
93 
75 
172 
109 
6 
37 
104 
92 
66 
71 
178 
7 
81 
87 
84 
155 
0 
54 
156 
76 
184 
118 
161 
162 
185 
86 
124 
59 
88 
150 
133 
131 
154 
39 
170 
128 
139 
78 
127 
106 
169 
50 
134 
44 
85 
53 
6 
31 
148 
103 
164 
42 
91 
5 
82 
152 
153 
182 
19 
110 
132 
15 
58 
26 
118 
22 
100 
130 
65 
121 
45 
157 
13 
17 
43 
23 
154 
18 
39 
111 
15 
169 
67 
92 
84 
174 
73 
117 
181 
119 
113 
158 
183 
24 
94 
71 
139 
55 
87 
53 
110 
89 
152 
26 
91 
52 
154 
61 
80 
147 
50 
128 
163 
109 
115 
161 
149 
97 
150 
129 
54 
69 
32 
107 
15 
16 
152 
174 
41 
95 
153 
67 
113 
1 
118 
98 
185 
92 
167 
137 
163 
72 
3 
9 
100 
146 
121 
99 
45 
74 
130 
101 
111 
20 
39 
7 
17 
150 
100 
103 
62 
134 
89 
175 
133 
70 
146 
30 
33 
25 
75 
182 
108 
87 
53 
86 
50 
89 
161 
51 
176 
60 
11 
38 
57 
160 
129 
168 
36 
69 
54 
59 
68 
6 
119 
73 
49 
115 
137 
149 
118 
166 
125 
10 
19 
123 
101 
134 
27 
40 
83 
74 
158 
39 
70 
173 
100 
122 
45 
92 
62 
35 
150 
87 
105 
99 
3 
90 
96 
174 
17 
6 
112 
153 
39 
98 
170 
34 
128 
18 
161 
7 
23 
187 
13 
139 
66 
71 
110 
134 
165 
80 
1 
121 
79 
122 
157 
72 
10 
46 
180 
155 
24 
88 
19 
61 
160 
18 
30 
153 
99 
133 
55 
149 
42 
43 
4 
138 
1 
121 
183 
162 
49 
182 
157 
57 
150 
39 
76 
139 
8 
81 
140 
17 
98 
11 
156 
95 
44 
19 
108 
132 
94 
90 
78 
173 
21 
33 
96 
172 
29 
157 
61 
104 
149 
15 
23 
72 
133 
74 
160 
86 
91 
107 
170 
167 
119 
143 
48 
162 
175 
35 
77 
22 
100 
20 
174 
94 
71 
11 
41 
51 
159 
161 
95 
88 
91 
29 
64 
178 
30 
50 
89 
86 
13 
182 
147 
80 
4 
73 
97 
137 
0 
39 
45 
92 
78 
29 
113 
48 
89 
156 
1 
101 
46 
112 
154 
165 
102 
132 
162 
81 
151 
155 
117 
38 
88 
48 
67 
104 
7 
120 
129 
49 
180 
156 
161 
83 
71 
6 
177 
123 
27 
13 
89 
115 
87 
23 
144 
164 
120 
21 
8 
112 
75 
149 
124 
146 
181 
186 
92 
137 
148 
154 
53 
163 
132 
99 
90 
150 
61 
135 
168 
30 
130 
76 
89 
90 
33 
13 
143 
12 
162 
141 
129 
178 
134 
179 
77 
65 
60 
116 
147 
187 
168 
85 
25 
97 
154 
24 
102 
49 
7 
173 
62 
53 
3 
117 
146 
106 
155 
123 
160 
47 
35 
38 
120 
114 
184 
125 
62 
77 
119 
165 
40 
137 
172 
152 
17 
16 
170 
147 
160 
15 
10 
27 
117 
155 
36 
179 
101 
72 
131 
66 
19 
57 
99 
29 
34 
145 
139 
39 
73 
182 
186 
97 
147 
102 
30 
50 
22 
152 
171 
163 
95 
141 
129 
57 
134 
18 
119 
181 
157 
112 
13 
84 
41 
68 
78 
82 
174 
74 
118 
91 
148 
133 
158 
183 
185 
33 
129 
177 
92 
95 
135 
56 
48 
3 
57 
107 
85 
14 
131 
81 
71 
144 
121 
24 
26 
45 
104 
118 
142 
73 
20 
156 
153 
138 
124 
137 
172 
182 
149 
122 
40 
8 
32 
87 
86 
10 
76 
113 
150 
173 
27 
74 
67 
1 
142 
62 
9 
96 
53 
169 
129 
157 
21 
65 
155 
31 
55 
138 
16 
108 
106 
41 
146 
148 
42 
4 
59 
90 
185 
12 
33 
100 
6 
120 
10 
26 
24 
180 
63 
164 
123 
38 
87 
107 
186 
46 
4 
36 
79 
84 
138 
130 
57 
42 
35 
175 
118 
15 
150 
140 
109 
145 
128 
125 
159 
70 
45 
154 
84 
122 
163 
48 
35 
174 
149 
73 
158 
124 
183 
92 
118 
89 
27 
113 
114 
135 
184 
161 
107 
110 
18 
26 
75 
144 
159 
38 
90 
120 
7 
53 
106 
115 
130 
186 
83 
152 
178 
69 
48 
46 
148 
170 
133 
150 
94 
8 
10 
158 
82 
66 
44 
140 
64 
159 
70 
165 
183 
84 
2 
62 
121 
175 
116 
48 
79 
177 
41 
146 
90 
28 
109 
86 
152 
144 
88 
11 
52 
95 
108 
135 
132 
116 
174 
15 
148 
117 
27 
173 
126 
33 
55 
38 
60 
75 
64 
176 
179 
54 
14 
150 
184 
82 
37 
91 
165 
115 
96 
39 
124 
73 
183 
17 
112 
55 
5 
113 
126 
72 
102 
172 
146 
61 
68 
90 
132 
66 
117 
34 
134 
175 
179 
108 
109 
92 
182 
151 
40 
71 
76 
139 
136 
148 
138 
152 
0 
93 
43 
133 
99 
121 
35 
171 
30 
85 
161 
17 
54 
104 
84 
32 
108 
58 
144 
94 
182 
100 
143 
39 
179 
38 
97 
87 
129 
37 
123 
146 
160 
101 
71 
128 
46 
26 
36 
170 
118 
111 
19 
140 
186 
1 
122 
16 
17 
72 
126 
176 
103 
125 
166 
187 
65 
63 
41 
128 
163 
106 
28 
170 
4 
49 
69 
124 
153 
104 
35 
133 
29 
26 
149 
131 
8 
110 
84 
107 
27 
167 
99 
34 
23 
58 
150 
127 
130 
94 
42 
64 
109 
124 
128 
123 
96 
12 
83 
181 
179 
53 
70 
127 
1 
159 
33 
84 
48 
108 
10 
113 
185 
146 
40 
180 
25 
87 
4 
66 
100 
62 
37 
11 
60 
184 
110 
140 
117 
39 
24 
79 
158 
157 
111 
119 
150 
178 
141 
139 
81 
137 
89 
153 
66 
39 
83 
149 
26 
93 
183 
54 
109 
98 
152 
53 
62 
134 
175 
101 
142 
167 
154 
72 
110 
85 
75 
179 
55 
58 
37 
10 
99 
14 
92 
160 
134 
84 
163 
119 
166 
38 
4 
120 
138 
114 
65 
117 
141 
118 
174 
40 
39 
27 
67 
187 
100 
46 
124 
169 
0 
170 
116 
149 
126 
57 
93 
51 
127 
68 
7 
157 
29 
74 
135 
106 
88 
133 
173 
0 
42 
2 
9 
139 
183 
163 
23 
35 
168 
56 
131 
180 
39 
120 
161 
78 
140 
110 
101 
132 
