158 
59 
160 
170 
8 
30 
90 
59 
134 
67 
56 
173 
104 
126 
61 
156 
0 
22 
49 
105 
171 
110 
90 
62 
70 
102 
24 
50 
153 
55 
117 
123 
33 
94 
110 
125 
119 
151 
92 
17 
123 
142 
184 
180 
45 
32 
61 
68 
67 
31 
47 
123 
131 
116 
175 
50 
176 
122 
105 
10 
96 
185 
102 
94 
92 
84 
184 
72 
20 
113 
54 
95 
120 
65 
182 
42 
117 
179 
88 
36 
185 
161 
138 
110 
116 
178 
56 
50 
48 
133 
77 
171 
34 
29 
29 
7 
15 
18 
153 
81 
92 
128 
16 
122 
46 
55 
141 
30 
78 
62 
176 
31 
64 
108 
120 
115 
16 
58 
177 
155 
9 
49 
33 
90 
55 
63 
137 
108 
38 
109 
53 
105 
173 
123 
100 
76 
118 
38 
12 
183 
126 
182 
42 
181 
117 
92 
140 
178 
111 
50 
153 
187 
141 
144 
32 
7 
116 
27 
10 
51 
117 
53 
5 
28 
178 
4 
179 
52 
113 
110 
0 
88 
8 
6 
44 
1 
36 
161 
74 
156 
134 
32 
34 
100 
59 
135 
6 
149 
119 
159 
150 
112 
89 
161 
70 
171 
19 
148 
168 
117 
72 
52 
119 
135 
151 
31 
96 
0 
92 
143 
131 
10 
174 
36 
104 
90 
125 
141 
68 
152 
139 
163 
160 
52 
120 
70 
79 
48 
151 
152 
39 
8 
76 
164 
137 
59 
93 
186 
155 
133 
12 
151 
148 
88 
89 
12 
55 
166 
45 
94 
130 
179 
6 
40 
9 
149 
130 
112 
83 
128 
60 
76 
24 
135 
186 
84 
182 
59 
98 
3 
93 
82 
171 
187 
41 
157 
133 
168 
81 
163 
113 
121 
29 
172 
69 
147 
100 
122 
52 
92 
12 
55 
124 
34 
60 
125 
63 
164 
182 
31 
50 
52 
99 
154 
6 
79 
137 
149 
132 
136 
165 
17 
21 
52 
172 
108 
177 
2 
28 
169 
122 
81 
97 
76 
78 
34 
64 
27 
11 
121 
45 
138 
63 
36 
42 
111 
20 
89 
125 
122 
42 
167 
129 
158 
127 
55 
116 
14 
173 
187 
58 
126 
36 
153 
82 
53 
171 
79 
173 
64 
132 
176 
13 
75 
118 
160 
137 
141 
177 
79 
100 
12 
15 
90 
31 
20 
46 
165 
59 
29 
152 
161 
68 
4 
116 
77 
174 
170 
50 
65 
49 
113 
95 
28 
153 
103 
105 
106 
68 
36 
94 
124 
62 
187 
89 
27 
4 
113 
46 
91 
94 
42 
108 
161 
97 
111 
130 
167 
112 
3 
11 
86 
90 
67 
181 
60 
62 
150 
40 
6 
57 
109 
108 
99 
23 
118 
127 
110 
8 
0 
55 
27 
5 
51 
28 
124 
122 
119 
95 
147 
33 
71 
87 
86 
152 
110 
9 
166 
43 
54 
108 
0 
135 
50 
92 
10 
11 
89 
98 
166 
183 
107 
133 
49 
81 
179 
118 
32 
57 
79 
113 
55 
66 
107 
169 
33 
176 
152 
131 
60 
154 
111 
42 
114 
151 
107 
153 
147 
167 
24 
64 
146 
88 
175 
173 
89 
70 
41 
171 
163 
53 
17 
59 
58 
131 
76 
47 
82 
99 
34 
89 
106 
113 
137 
100 
5 
21 
66 
13 
70 
39 
65 
147 
171 
163 
132 
114 
89 
177 
58 
143 
71 
44 
110 
157 
41 
57 
5 
16 
128 
150 
64 
159 
6 
28 
124 
26 
99 
97 
108 
141 
129 
101 
164 
169 
23 
15 
43 
2 
167 
31 
77 
62 
140 
25 
34 
29 
113 
18 
23 
83 
124 
109 
125 
42 
17 
181 
68 
54 
94 
179 
19 
51 
102 
125 
152 
109 
7 
184 
30 
108 
137 
75 
68 
140 
168 
97 
65 
90 
43 
60 
129 
39 
12 
59 
22 
82 
91 
53 
100 
73 
46 
156 
85 
130 
138 
140 
60 
170 
0 
19 
103 
52 
6 
68 
135 
115 
24 
161 
75 
59 
139 
96 
166 
58 
55 
68 
106 
76 
39 
61 
1 
151 
125 
73 
2 
178 
18 
120 
36 
7 
57 
12 
89 
101 
124 
151 
75 
79 
4 
153 
5 
6 
133 
155 
45 
93 
177 
82 
37 
143 
59 
85 
6 
43 
88 
22 
129 
118 
41 
114 
103 
2 
148 
98 
181 
50 
60 
71 
80 
105 
62 
59 
96 
86 
114 
34 
173 
121 
125 
112 
26 
35 
142 
84 
20 
7 
113 
128 
169 
120 
43 
180 
141 
58 
171 
31 
24 
28 
170 
91 
81 
169 
164 
137 
131 
135 
22 
37 
34 
108 
68 
51 
75 
138 
38 
78 
114 
185 
36 
95 
15 
79 
169 
25 
94 
156 
32 
103 
81 
150 
142 
123 
86 
19 
87 
124 
146 
72 
77 
180 
116 
137 
119 
16 
156 
98 
6 
74 
45 
95 
24 
35 
147 
52 
84 
176 
1 
184 
119 
71 
4 
127 
31 
173 
51 
77 
164 
5 
144 
10 
20 
22 
9 
87 
140 
180 
101 
110 
1 
79 
183 
149 
154 
100 
29 
10 
93 
130 
69 
145 
70 
90 
114 
167 
40 
185 
138 
52 
50 
91 
178 
82 
18 
150 
30 
123 
94 
80 
22 
39 
43 
175 
54 
110 
182 
140 
169 
34 
143 
3 
147 
79 
138 
65 
185 
149 
27 
0 
78 
60 
156 
53 
31 
41 
121 
103 
55 
84 
119 
93 
150 
64 
15 
89 
83 
128 
75 
21 
159 
27 
41 
152 
163 
167 
179 
171 
160 
63 
98 
59 
52 
6 
137 
58 
144 
62 
17 
72 
133 
165 
176 
87 
114 
52 
46 
181 
112 
111 
143 
105 
108 
147 
62 
27 
115 
89 
77 
130 
29 
135 
176 
2 
18 
50 
150 
67 
35 
185 
10 
175 
48 
36 
100 
112 
39 
120 
43 
25 
70 
45 
122 
133 
28 
73 
139 
131 
4 
64 
125 
24 
98 
72 
155 
164 
147 
146 
88 
94 
152 
106 
18 
129 
175 
45 
132 
165 
37 
138 
42 
178 
99 
12 
89 
10 
14 
136 
144 
171 
52 
108 
20 
118 
57 
49 
126 
43 
65 
165 
148 
6 
157 
171 
33 
47 
34 
154 
16 
173 
45 
134 
3 
183 
94 
15 
135 
46 
151 
9 
67 
98 
79 
7 
85 
28 
31 
132 
92 
80 
2 
131 
147 
60 
39 
102 
65 
64 
61 
50 
25 
179 
83 
3 
129 
81 
8 
68 
157 
121 
5 
53 
85 
43 
109 
4 
115 
88 
6 
52 
28 
144 
150 
96 
165 
62 
151 
70 
7 
159 
177 
81 
127 
83 
87 
113 
94 
89 
63 
132 
106 
18 
128 
67 
135 
138 
182 
95 
181 
98 
111 
137 
71 
94 
161 
91 
141 
145 
160 
143 
12 
84 
79 
89 
138 
144 
103 
20 
93 
185 
90 
73 
158 
125 
140 
184 
74 
126 
11 
178 
187 
181 
55 
164 
14 
88 
105 
186 
139 
157 
54 
179 
134 
123 
108 
0 
63 
96 
40 
82 
145 
138 
50 
93 
184 
15 
25 
30 
120 
4 
105 
75 
28 
177 
59 
185 
164 
85 
5 
7 
37 
135 
16 
147 
77 
128 
89 
34 
156 
60 
87 
118 
53 
47 
5 
39 
113 
32 
120 
88 
124 
25 
12 
11 
56 
137 
66 
79 
86 
44 
164 
166 
170 
9 
106 
130 
16 
112 
62 
80 
47 
91 
108 
77 
0 
55 
185 
172 
27 
127 
142 
48 
131 
55 
70 
95 
141 
35 
88 
87 
136 
13 
170 
43 
5 
61 
175 
158 
155 
169 
140 
57 
51 
147 
36 
150 
113 
179 
3 
11 
10 
84 
115 
30 
90 
93 
72 
135 
85 
157 
150 
120 
50 
32 
176 
155 
88 
46 
16 
3 
49 
85 
25 
167 
150 
69 
179 
185 
168 
136 
33 
118 
160 
13 
26 
187 
103 
54 
15 
174 
105 
146 
154 
98 
34 
81 
95 
153 
90 
99 
82 
112 
89 
45 
144 
65 
92 
94 
59 
86 
183 
79 
74 
12 
36 
26 
105 
171 
39 
18 
186 
30 
117 
122 
181 
174 
94 
6 
98 
38 
1 
142 
57 
104 
173 
179 
146 
180 
86 
20 
144 
130 
77 
113 
9 
67 
50 
109 
126 
131 
62 
29 
32 
81 
63 
153 
38 
14 
186 
176 
55 
60 
130 
57 
71 
91 
145 
103 
169 
114 
75 
49 
138 
136 
121 
20 
88 
125 
70 
61 
165 
59 
134 
178 
119 
97 
154 
13 
56 
160 
12 
184 
31 
111 
185 
179 
134 
133 
30 
3 
115 
93 
104 
89 
117 
121 
157 
99 
168 
15 
51 
139 
6 
175 
82 
26 
46 
176 
106 
91 
156 
71 
49 
116 
90 
4 
68 
107 
105 
87 
66 
15 
114 
150 
165 
178 
104 
128 
185 
29 
35 
80 
146 
142 
49 
37 
168 
167 
12 
163 
30 
104 
69 
171 
86 
76 
53 
9 
13 
23 
26 
144 
184 
131 
88 
132 
172 
126 
21 
2 
109 
25 
174 
34 
13 
97 
74 
119 
28 
56 
99 
139 
9 
113 
8 
13 
133 
48 
169 
71 
51 
146 
110 
59 
159 
131 
13 
36 
164 
160 
143 
127 
119 
29 
142 
62 
17 
26 
81 
162 
74 
104 
185 
129 
145 
122 
55 
101 
168 
18 
152 
84 
7 
50 
60 
133 
156 
186 
39 
187 
32 
43 
181 
45 
42 
116 
107 
170 
76 
132 
179 
108 
94 
187 
18 
48 
23 
34 
98 
143 
134 
103 
130 
7 
126 
163 
25 
173 
57 
148 
52 
115 
81 
65 
150 
9 
161 
94 
167 
63 
30 
55 
73 
80 
89 
169 
14 
77 
82 
115 
143 
141 
176 
144 
181 
148 
130 
106 
25 
142 
11 
79 
73 
139 
147 
87 
132 
15 
24 
107 
52 
49 
61 
44 
26 
116 
84 
154 
19 
54 
96 
36 
92 
164 
7 
176 
150 
126 
169 
9 
96 
18 
4 
82 
87 
19 
120 
7 
165 
170 
148 
89 
30 
109 
1 
66 
141 
45 
58 
186 
68 
0 
125 
12 
100 
121 
147 
43 
157 
98 
56 
117 
85 
131 
54 
29 
164 
90 
182 
52 
180 
138 
18 
89 
153 
184 
127 
164 
39 
114 
140 
130 
45 
29 
187 
118 
82 
74 
27 
100 
60 
51 
158 
166 
148 
55 
109 
129 
91 
116 
153 
96 
139 
88 
26 
59 
29 
140 
105 
155 
119 
3 
78 
143 
68 
79 
161 
76 
34 
113 
41 
91 
126 
7 
10 
95 
77 
17 
15 
25 
89 
67 
29 
3 
167 
7 
51 
0 
137 
50 
133 
186 
143 
16 
70 
15 
73 
144 
71 
1 
178 
92 
34 
42 
122 
165 
41 
58 
46 
67 
25 
113 
3 
37 
112 
157 
76 
42 
160 
104 
163 
56 
121 
86 
145 
144 
14 
33 
2 
95 
17 
15 
178 
138 
164 
167 
183 
47 
177 
146 
176 
60 
107 
136 
25 
118 
53 
173 
37 
55 
65 
24 
184 
153 
104 
94 
100 
154 
70 
17 
88 
36 
109 
59 
171 
82 
187 
71 
1 
76 
18 
51 
133 
91 
48 
9 
99 
120 
147 
174 
106 
38 
103 
186 
79 
165 
2 
94 
138 
123 
125 
119 
153 
117 
103 
160 
95 
51 
55 
93 
184 
178 
45 
126 
76 
29 
88 
22 
27 
36 
6 
114 
62 
78 
24 
17 
112 
56 
1 
122 
180 
182 
108 
74 
123 
97 
47 
2 
68 
78 
28 
55 
18 
136 
87 
43 
178 
160 
154 
90 
126 
1 
99 
49 
88 
114 
148 
2 
146 
186 
64 
17 
59 
14 
93 
140 
153 
117 
137 
116 
129 
57 
31 
15 
92 
10 
71 
20 
81 
80 
148 
121 
61 
69 
170 
75 
36 
153 
26 
146 
130 
97 
52 
61 
69 
147 
92 
30 
6 
136 
15 
76 
123 
16 
112 
68 
109 
115 
183 
26 
49 
60 
181 
141 
57 
93 
39 
186 
136 
24 
125 
3 
86 
52 
84 
80 
69 
178 
157 
142 
186 
166 
120 
38 
28 
107 
74 
47 
99 
52 
42 
98 
29 
1 
146 
100 
14 
84 
54 
22 
58 
157 
41 
26 
33 
154 
162 
137 
38 
173 
20 
91 
19 
158 
147 
153 
63 
66 
86 
46 
31 
8 
102 
10 
178 
70 
48 
64 
5 
21 
111 
33 
145 
160 
170 
65 
154 
165 
3 
11 
28 
72 
118 
76 
104 
146 
12 
143 
87 
71 
162 
93 
125 
68 
161 
132 
34 
65 
152 
22 
94 
70 
182 
26 
130 
166 
87 
180 
105 
110 
89 
163 
14 
143 
98 
149 
178 
36 
156 
139 
116 
155 
28 
151 
11 
153 
53 
140 
40 
67 
37 
7 
150 
145 
144 
162 
93 
112 
87 
114 
2 
119 
124 
30 
56 
29 
187 
35 
70 
170 
99 
100 
62 
21 
165 
50 
52 
59 
28 
139 
80 
64 
130 
82 
75 
141 
168 
95 
91 
165 
115 
7 
102 
62 
119 
93 
4 
19 
98 
77 
46 
184 
94 
97 
30 
105 
6 
120 
166 
171 
153 
135 
53 
81 
134 
38 
33 
52 
181 
156 
101 
177 
183 
55 
149 
71 
26 
70 
50 
40 
62 
84 
165 
69 
107 
112 
11 
73 
27 
168 
37 
133 
89 
150 
153 
100 
79 
152 
181 
87 
143 
139 
154 
118 
164 
131 
135 
57 
17 
63 
20 
109 
74 
171 
22 
8 
134 
47 
151 
52 
174 
45 
140 
173 
19 
78 
73 
100 
72 
132 
151 
156 
180 
42 
121 
106 
185 
40 
33 
183 
160 
124 
139 
164 
133 
182 
147 
181 
27 
141 
14 
131 
99 
90 
166 
38 
140 
165 
50 
150 
34 
59 
127 
26 
17 
180 
143 
142 
182 
114 
27 
70 
72 
147 
7 
23 
100 
170 
58 
0 
176 
125 
77 
81 
44 
102 
120 
156 
161 
158 
75 
110 
57 
34 
46 
67 
111 
26 
43 
47 
18 
0 
97 
102 
53 
153 
75 
92 
96 
172 
28 
152 
31 
178 
173 
140 
100 
162 
38 
76 
160 
167 
36 
55 
99 
106 
132 
116 
109 
181 
64 
174 
72 
73 
9 
145 
66 
110 
97 
144 
55 
28 
80 
100 
131 
74 
108 
115 
156 
175 
60 
166 
185 
23 
143 
69 
121 
51 
152 
3 
110 
32 
80 
144 
122 
1 
161 
53 
76 
20 
47 
31 
2 
29 
55 
177 
83 
133 
91 
95 
66 
114 
130 
150 
172 
93 
136 
89 
171 
42 
58 
102 
135 
49 
44 
141 
168 
36 
7 
169 
85 
164 
32 
47 
5 
155 
180 
125 
109 
38 
117 
147 
44 
84 
140 
47 
113 
26 
130 
65 
174 
69 
181 
55 
115 
101 
175 
72 
118 
148 
135 
104 
7 
98 
163 
144 
58 
109 
161 
11 
76 
184 
127 
46 
92 
77 
82 
145 
142 
65 
89 
111 
185 
7 
27 
64 
117 
10 
149 
36 
123 
32 
21 
79 
150 
66 
100 
30 
151 
75 
90 
73 
95 
130 
40 
2 
43 
10 
146 
119 
37 
148 
116 
165 
6 
29 
70 
85 
97 
80 
153 
40 
159 
48 
55 
4 
51 
134 
77 
181 
49 
128 
122 
170 
54 
66 
13 
16 
84 
62 
101 
73 
1 
43 
123 
139 
85 
105 
110 
59 
127 
153 
149 
150 
64 
178 
61 
121 
92 
147 
102 
75 
40 
140 
72 
137 
54 
129 
78 
29 
135 
182 
84 
159 
108 
121 
16 
10 
99 
57 
146 
175 
51 
160 
105 
150 
8 
98 
64 
94 
0 
77 
176 
184 
37 
180 
58 
110 
89 
49 
25 
137 
83 
90 
67 
113 
69 
157 
70 
117 
149 
45 
80 
125 
151 
134 
62 
88 
150 
135 
35 
9 
66 
114 
19 
147 
41 
91 
3 
4 
186 
116 
54 
106 
22 
68 
73 
23 
70 
75 
37 
160 
96 
41 
171 
101 
36 
124 
176 
74 
66 
154 
117 
51 
77 
147 
118 
102 
31 
54 
9 
122 
71 
52 
103 
150 
94 
18 
92 
87 
7 
73 
106 
160 
14 
12 
153 
77 
97 
177 
52 
17 
183 
162 
79 
50 
91 
109 
155 
164 
149 
94 
93 
172 
104 
165 
46 
140 
51 
78 
154 
1 
58 
21 
150 
29 
45 
70 
162 
88 
95 
184 
27 
167 
75 
90 
146 
144 
2 
176 
37 
78 
137 
59 
94 
5 
121 
6 
101 
69 
156 
180 
99 
159 
145 
66 
27 
185 
95 
143 
56 
148 
123 
67 
97 
131 
65 
48 
57 
159 
141 
7 
119 
127 
99 
125 
126 
128 
87 
139 
174 
168 
122 
76 
123 
187 
49 
53 
84 
0 
78 
165 
81 
6 
132 
116 
164 
80 
66 
4 
122 
106 
40 
173 
65 
51 
52 
147 
141 
5 
64 
148 
28 
18 
172 
91 
181 
177 
121 
120 
103 
66 
45 
135 
8 
162 
83 
93 
111 
110 
172 
99 
158 
142 
42 
39 
128 
185 
133 
97 
183 
122 
172 
6 
49 
102 
61 
116 
114 
106 
103 
94 
34 
144 
4 
87 
20 
131 
16 
9 
69 
79 
17 
18 
40 
68 
151 
166 
129 
95 
108 
174 
182 
82 
107 
172 
173 
45 
157 
139 
23 
133 
169 
138 
140 
89 
161 
84 
49 
71 
24 
64 
186 
147 
178 
141 
21 
14 
80 
183 
13 
98 
119 
144 
143 
104 
136 
150 
18 
12 
2 
92 
109 
23 
178 
112 
77 
86 
63 
57 
46 
75 
30 
58 
94 
17 
15 
97 
165 
60 
6 
3 
43 
50 
18 
63 
29 
8 
28 
145 
164 
159 
115 
84 
19 
82 
180 
54 
91 
178 
106 
5 
53 
35 
57 
116 
65 
118 
146 
88 
112 
151 
170 
16 
75 
84 
24 
153 
169 
33 
103 
31 
67 
147 
137 
3 
79 
38 
95 
77 
168 
30 
47 
156 
101 
70 
153 
123 
71 
40 
92 
26 
17 
2 
52 
187 
141 
64 
94 
11 
14 
47 
54 
74 
32 
23 
164 
147 
28 
93 
153 
22 
44 
4 
154 
63 
171 
118 
127 
75 
153 
186 
73 
139 
30 
180 
161 
101 
162 
62 
41 
36 
153 
86 
129 
114 
24 
167 
170 
43 
35 
172 
23 
119 
28 
66 
37 
133 
70 
149 
21 
159 
98 
165 
146 
164 
169 
171 
71 
0 
129 
151 
182 
81 
103 
118 
140 
74 
23 
163 
91 
48 
64 
61 
142 
73 
145 
121 
29 
43 
0 
105 
25 
135 
89 
75 
168 
180 
72 
95 
12 
109 
136 
104 
143 
27 
157 
83 
14 
117 
103 
108 
162 
57 
3 
109 
14 
21 
25 
69 
11 
171 
137 
149 
159 
92 
107 
169 
34 
39 
139 
122 
146 
147 
95 
163 
83 
18 
49 
68 
7 
2 
33 
140 
147 
186 
134 
145 
90 
111 
30 
53 
47 
33 
44 
80 
54 
110 
79 
147 
2 
148 
161 
27 
168 
31 
40 
103 
155 
101 
16 
150 
134 
174 
143 
77 
97 
33 
85 
73 
47 
74 
84 
168 
95 
157 
15 
8 
147 
146 
37 
162 
12 
45 
112 
123 
187 
6 
110 
10 
2 
77 
160 
28 
128 
179 
54 
114 
84 
1 
21 
167 
117 
39 
180 
63 
107 
79 
168 
132 
74 
147 
15 
46 
116 
81 
88 
6 
166 
127 
148 
54 
33 
10 
160 
15 
32 
161 
98 
6 
57 
27 
133 
109 
8 
48 
149 
19 
186 
151 
34 
69 
134 
178 
89 
43 
97 
77 
2 
85 
93 
50 
177 
114 
52 
105 
90 
112 
32 
82 
133 
3 
108 
36 
33 
135 
81 
67 
22 
180 
152 
141 
66 
53 
94 
185 
173 
154 
10 
29 
125 
106 
49 
184 
123 
17 
136 
81 
102 
18 
96 
31 
155 
186 
122 
121 
86 
38 
46 
45 
48 
127 
149 
16 
85 
76 
41 
114 
186 
44 
78 
110 
118 
9 
72 
103 
80 
75 
119 
50 
133 
187 
98 
140 
55 
132 
95 
180 
22 
92 
126 
66 
28 
169 
155 
86 
19 
143 
75 
186 
51 
77 
104 
158 
33 
60 
68 
90 
179 
143 
74 
89 
76 
159 
6 
163 
2 
168 
15 
56 
26 
182 
113 
150 
118 
177 
171 
78 
41 
13 
187 
38 
10 
122 
90 
72 
61 
134 
98 
89 
140 
74 
59 
171 
133 
163 
13 
121 
68 
6 
154 
33 
28 
169 
151 
131 
18 
44 
16 
101 
95 
1 
134 
132 
152 
50 
15 
108 
83 
183 
16 
135 
120 
157 
161 
138 
100 
18 
67 
53 
150 
94 
158 
10 
11 
154 
72 
64 
120 
121 
58 
112 
44 
111 
161 
59 
5 
139 
83 
171 
22 
164 
141 
50 
82 
103 
154 
13 
55 
165 
151 
70 
90 
176 
42 
153 
140 
21 
28 
106 
47 
187 
113 
74 
95 
170 
84 
138 
166 
156 
44 
161 
118 
136 
145 
92 
187 
75 
16 
88 
104 
74 
0 
155 
97 
131 
120 
76 
174 
171 
29 
132 
122 
85 
28 
37 
83 
30 
111 
168 
44 
95 
88 
152 
57 
41 
67 
63 
118 
130 
33 
54 
135 
101 
108 
147 
56 
157 
131 
19 
63 
102 
163 
114 
137 
184 
87 
26 
78 
44 
89 
176 
7 
100 
172 
149 
127 
16 
148 
8 
137 
109 
48 
186 
19 
69 
100 
6 
133 
156 
2 
15 
139 
121 
45 
25 
12 
143 
42 
1 
166 
5 
146 
57 
136 
94 
82 
26 
186 
130 
72 
13 
140 
102 
156 
28 
76 
154 
56 
73 
147 
23 
155 
168 
91 
57 
90 
124 
8 
94 
1 
16 
109 
152 
178 
93 
77 
32 
133 
99 
113 
172 
101 
58 
51 
128 
27 
173 
145 
49 
30 
126 
93 
46 
122 
68 
81 
79 
135 
170 
17 
120 
80 
131 
48 
164 
161 
104 
156 
10 
57 
85 
70 
68 
170 
160 
133 
107 
184 
139 
93 
47 
21 
74 
75 
120 
49 
149 
12 
68 
37 
6 
34 
48 
90 
115 
1 
121 
145 
91 
71 
176 
8 
122 
20 
116 
137 
41 
58 
94 
152 
59 
110 
10 
46 
51 
45 
107 
133 
148 
109 
89 
