23
26
22
24
36
26
32
28
28
33
22
20
24
23
19
35
26
37
28
26
17
33
30
27
34
29
34
40
29
30
31
25
17
26
23
29
19
22
43
42
35
23
32
29
28
31
23
24
35
26
25
29
26
33
26
27
23
26
24
27
33
42
29
26
29
35
35
24
39
26
35
24
33
36
35
31
30
31
33
33
26
24
21
19
25
16
31
38
28
24
22
27
38
23
31
30
29
34
24
39
29
46
25
24
34
14
30
28
31
33
29
29
30
35
19
22
27
31
31
27
28
36
23
37
39
38
33
33
38
35
26
33
31
36
43
32
37
36
29
28
33
26
24
29
36
23
40
26
28
33
39
27
34
34
32
27
32
18
27
21
36
38
24
26
23
31
22
23
24
27
30
26
34
26
30
35
18
32
19
25
29
22
31
30
26
28
26
28
