18
19
23
19
16
17
30
24
16
17
22
14
21
15
15
23
21
19
24
15
15
14
15
14
14
17
21
20
28
25
21
19
16
20
23
9
23
17
15
15
14
16
17
20
15
22
19
19
16
22
25
21
27
19
19
28
13
23
19
26
18
13
19
16
20
17
18
17
24
16
25
18
17
18
21
24
22
25
15
24
18
21
20
13
22
16
15
19
23
33
25
21
22
23
32
25
12
19
22
19
22
15
15
20
17
18
18
14
22
23
21
14
18
21
22
14
20
16
21
19
20
22
23
17
12
20
15
15
13
13
20
21
17
26
16
23
15
22
17
20
25
20
13
23
19
17
20
33
18
17
28
20
18
29
20
15
20
17
10
13
20
21
11
15
24
22
15
15
19
19
18
25
14
18
13
10
20
14
23
15
19
18
15
13
18
19
22
18
