16
16
18
16
16
16
16
12
18
18
12
20
20
22
16
25
13
16
15
14
18
18
16
12
17
22
16
24
19
21
21
15
12
17
14
18
20
21
22
20
19
19
26
10
20
12
13
15
22
19
20
16
14
25
20
16
17
22
17
17
17
16
7
22
15
17
22
28
20
21
22
17
9
16
19
19
25
20
13
14
18
21
12
11
18
17
18
21
20
14
21
14
23
17
17
18
25
19
19
17
12
16
16
18
13
24
11
18
17
17
15
20
16
16
23
21
19
21
19
13
14
21
21
18
16
9
13
19
10
20
15
22
18
18
17
24
15
27
19
22
21
17
19
13
17
15
7
15
13
14
20
17
18
18
14
19
22
15
15
17
23
19
27
18
13
13
16
17
20
25
14
17
19
13
26
23
24
14
26
17
24
20
20
22
12
14
17
18
