38 
515 
606 
151 
427 
1031 
964 
198 
959 
901 
143 
614 
51 
100 
293 
537 
791 
417 
153 
473 
521 
667 
1041 
147 
349 
448 
432 
189 
330 
819 
1060 
455 
221 
185 
384 
685 
958 
157 
771 
317 
995 
77 
666 
877 
21 
420 
249 
170 
326 
585 
991 
978 
79 
752 
200 
563 
204 
70 
572 
867 
736 
365 
602 
486 
274 
362 
449 
390 
355 
919 
599 
898 
398 
487 
658 
324 
865 
30 
162 
671 
794 
847 
668 
461 
532 
860 
894 
612 
971 
251 
185 
760 
343 
560 
535 
980 
145 
920 
215 
843 
137 
796 
977 
363 
935 
360 
22 
199 
472 
848 
255 
147 
676 
489 
408 
886 
1 
96 
476 
764 
785 
354 
662 
984 
846 
235 
931 
73 
952 
298 
548 
769 
587 
163 
951 
933 
747 
832 
121 
24 
601 
409 
859 
156 
253 
109 
704 
373 
930 
879 
333 
541 
680 
1024 
231 
349 
143 
440 
45 
176 
35 
92 
166 
212 
410 
778 
600 
94 
146 
86 
376 
426 
525 
334 
595 
84 
874 
873 
973 
768 
932 
745 
900 
130 
814 
102 
268 
806 
702 
468 
882 
528 
706 
815 
190 
515 
605 
164 
329 
107 
976 
439 
912 
663 
436 
280 
263 
590 
562 
88 
1002 
188 
269 
589 
812 
579 
887 
719 
754 
895 
843 
766 
172 
116 
593 
733 
922 
678 
380 
824 
240 
993 
950 
241 
288 
763 
889 
403 
25 
54 
1060 
179 
838 
43 
76 
253 
132 
901 
572 
726 
48 
432 
388 
80 
779 
730 
709 
29 
821 
79 
537 
270 
602 
658 
796 
415 
580 
988 
238 
223 
594 
885 
194 
1013 
97 
13 
994 
235 
729 
357 
770 
233 
331 
623 
1015 
66 
296 
284 
367 
322 
698 
801 
106 
851 
431 
308 
411 
250 
1006 
468 
653 
304 
627 
1022 
776 
965 
579 
706 
513 
947 
201 
593 
480 
371 
790 
123 
559 
902 
121 
62 
616 
603 
821 
275 
337 
395 
420 
562 
391 
47 
105 
899 
972 
826 
750 
356 
141 
56 
552 
195 
609 
78 
1019 
321 
607 
486 
672 
233 
637 
784 
521 
60 
777 
933 
670 
489 
69 
928 
810 
172 
507 
916 
319 
561 
503 
1007 
357 
156 
1003 
401 
91 
1030 
897 
215 
710 
547 
379 
773 
212 
856 
84 
481 
787 
955 
575 
514 
563 
173 
1020 
703 
532 
185 
297 
314 
170 
14 
344 
189 
274 
644 
385 
474 
952 
92 
709 
120 
583 
960 
26 
239 
24 
585 
33 
650 
622 
318 
153 
941 
296 
216 
571 
998 
63 
250 
54 
395 
151 
840 
316 
23 
340 
839 
820 
885 
374 
792 
210 
305 
28 
487 
31 
387 
79 
958 
107 
311 
451 
732 
129 
660 
965 
772 
895 
1008 
113 
980 
485 
13 
816 
398 
469 
566 
574 
534 
372 
555 
785 
1016 
201 
533 
870 
750 
109 
222 
667 
851 
783 
423 
412 
349 
784 
956 
155 
490 
799 
523 
617 
996 
948 
951 
115 
328 
479 
952 
582 
190 
92 
775 
977 
887 
651 
872 
749 
447 
926 
325 
894 
233 
1020 
132 
682 
160 
270 
283 
857 
2 
298 
656 
499 
885 
1022 
143 
435 
62 
334 
371 
55 
213 
611 
203 
588 
391 
532 
889 
897 
405 
845 
140 
538 
903 
654 
240 
284 
12 
483 
442 
199 
496 
151 
668 
828 
648 
510 
834 
957 
311 
994 
946 
638 
746 
70 
156 
701 
175 
285 
94 
458 
440 
1000 
168 
307 
8 
23 
584 
145 
273 
178 
993 
568 
841 
450 
1007 
757 
615 
642 
38 
289 
1045 
755 
269 
356 
893 
56 
688 
67 
89 
805 
808 
359 
251 
991 
329 
40 
525 
943 
932 
514 
430 
305 
682 
803 
769 
1037 
495 
703 
497 
521 
765 
707 
772 
212 
868 
313 
330 
600 
129 
239 
953 
379 
470 
1023 
17 
225 
675 
865 
420 
737 
517 
680 
291 
276 
99 
852 
0 
561 
333 
54 
891 
77 
801 
206 
74 
693 
887 
585 
66 
912 
421 
264 
331 
110 
685 
897 
249 
399 
154 
150 
243 
955 
3 
385 
826 
177 
1017 
483 
324 
312 
18 
250 
1024 
855 
959 
156 
499 
907 
39 
512 
665 
643 
775 
437 
293 
270 
271 
255 
564 
788 
161 
946 
319 
530 
556 
450 
1029 
335 
862 
822 
221 
390 
144 
1060 
83 
419 
987 
225 
672 
961 
749 
407 
115 
460 
162 
583 
171 
207 
396 
804 
612 
809 
834 
145 
922 
163 
397 
28 
722 
902 
186 
371 
462 
235 
589 
1023 
141 
533 
209 
339 
456 
927 
632 
93 
586 
238 
465 
585 
434 
798 
701 
920 
435 
118 
757 
31 
993 
918 
582 
817 
538 
679 
737 
44 
992 
138 
547 
1015 
821 
885 
328 
341 
534 
361 
192 
410 
881 
244 
101 
426 
478 
930 
372 
1007 
459 
687 
561 
781 
540 
412 
889 
314 
430 
592 
867 
756 
395 
1019 
181 
488 
947 
30 
916 
236 
301 
449 
409 
173 
360 
718 
95 
346 
732 
1013 
1012 
100 
742 
37 
919 
193 
1054 
755 
1048 
396 
952 
293 
62 
893 
59 
800 
27 
214 
107 
400 
302 
492 
616 
522 
753 
1050 
751 
877 
190 
628 
558 
270 
244 
387 
349 
520 
388 
82 
471 
615 
442 
911 
368 
795 
516 
489 
752 
699 
463 
512 
497 
721 
359 
285 
595 
1047 
670 
989 
38 
937 
389 
166 
819 
630 
42 
493 
955 
1053 
262 
775 
312 
979 
221 
936 
619 
962 
515 
677 
213 
141 
584 
548 
485 
644 
980 
340 
1002 
1010 
243 
376 
277 
653 
633 
201 
208 
812 
624 
682 
505 
900 
652 
593 
499 
820 
579 
206 
80 
250 
401 
1017 
408 
90 
1057 
434 
667 
254 
69 
149 
681 
1048 
564 
35 
949 
1 
115 
1032 
364 
794 
443 
627 
180 
995 
502 
555 
631 
139 
747 
991 
132 
316 
131 
537 
725 
571 
330 
202 
169 
72 
686 
999 
60 
536 
450 
1046 
920 
116 
934 
531 
946 
161 
873 
1045 
906 
1013 
500 
601 
797 
998 
1034 
318 
66 
910 
151 
118 
176 
768 
957 
733 
772 
341 
883 
4 
778 
986 
1012 
428 
413 
144 
286 
129 
888 
1041 
539 
247 
391 
143 
492 
381 
698 
253 
836 
510 
969 
183 
170 
375 
83 
511 
745 
333 
661 
800 
935 
358 
457 
325 
597 
718 
944 
649 
483 
637 
586 
985 
1049 
266 
843 
858 
947 
371 
430 
58 
284 
353 
124 
840 
456 
841 
63 
414 
269 
214 
3 
674 
977 
165 
694 
86 
394 
904 
348 
881 
37 
847 
741 
301 
1009 
917 
304 
482 
654 
832 
666 
95 
150 
945 
466 
673 
168 
603 
220 
590 
276 
891 
887 
811 
1035 
211 
459 
508 
460 
504 
634 
884 
875 
707 
663 
148 
1042 
422 
226 
477 
45 
424 
356 
354 
41 
379 
924 
289 
347 
1021 
314 
70 
212 
278 
838 
911 
272 
89 
978 
765 
925 
542 
915 
77 
540 
188 
486 
110 
672 
1051 
704 
928 
32 
223 
683 
295 
561 
1016 
79 
517 
447 
703 
213 
411 
711 
54 
844 
44 
902 
740 
67 
479 
808 
438 
230 
676 
828 
323 
712 
547 
839 
300 
234 
363 
210 
762 
981 
591 
657 
722 
739 
1000 
538 
602 
607 
769 
696 
305 
943 
967 
406 
554 
34 
920 
216 
232 
309 
524 
392 
337 
579 
293 
387 
275 
909 
767 
534 
281 
573 
1023 
169 
302 
939 
729 
528 
895 
854 
103 
1011 
496 
646 
804 
868 
219 
964 
458 
802 
871 
781 
539 
416 
728 
806 
435 
708 
401 
68 
913 
361 
432 
1026 
484 
665 
227 
585 
390 
100 
311 
824 
956 
565 
758 
88 
84 
751 
612 
369 
386 
128 
1050 
717 
770 
187 
111 
837 
550 
616 
46 
242 
418 
749 
963 
1006 
832 
851 
601 
835 
619 
330 
372 
195 
287 
297 
114 
407 
380 
248 
33 
693 
81 
714 
15 
134 
984 
121 
1024 
117 
825 
833 
389 
789 
586 
856 
25 
151 
558 
410 
385 
439 
465 
658 
923 
196 
532 
935 
225 
290 
627 
790 
827 
325 
493 
378 
96 
650 
823 
120 
798 
1056 
135 
490 
876 
1019 
960 
521 
1027 
317 
543 
744 
732 
750 
705 
617 
116 
880 
171 
253 
597 
468 
364 
377 
530 
796 
91 
161 
575 
393 
10 
916 
93 
176 
645 
152 
715 
971 
132 
914 
510 
513 
346 
41 
918 
57 
149 
845 
694 
753 
889 
890 
1052 
596 
105 
159 
1038 
970 
587 
807 
506 
130 
122 
437 
417 
43 
133 
687 
881 
472 
922 
813 
123 
1049 
523 
66 
681 
172 
859 
343 
333 
720 
1054 
368 
461 
314 
39 
857 
947 
855 
973 
254 
40 
1034 
940 
811 
649 
349 
518 
99 
564 
399 
285 
486 
546 
277 
244 
814 
95 
738 
526 
243 
829 
1014 
271 
265 
262 
689 
556 
296 
453 
932 
1008 
574 
211 
588 
559 
688 
725 
154 
491 
145 
1057 
201 
592 
759 
770 
64 
233 
680 
29 
351 
690 
766 
180 
637 
200 
260 
165 
618 
209 
777 
86 
298 
920 
197 
286 
639 
361 
455 
494 
840 
283 
473 
6 
508 
318 
535 
274 
421 
87 
304 
944 
1020 
1003 
398 
450 
820 
371 
746 
129 
36 
198 
724 
723 
443 
1013 
469 
199 
268 
847 
1051 
961 
660 
348 
740 
718 
517 
578 
300 
307 
752 
247 
1059 
44 
662 
236 
420 
700 
828 
866 
980 
666 
359 
875 
156 
589 
499 
400 
502 
928 
929 
887 
900 
624 
228 
1023 
404 
1018 
178 
560 
339 
345 
466 
436 
979 
885 
572 
485 
739 
27 
54 
853 
864 
1016 
743 
245 
452 
951 
227 
912 
369 
869 
1001 
992 
913 
432 
179 
1028 
292 
795 
299 
682 
522 
622 
836 
250 
403 
498 
355 
1035 
429 
240 
996 
181 
55 
353 
433 
230 
950 
1040 
137 
479 
14 
117 
191 
582 
696 
60 
70 
477 
851 
18 
707 
249 
1024 
966 
42 
898 
295 
481 
711 
878 
263 
704 
305 
575 
438 
449 
445 
37 
495 
982 
780 
386 
135 
894 
789 
47 
237 
938 
275 
877 
155 
994 
212 
261 
576 
84 
111 
459 
767 
77 
501 
435 
444 
834 
684 
206 
157 
363 
952 
974 
17 
301 
587 
61 
872 
159 
309 
763 
955 
357 
470 
957 
675 
2 
512 
1039 
79 
838 
241 
4 
85 
858 
596 
8 
563 
542 
1029 
732 
289 
389 
568 
1056 
58 
446 
737 
998 
311 
634 
319 
664 
959 
287 
202 
787 
442 
1003 
727 
1058 
985 
140 
401 
1015 
555 
993 
975 
463 
1017 
321 
175 
619 
623 
381 
558 
327 
916 
1030 
32 
415 
496 
1045 
597 
674 
519 
279 
995 
26 
136 
863 
552 
303 
683 
290 
242 
312 
138 
222 
5 
548 
531 
635 
642 
801 
647 
228 
288 
999 
392 
703 
652 
187 
605 
71 
419 
748 
142 
609 
105 
407 
947 
22 
0 
338 
726 
1054 
205 
330 
943 
219 
760 
791 
1041 
939 
631 
616 
841 
571 
919 
456 
909 
112 
756 
410 
396 
881 
556 
264 
577 
579 
371 
541 
633 
352 
599 
762 
13 
962 
33 
72 
189 
15 
257 
581 
671 
385 
406 
440 
550 
557 
973 
94 
604 
457 
946 
935 
75 
471 
673 
987 
615 
165 
902 
715 
1008 
627 
667 
370 
450 
225 
886 
533 
506 
269 
743 
655 
746 
594 
145 
132 
304 
93 
988 
167 
583 
270 
709 
976 
286 
404 
511 
422 
705 
657 
807 
296 
523 
1 
427 
776 
945 
610 
331 
660 
119 
819 
52 
860 
668 
1057 
44 
742 
944 
182 
758 
297 
889 
922 
702 
614 
941 
744 
510 
144 
328 
285 
832 
850 
204 
208 
417 
215 
688 
458 
717 
701 
40 
238 
243 
747 
452 
436 
735 
848 
937 
1006 
99 
630 
289 
387 
814 
147 
857 
195 
505 
62 
1007 
3 
118 
394 
570 
91 
1028 
678 
731 
536 
645 
23 
779 
1032 
48 
148 
9 
340 
593 
887 
127 
46 
117 
764 
842 
348 
996 
713 
306 
896 
646 
870 
135 
191 
453 
856 
224 
493 
636 
336 
543 
997 
516 
718 
1011 
21 
880 
626 
1014 
284 
294 
955 
74 
210 
699 
849 
262 
180 
451 
681 
585 
347 
497 
526 
575 
781 
274 
447 
233 
823 
656 
1013 
483 
373 
29 
314 
263 
716 
310 
628 
28 
528 
190 
434 
812 
114 
10 
111 
906 
58 
792 
834 
474 
605 
237 
582 
654 
59 
662 
125 
719 
131 
783 
239 
163 
235 
698 
825 
445 
723 
346 
1048 
883 
185 
102 
356 
576 
992 
489 
63 
478 
397 
827 
923 
921 
877 
613 
278 
911 
940 
408 
821 
961 
105 
546 
12 
751 
602 
485 
740 
640 
797 
560 
16 
829 
401 
153 
524 
1034 
319 
181 
924 
186 
261 
838 
272 
225 
684 
79 
865 
909 
212 
393 
311 
332 
542 
918 
520 
385 
45 
292 
1060 
841 
372 
495 
1017 
170 
442 
56 
83 
87 
367 
787 
767 
658 
966 
441 
737 
617 
956 
813 
1040 
5 
611 
31 
738 
730 
386 
580 
302 
964 
595 
873 
353 
900 
411 
14 
178 
429 
934 
423 
871 
901 
156 
765 
86 
116 
93 
772 
615 
78 
866 
382 
1059 
666 
550 
137 
888 
565 
750 
1061 
824 
440 
419 
971 
938 
916 
612 
508 
624 
342 
428 
1005 
975 
121 
7 
687 
777 
43 
556 
8 
42 
68 
293 
1058 
515 
64 
187 
995 
712 
152 
189 
694 
803 
17 
123 
275 
384 
837 
936 
599 
363 
1016 
537 
146 
253 
894 
154 
488 
691 
954 
932 
820 
104 
20 
343 
469 
577 
1027 
573 
96 
410 
233 
1012 
875 
574 
714 
191 
177 
976 
32 
475 
941 
799 
962 
278 
1041 
717 
835 
569 
98 
776 
619 
890 
720 
939 
1039 
81 
54 
18 
369 
846 
0 
951 
480 
119 
814 
632 
729 
259 
741 
460 
625 
349 
509 
627 
693 
973 
378 
525 
471 
267 
815 
963 
404 
203 
301 
862 
554 
942 
9 
99 
948 
50 
115 
637 
499 
1037 
125 
368 
910 
234 
458 
113 
879 
157 
798 
52 
840 
355 
182 
370 
1047 
801 
521 
1007 
140 
258 
433 
907 
823 
192 
164 
648 
1048 
390 
26 
979 
507 
286 
337 
978 
274 
680 
161 
345 
210 
686 
656 
583 
89 
377 
374 
467 
190 
1014 
555 
660 
594 
1008 
454 
449 
620 
516 
645 
61 
876 
58 
688 
904 
193 
30 
291 
775 
630 
357 
759 
277 
405 
421 
44 
631 
136 
25 
671 
872 
762 
902 
982 
701 
1032 
396 
166 
851 
1051 
484 
346 
544 
13 
492 
953 
195 
889 
307 
913 
263 
915 
591 
126 
692 
208 
1000 
51 
528 
219 
749 
69 
490 
497 
558 
416 
969 
511 
151 
557 
28 
727 
71 
603 
679 
280 
685 
760 
833 
398 
215 
128 
1003 
63 
752 
109 
196 
106 
225 
412 
943 
624 
610 
85 
945 
162 
169 
34 
468 
812 
702 
926 
662 
857 
118 
566 
998 
623 
419 
742 
23 
771 
532 
299 
37 
257 
778 
654 
732 
598 
90 
606 
1026 
664 
854 
221 
317 
392 
896 
669 
628 
716 
288 
347 
869 
562 
552 
885 
866 
1030 
141 
895 
134 
756 
770 
371 
724 
243 
168 
536 
745 
181 
634 
903 
546 
601 
155 
835 
1045 
887 
567 
241 
470 
534 
482 
901 
646 
883 
385 
250 
92 
1013 
159 
774 
315 
593 
758 
464 
560 
431 
678 
852 
515 
116 
282 
334 
980 
206 
899 
725 
691 
564 
790 
663 
518 
946 
441 
652 
826 
708 
147 
301 
498 
651 
339 
676 
42 
804 
568 
930 
245 
21 
1059 
319 
849 
153 
297 
276 
906 
929 
249 
726 
269 
313 
843 
352 
456 
205 
795 
677 
609 
900 
782 
201 
1012 
64 
397 
962 
330 
356 
443 
40 
465 
860 
959 
667 
77 
543 
794 
586 
15 
965 
639 
259 
111 
963 
828 
432 
67 
587 
418 
254 
229 
845 
754 
281 
776 
228 
303 
180 
510 
97 
706 
820 
719 
366 
1016 
224 
935 
404 
600 
709 
743 
672 
956 
124 
369 
626 
12 
365 
710 
321 
400 
559 
24 
113 
949 
80 
841 
204 
207 
457 
436 
452 
817 
122 
687 
448 
487 
535 
161 
393 
859 
739 
351 
130 
451 
625 
780 
1032 
580 
1044 
703 
439 
1024 
348 
117 
686 
650 
728 
474 
481 
700 
928 
192 
920 
748 
406 
547 
766 
519 
637 
981 
868 
755 
563 
488 
657 
450 
236 
225 
374 
248 
1011 
85 
751 
512 
4 
996 
344 
588 
590 
187 
35 
233 
478 
583 
101 
438 
471 
258 
942 
322 
413 
971 
538 
59 
689 
119 
165 
420 
717 
150 
326 
861 
907 
784 
267 
524 
453 
738 
1035 
7 
392 
46 
544 
675 
768 
870 
419 
45 
596 
131 
572 
923 
186 
659 
834 
731 
1021 
193 
49 
32 
325 
268 
463 
152 
1 
22 
264 
889 
777 
642 
1049 
888 
1005 
594 
993 
1004 
797 
238 
18 
802 
216 
569 
511 
994 
960 
733 
1055 
455 
139 
715 
63 
25 
1027 
88 
815 
157 
573 
919 
883 
1047 
19 
270 
128 
671 
244 
635 
36 
894 
1020 
701 
826 
421 
656 
220 
1040 
561 
824 
810 
239 
753 
48 
407 
557 
941 
530 
809 
595 
957 
823 
372 
423 
627 
855 
622 
441 
428 
253 
183 
955 
1014 
603 
873 
604 
387 
979 
909 
602 
877 
838 
1042 
162 
381 
540 
378 
932 
537 
641 
862 
550 
234 
1039 
74 
454 
416 
884 
314 
576 
682 
410 
691 
137 
787 
875 
354 
750 
422 
587 
1059 
461 
811 
208 
840 
389 
972 
605 
727 
168 
357 
149 
933 
560 
708 
476 
646 
688 
509 
908 
887 
974 
617 
398 
882 
881 
346 
992 
138 
638 
700 
20 
980 
359 
414 
914 
304 
189 
409 
1023 
925 
478 
147 
344 
108 
271 
73 
582 
497 
480 
644 
261 
91 
373 
1007 
507 
990 
280 
645 
341 
825 
900 
943 
948 
542 
98 
221 
177 
613 
860 
912 
1025 
623 
31 
521 
490 
736 
839 
778 
982 
82 
119 
226 
621 
133 
591 
687 
123 
1022 
363 
517 
442 
577 
155 
107 
1054 
704 
728 
903 
967 
568 
650 
658 
55 
892 
42 
723 
969 
71 
339 
100 
766 
876 
801 
17 
275 
296 
1037 
146 
673 
419 
460 
579 
182 
265 
947 
23 
364 
759 
66 
136 
625 
956 
305 
920 
61 
148 
854 
371 
1013 
539 
159 
852 
874 
125 
440 
665 
13 
469 
68 
251 
491 
970 
64 
857 
336 
973 
289 
814 
498 
531 
886 
477 
640 
307 
951 
735 
60 
698 
918 
921 
799 
209 
915 
863 
986 
263 
527 
652 
567 
572 
634 
524 
744 
267 
965 
1031 
910 
249 
782 
983 
781 
439 
197 
247 
803 
228 
38 
57 
851 
479 
890 
434 
41 
302 
72 
1006 
897 
385 
104 
562 
1009 
407 
987 
829 
904 
820 
580 
752 
883 
620 
917 
896 
343 
503 
548 
1043 
756 
186 
200 
773 
895 
30 
655 
768 
828 
853 
911 
418 
482 
722 
846 
788 
818 
332 
534 
672 
170 
633 
117 
286 
880 
303 
651 
106 
111 
832 
287 
601 
425 
566 
328 
436 
831 
737 
400 
459 
390 
227 
309 
412 
452 
670 
800 
841 
686 
199 
378 
252 
859 
1003 
126 
624 
691 
856 
962 
157 
180 
243 
1058 
1055 
663 
51 
129 
313 
122 
906 
604 
1004 
734 
352 
298 
1046 
738 
849 
131 
950 
954 
581 
989 
1019 
916 
552 
417 
426 
850 
414 
833 
406 
1030 
504 
758 
449 
549 
14 
900 
866 
311 
118 
637 
499 
559 
724 
506 
571 
342 
175 
661 
600 
939 
544 
162 
837 
677 
715 
626 
777 
19 
711 
1016 
931 
193 
914 
362 
823 
88 
134 
135 
139 
234 
256 
496 
370 
1012 
95 
870 
196 
794 
284 
317 
441 
357 
649 
978 
492 
367 
301 
636 
437 
262 
557 
470 
474 
786 
198 
842 
1059 
350 
725 
784 
923 
375 
141 
607 
909 
411 
733 
28 
324 
94 
297 
300 
376 
619 
826 
726 
1040 
487 
507 
433 
546 
4 
268 
363 
616 
206 
207 
336 
66 
70 
114 
868 
92 
1044 
985 
457 
413 
861 
331 
836 
330 
161 
608 
1042 
502 
537 
368 
666 
796 
990 
590 
360 
542 
116 
223 
675 
987 
944 
333 
929 
110 
233 
922 
454 
563 
615 
761 
536 
1045 
894 
940 
347 
757 
780 
275 
1036 
448 
924 
461 
25 
1005 
348 
531 
805 
205 
290 
255 
998 
554 
824 
192 
147 
497 
334 
369 
683 
475 
898 
165 
697 
380 
517 
204 
354 
16 
727 
295 
587 
893 
917 
381 
327 
577 
78 
887 
812 
209 
746 
676 
882 
755 
1003 
682 
59 
694 
1034 
612 
120 
982 
174 
218 
436 
790 
623 
999 
521 
137 
315 
7 
356 
109 
81 
809 
1 
822 
432 
219 
53 
799 
731 
1038 
8 
834 
211 
216 
594 
307 
389 
0 
123 
289 
46 
522 
5 
132 
983 
1013 
10 
213 
736 
1052 
21 
782 
51 
224 
12 
3 
382 
591 
34 
456 
692 
15 
927 
105 
322 
328 
941 
104 
621 
592 
383 
662 
408 
695 
18 
296 
230 
803 
462 
641 
981 
763 
364 
50 
245 
36 
785 
124 
463 
283 
633 
568 
774 
723 
220 
678 
948 
68 
301 
30 
299 
257 
169 
332 
920 
804 
1010 
515 
1061 
548 
648 
651 
320 
602 
550 
259 
427 
886 
370 
17 
705 
478 
844 
984 
505 
728 
240 
453 
442 
667 
1024 
359 
952 
212 
388 
458 
710 
208 
39 
901 
471 
164 
152 
144 
539 
702 
903 
653 
1057 
65 
358 
856 
541 
574 
73 
609 
716 
776 
420 
248 
85 
643 
272 
808 
1000 
532 
446 
879 
1055 
460 
943 
949 
467 
798 
637 
895 
108 
343 
843 
551 
598 
423 
197 
578 
373 
149 
293 
318 
1005 
691 
395 
854 
2 
450 
935 
946 
310 
638 
227 
771 
361 
222 
897 
347 
449 
249 
337 
896 
167 
472 
482 
193 
87 
464 
607 
237 
285 
136 
247 
371 
1018 
67 
664 
970 
556 
552 
88 
720 
845 
770 
1019 
837 
884 
926 
93 
1059 
416 
625 
758 
599 
479 
480 
745 
404 
593 
573 
583 
614 
130 
1048 
393 
876 
956 
963 
288 
1014 
725 
434 
1054 
828 
993 
760 
135 
938 
355 
928 
721 
139 
510 
419 
488 
260 
858 
802 
567 
922 
994 
365 
830 
445 
109 
859 
60 
1033 
527 
190 
425 
727 
451 
528 
957 
314 
883 
405 
490 
613 
634 
1043 
158 
430 
62 
447 
55 
226 
560 
564 
200 
931 
186 
367 
166 
159 
1037 
98 
1012 
198 
995 
101 
608 
586 
900 
1060 
439 
341 
125 
762 
519 
1038 
302 
1045 
324 
243 
671 
1027 
205 
549 
529 
794 
669 
407 
233 
880 
677 
751 
379 
28 
470 
146 
244 
41 
91 
624 
1051 
1028 
90 
35 
307 
748 
899 
214 
421 
513 
366 
140 
239 
378 
255 
444 
587 
11 
711 
542 
839 
1052 
630 
640 
1041 
436 
400 
477 
170 
836 
663 
923 
377 
670 
360 
927 
945 
10 
187 
30 
817 
1029 
284 
154 
304 
544 
319 
473 
819 
526 
1002 
418 
848 
126 
1030 
484 
6 
977 
410 
991 
20 
755 
433 
682 
277 
964 
53 
86 
925 
742 
100 
958 
7 
747 
437 
969 
342 
978 
122 
129 
481 
997 
904 
257 
137 
382 
39 
589 
818 
562 
763 
765 
788 
74 
114 
700 
777 
65 
217 
548 
351 
555 
289 
452 
215 
968 
569 
18 
983 
417 
213 
322 
596 
265 
242 
504 
466 
871 
764 
338 
515 
696 
323 
595 
182 
603 
738 
357 
625 
1018 
178 
506 
735 
556 
1054 
413 
703 
1003 
246 
674 
930 
312 
446 
805 
694 
511 
1040 
223 
647 
812 
43 
881 
276 
337 
49 
681 
138 
245 
531 
120 
558 
753 
537 
894 
330 
490 
64 
508 
693 
776 
209 
83 
1026 
574 
829 
911 
431 
884 
990 
33 
124 
177 
195 
902 
1011 
395 
814 
739 
546 
328 
698 
950 
59 
294 
4 
263 
1061 
211 
844 
590 
232 
709 
785 
530 
175 
45 
225 
296 
58 
202 
680 
966 
406 
697 
855 
971 
256 
38 
71 
946 
998 
961 
188 
837 
24 
438 
654 
536 
46 
290 
383 
326 
972 
750 
254 
989 
191 
571 
376 
728 
460 
702 
27 
96 
809 
910 
886 
543 
719 
975 
162 
363 
489 
478 
355 
150 
741 
523 
409 
369 
398 
695 
81 
746 
159 
487 
9 
273 
419 
262 
846 
165 
424 
576 
164 
823 
51 
676 
1023 
181 
144 
514 
488 
666 
384 
212 
532 
37 
216 
659 
527 
1036 
52 
1059 
627 
658 
864 
474 
907 
440 
679 
435 
912 
73 
345 
817 
893 
441 
422 
967 
759 
1047 
399 
517 
287 
652 
272 
560 
650 
781 
1009 
483 
599 
382 
203 
873 
957 
879 
520 
354 
890 
342 
498 
611 
61 
533 
992 
394 
411 
621 
111 
462 
916 
260 
535 
106 
112 
88 
756 
1008 
116 
1055 
401 
41 
484 
26 
480 
765 
503 
618 
62 
980 
637 
199 
1033 
249 
994 
471 
1010 
552 
103 
644 
958 
660 
1006 
499 
789 
811 
405 
691 
366 
620 
623 
421 
804 
933 
80 
76 
713 
913 
194 
205 
1024 
1000 
509 
329 
1050 
920 
246 
301 
909 
184 
343 
592 
598 
889 
282 
600 
339 
1044 
386 
1031 
954 
72 
751 
327 
148 
50 
656 
820 
23 
987 
771 
528 
146 
729 
221 
117 
594 
56 
720 
283 
1046 
266 
230 
740 
974 
128 
925 
284 
930 
493 
744 
292 
467 
539 
353 
578 
344 
978 
193 
639 
1039 
229 
135 
214 
704 
210 
298 
845 
228 
465 
603 
717 
261 
882 
13 
152 
18 
107 
1018 
468 
1 
874 
100 
269 
723 
132 
351 
737 
861 
380 
439 
584 
572 
703 
641 
1030 
250 
981 
708 
348 
362 
174 
731 
986 
403 
934 
711 
885 
87 
201 
948 
158 
1017 
936 
869 
11 
813 
689 
610 
54 
387 
761 
1029 
426 
927 
849 
593 
605 
830 
234 
918 
785 
67 
124 
137 
699 
232 
573 
625 
325 
1053 
923 
397 
270 
71 
709 
736 
32 
125 
286 
838 
879 
391 
663 
730 
738 
280 
834 
233 
853 
537 
526 
510 
669 
705 
786 
951 
89 
33 
357 
425 
902 
331 
145 
78 
197 
352 
862 
101 
454 
1037 
627 
459 
349 
742 
553 
801 
68 
1007 
662 
1005 
960 
617 
156 
674 
876 
164 
525 
788 
826 
55 
749 
806 
585 
253 
84 
993 
556 
836 
1001 
168 
871 
46 
60 
240 
988 
555 
542 
583 
897 
35 
937 
376 
694 
659 
1025 
204 
130 
574 
108 
1038 
273 
406 
908 
441 
1002 
982 
796 
189 
485 
59 
166 
792 
856 
878 
614 
780 
803 
558 
636 
147 
791 
442 
657 
938 
1032 
239 
783 
429 
590 
64 
126 
682 
741 
469 
968 
142 
618 
567 
795 
288 
478 
563 
319 
668 
198 
400 
133 
241 
277 
173 
959 
1013 
314 
297 
281 
499 
481 
827 
964 
594 
831 
608 
673 
463 
489 
90 
966 
484 
658 
667 
460 
279 
504 
514 
772 
448 
1022 
321 
95 
753 
760 
800 
332 
548 
412 
310 
538 
243 
236 
169 
486 
540 
675 
632 
973 
1051 
14 
213 
746 
757 
477 
370 
569 
793 
566 
86 
97 
157 
564 
378 
733 
344 
447 
462 
515 
962 
916 
386 
220 
302 
355 
180 
935 
255 
1060 
238 
365 
19 
276 
726 
308 
754 
225 
440 
1009 
85 
534 
221 
292 
122 
358 
949 
797 
394 
384 
453 
527 
434 
34 
676 
762 
115 
513 
812 
427 
809 
728 
991 
135 
782 
114 
588 
759 
409 
545 
629 
149 
647 
1058 
1055 
473 
1030 
382 
23 
714 
190 
341 
334 
677 
829 
106 
193 
900 
1008 
199 
170 
619 
501 
136 
350 
541 
456 
1048 
533 
664 
152 
628 
333 
31 
291 
109 
870 
272 
651 
517 
393 
721 
360 
417 
568 
912 
971 
305 
298 
1061 
557 
932 
508 
1028 
436 
894 
116 
702 
738 
219 
186 
1034 
185 
336 
640 
842 
977 
46 
104 
723 
205 
872 
235 
750 
465 
144 
313 
282 
383 
700 
22 
74 
1011 
895 
163 
995 
885 
509 
661 
75 
638 
1052 
324 
112 
787 
705 
857 
890 
631 
18 
77 
148 
435 
549 
118 
610 
331 
819 
806 
883 
93 
921 
833 
368 
405 
1014 
200 
81 
69 
764 
745 
1053 
621 
542 
216 
602 
945 
119 
520 
352 
767 
139 
372 
608 
766 
1003 
76 
853 
744 
423 
240 
362 
646 
284 
401 
415 
616 
27 
464 
495 
854 
687 
860 
573 
696 
589 
645 
125 
672 
513 
668 
909 
963 
587 
80 
609 
1005 
91 
719 
1035 
1031 
433 
863 
351 
941 
601 
270 
65 
994 
1054 
58 
512 
915 
36 
862 
402 
64 
815 
117 
1016 
990 
641 
102 
615 
159 
897 
439 
976 
49 
248 
950 
228 
866 
662 
649 
276 
556 
774 
749 
575 
886 
992 
13 
569 
540 
596 
1013 
1059 
943 
823 
491 
924 
48 
942 
56 
965 
165 
367 
256 
637 
168 
648 
729 
278 
455 
245 
297 
724 
692 
247 
526 
604 
785 
882 
681 
471 
398 
1001 
889 
952 
196 
396 
121 
340 
544 
582 
277 
11 
975 
810 
294 
327 
472 
5 
536 
1024 
564 
26 
653 
818 
449 
657 
718 
303 
202 
428 
1007 
699 
204 
28 
656 
618 
776 
425 
15 
67 
82 
747 
643 
632 
470 
96 
532 
720 
832 
166 
793 
824 
192 
490 
562 
899 
779 
343 
391 
318 
244 
238 
265 
822 
182 
289 
560 
1037 
896 
356 
430 
147 
923 
342 
389 
777 
1019 
673 
728 
727 
316 
892 
552 
948 
257 
647 
565 
580 
635 
266 
60 
515 
210 
84 
222 
353 
978 
650 
123 
141 
1000 
644 
817 
111 
494 
666 
660 
956 
236 
153 
796 
881 
991 
209 
577 
114 
485 
951 
357 
87 
877 
1047 
848 
254 
697 
231 
757 
66 
179 
373 
496 
933 
411 
283 
852 
376 
54 
511 
97 
619 
308 
112 
184 
701 
828 
583 
326 
47 
279 
135 
128 
765 
932 
422 
855 
358 
547 
436 
680 
98 
443 
578 
907 
132 
232 
361 
572 
563 
129 
890 
1 
507 
1025 
161 
287 
704 
151 
234 
646 
914 
996 
966 
2 
960 
626 
1017 
487 
545 
127 
546 
185 
187 
1005 
664 
186 
368 
302 
249 
639 
929 
972 
916 
157 
913 
512 
802 
220 
162 
1045 
591 
904 
769 
814 
488 
746 
625 
782 
1026 
968 
503 
213 
528 
622 
24 
522 
813 
493 
751 
928 
595 
1032 
466 
224 
218 
839 
1051 
288 
309 
1043 
527 
856 
684 
334 
964 
461 
362 
446 
594 
269 
381 
640 
335 
778 
589 
737 
122 
600 
775 
497 
140 
543 
977 
311 
555 
119 
76 
568 
610 
994 
304 
752 
970 
815 
693 
901 
35 
109 
755 
460 
878 
620 
849 
1004 
103 
593 
108 
514 
61 
724 
628 
285 
203 
941 
399 
636 
798 
911 
574 
892 
992 
912 
245 
902 
440 
599 
776 
894 
903 
295 
467 
482 
696 
795 
173 
504 
685 
988 
72 
930 
329 
501 
993 
305 
743 
673 
949 
56 
990 
370 
229 
365 
248 
94 
749 
458 
544 
515 
303 
649 
707 
534 
634 
475 
148 
62 
518 
462 
505 
407 
490 
796 
1048 
278 
669 
833 
677 
301 
888 
163 
774 
55 
113 
347 
840 
451 
883 
30 
516 
530 
1009 
134 
609 
1060 
143 
667 
886 
164 
290 
214 
206 
831 
474 
383 
420 
581 
270 
651 
682 
764 
473 
60 
943 
259 
789 
447 
142 
313 
939 
437 
880 
374 
120 
725 
938 
811 
177 
299 
540 
315 
699 
720 
125 
263 
607 
1029 
800 
598 
449 
472 
708 
519 
611 
1007 
763 
889 
66 
85 
421 
488 
57 
742 
158 
479 
850 
635 
919 
550 
932 
217 
744 
444 
520 
277 
675 
577 
260 
126 
863 
480 
533 
1021 
712 
803 
40 
152 
834 
1033 
576 
981 
42 
221 
698 
390 
703 
866 
116 
783 
664 
378 
531 
39 
271 
998 
73 
341 
824 
918 
319 
101 
460 
652 
1044 
908 
656 
552 
747 
872 
481 
961 
129 
604 
950 
1014 
226 
1058 
608 
855 
715 
946 
33 
514 
391 
958 
233 
253 
429 
443 
9 
466 
690 
705 
1039 
438 
265 
14 
402 
1028 
84 
706 
106 
11 
411 
820 
812 
539 
697 
1018 
962 
64 
801 
572 
178 
344 
915 
459 
621 
1005 
456 
29 
566 
2 
257 
274 
779 
401 
211 
334 
965 
1010 
937 
188 
1024 
482 
324 
110 
340 
956 
26 
37 
406 
258 
123 
283 
58 
596 
884 
79 
874 
1036 
254 
356 
282 
337 
397 
1022 
553 
146 
637 
1002 
244 
44 
54 
88 
50 
630 
204 
839 
938 
643 
574 
214 
1037 
12 
23 
519 
782 
736 
952 
339 
25 
18 
976 
628 
465 
721 
772 
624 
1054 
668 
693 
145 
907 
398 
809 
446 
777 
17 
176 
80 
999 
215 
165 
326 
155 
678 
905 
209 
930 
266 
1004 
1017 
404 
115 
522 
987 
353 
1042 
751 
328 
1061 
510 
561 
990 
1019 
546 
359 
581 
738 
989 
837 
452 
762 
893 
1030 
130 
640 
695 
541 
928 
96 
542 
56 
849 
291 
935 
154 
974 
854 
1011 
911 
716 
457 
769 
314 
702 
357 
949 
118 
704 
580 
40 
924 
508 
503 
890 
623 
147 
939 
28 
793 
161 
345 
947 
679 
119 
853 
1057 
418 
479 
775 
453 
968 
159 
498 
517 
614 
983 
262 
1051 
651 
798 
62 
349 
434 
883 
68 
113 
469 
474 
726 
93 
183 
564 
455 
16 
235 
238 
240 
899 
920 
97 
591 
34 
207 
887 
868 
373 
991 
90 
415 
831 
746 
502 
381 
565 
711 
511 
445 
157 
515 
686 
900 
38 
363 
71 
45 
593 
1050 
670 
822 
567 
925 
672 
324 
986 
317 
632 
464 
221 
992 
311 
881 
755 
197 
859 
460 
848 
940 
370 
752 
228 
857 
293 
780 
545 
259 
882 
230 
844 
57 
67 
333 
761 
915 
813 
438 
612 
483 
514 
426 
961 
7 
491 
846 
180 
362 
470 
817 
732 
803 
152 
774 
850 
182 
179 
205 
948 
261 
59 
459 
213 
636 
621 
938 
834 
156 
458 
694 
622 
1040 
120 
309 
325 
153 
444 
737 
269 
959 
86 
270 
788 
605 
725 
833 
587 
1033 
69 
422 
255 
304 
388 
63 
344 
200 
70 
127 
53 
122 
712 
549 
142 
528 
547 
615 
287 
472 
17 
795 
277 
151 
490 
536 
538 
123 
800 
338 
847 
242 
554 
322 
392 
188 
585 
1060 
361 
211 
109 
416 
998 
471 
378 
292 
185 
837 
703 
1020 
233 
546 
894 
203 
160 
91 
578 
158 
650 
78 
321 
582 
680 
923 
856 
926 
1029 
862 
30 
663 
619 
104 
539 
6 
331 
666 
601 
190 
41 
36 
374 
296 
389 
534 
66 
414 
835 
943 
877 
878 
186 
403 
942 
393 
29 
922 
15 
305 
487 
318 
1014 
137 
657 
241 
652 
839 
1044 
776 
685 
845 
493 
1024 
175 
936 
848 
665 
972 
692 
633 
150 
234 
243 
427 
990 
1038 
488 
432 
141 
598 
410 
475 
955 
586 
214 
735 
9 
1008 
958 
119 
888 
218 
485 
931 
139 
869 
710 
577 
412 
397 
291 
3 
658 
824 
1037 
816 
423 
602 
419 
323 
359 
408 
821 
794 
698 
251 
431 
172 
792 
918 
709 
429 
626 
568 
285 
134 
65 
380 
553 
1036 
973 
806 
206 
145 
501 
721 
494 
674 
812 
194 
843 
781 
691 
689 
215 
72 
671 
98 
154 
497 
762 
697 
581 
67 
613 
77 
905 
644 
402 
638 
773 
999 
634 
911 
558 
989 
140 
513 
890 
272 
963 
997 
94 
659 
303 
929 
192 
715 
953 
1059 
476 
114 
802 
461 
782 
886 
73 
44 
793 
96 
227 
64 
39 
1007 
623 
339 
448 
252 
351 
188 
61 
1001 
609 
647 
390 
130 
543 
327 
437 
819 
504 
177 
952 
771 
466 
614 
1048 
967 
727 
184 
93 
273 
381 
713 
480 
842 
55 
520 
873 
212 
68 
163 
2 
471 
131 
112 
1023 
1016 
1049 
885 
1034 
394 
756 
258 
417 
993 
576 
747 
334 
946 
60 
567 
211 
604 
895 
854 
875 
872 
639 
456 
517 
664 
791 
399 
168 
426 
737 
1040 
45 
805 
320 
196 
348 
159 
1055 
138 
891 
512 
207 
356 
555 
853 
142 
684 
981 
753 
649 
287 
80 
228 
302 
445 
840 
478 
770 
329 
420 
984 
375 
678 
382 
454 
987 
341 
897 
174 
668 
784 
930 
787 
309 
934 
136 
47 
909 
160 
790 
599 
165 
83 
217 
52 
250 
722 
412 
357 
71 
450 
365 
1054 
877 
590 
87 
330 
350 
126 
99 
1058 
355 
755 
744 
492 
132 
259 
333 
459 
484 
56 
914 
511 
732 
240 
820 
786 
641 
966 
29 
759 
948 
397 
277 
206 
700 
642 
617 
945 
681 
85 
21 
455 
904 
290 
889 
98 
1043 
164 
523 
632 
108 
703 
50 
601 
586 
834 
735 
51 
550 
896 
1013 
218 
121 
510 
518 
939 
231 
111 
322 
332 
743 
900 
35 
225 
705 
1002 
544 
796 
563 
766 
879 
409 
328 
963 
308 
503 
1039 
729 
695 
874 
154 
278 
213 
849 
1018 
686 
524 
391 
1050 
219 
262 
552 
655 
777 
961 
46 
223 
491 
789 
41 
726 
317 
482 
999 
509 
734 
826 
84 
864 
547 
316 
256 
848 
210 
1061 
950 
435 
780 
702 
1004 
425 
773 
688 
1047 
464 
916 
716 
1038 
28 
1005 
656 
293 
325 
871 
944 
645 
107 
861 
717 
960 
117 
996 
675 
393 
1030 
594 
817 
907 
1027 
247 
453 
846 
407 
979 
386 
798 
339 
27 
436 
326 
180 
990 
924 
281 
34 
488 
441 
487 
941 
659 
867 
842 
585 
288 
851 
187 
337 
177 
408 
1044 
232 
589 
144 
489 
898 
418 
226 
353 
388 
15 
603 
624 
1045 
573 
504 
746 
175 
199 
444 
1020 
78 
591 
167 
582 
115 
884 
298 
652 
1001 
964 
977 
433 
413 
912 
1057 
338 
536 
832 
149 
285 
862 
123 
383 
352 
480 
521 
173 
62 
868 
525 
933 
775 
635 
815 
537 
440 
69 
106 
88 
1026 
195 
925 
1024 
839 
427 
697 
486 
554 
99 
428 
911 
545 
185 
758 
320 
477 
1003 
952 
282 
710 
11 
127 
913 
988 
6 
836 
859 
434 
75 
89 
401 
783 
998 
706 
438 
346 
255 
626 
1016 
457 
761 
519 
829 
516 
671 
689 
439 
422 
497 
8 
266 
707 
738 
561 
555 
314 
375 
631 
1059 
816 
976 
843 
786 
1000 
289 
739 
681 
423 
640 
677 
888 
300 
983 
234 
565 
37 
578 
806 
250 
2 
820 
873 
676 
462 
534 
273 
559 
1021 
137 
77 
975 
611 
763 
575 
908 
116 
208 
275 
974 
1018 
1031 
416 
566 
541 
134 
991 
650 
262 
824 
334 
42 
54 
460 
147 
81 
638 
209 
43 
301 
304 
807 
993 
490 
606 
803 
730 
646 
918 
711 
1025 
324 
627 
543 
619 
41 
243 
910 
129 
827 
222 
217 
920 
140 
87 
520 
24 
1054 
17 
926 
331 
45 
403 
529 
28 
211 
768 
596 
455 
349 
995 
213 
835 
260 
1012 
220 
634 
766 
392 
390 
38 
491 
862 
302 
612 
989 
708 
496 
1019 
252 
732 
131 
674 
171 
74 
882 
867 
498 
896 
276 
296 
67 
506 
571 
886 
985 
715 
687 
607 
109 
474 
396 
828 
246 
310 
36 
685 
100 
1 
235 
184 
747 
569 
464 
784 
321 
986 
202 
198 
119 
189 
434 
531 
712 
142 
942 
336 
600 
430 
620 
1009 
446 
950 
672 
108 
370 
914 
760 
909 
1060 
1013 
190 
313 
1032 
225 
865 
522 
826 
200 
111 
802 
659 
388 
156 
809 
756 
658 
39 
249 
965 
962 
494 
492 
419 
503 
533 
431 
166 
196 
212 
770 
265 
398 
691 
623 
832 
1045 
764 
365 
864 
639 
737 
1028 
907 
193 
1051 
1039 
743 
421 
937 
55 
508 
729 
944 
115 
489 
268 
792 
645 
538 
925 
526 
811 
978 
1020 
224 
253 
315 
277 
552 
754 
1002 
636 
668 
435 
932 
395 
1047 
540 
971 
1017 
1037 
557 
467 
682 
794 
425 
947 
12 
468 
821 
858 
245 
884 
516 
546 
967 
1043 
19 
931 
327 
785 
429 
833 
814 
378 
559 
726 
818 
40 
697 
827 
654 
673 
381 
1007 
406 
856 
103 
324 
116 
417 
127 
326 
751 
895 
885 
346 
1031 
2 
614 
660 
90 
364 
795 
126 
79 
707 
878 
1044 
400 
1053 
1061 
21 
725 
632 
295 
53 
420 
292 
771 
1015 
948 
241 
269 
499 
306 
322 
592 
611 
790 
176 
182 
460 
523 
143 
863 
689 
855 
953 
852 
144 
1001 
994 
158 
578 
333 
515 
233 
591 
486 
284 
397 
520 
344 
448 
894 
229 
234 
266 
588 
56 
750 
758 
536 
459 
906 
201 
773 
247 
389 
549 
94 
803 
999 
289 
304 
780 
845 
995 
181 
838 
960 
262 
424 
928 
633 
444 
528 
1026 
428 
38 
741 
815 
117 
32 
599 
7 
902 
441 
643 
14 
893 
454 
560 
296 
61 
917 
484 
901 
101 
5 
775 
514 
291 
93 
188 
9 
698 
173 
311 
1033 
627 
805 
357 
745 
1010 
1036 
213 
608 
925 
742 
839 
30 
984 
806 
554 
847 
663 
48 
765 
929 
442 
33 
641 
721 
179 
242 
437 
610 
891 
735 
529 
574 
904 
973 
667 
872 
85 
877 
367 
676 
985 
688 
83 
911 
422 
54 
256 
955 
107 
216 
537 
631 
351 
438 
642 
828 
547 
769 
308 
624 
323 
254 
1034 
106 
834 
619 
1023 
720 
439 
453 
124 
92 
746 
1025 
37 
373 
391 
883 
473 
222 
345 
800 
1005 
329 
979 
905 
693 
385 
704 
15 
260 
584 
843 
114 
476 
635 
757 
898 
933 
997 
581 
300 
652 
816 
332 
502 
226 
666 
737 
72 
44 
140 
756 
860 
26 
927 
47 
899 
963 
1032 
810 
661 
62 
371 
89 
868 
28 
27 
87 
228 
825 
699 
768 
544 
867 
165 
168 
100 
1055 
73 
1029 
813 
826 
218 
749 
570 
799 
268 
77 
6 
942 
249 
49 
493 
130 
1004 
626 
334 
90 
548 
1048 
618 
819 
519 
729 
468 
1027 
452 
149 
338 
908 
68 
142 
602 
55 
164 
864 
167 
1054 
155 
966 
363 
532 
196 
197 
485 
969 
333 
842 
965 
45 
500 
446 
96 
808 
950 
781 
662 
118 
880 
990 
204 
302 
433 
251 
431 
513 
1059 
907 
248 
970 
972 
782 
910 
668 
102 
198 
534 
1000 
945 
243 
416 
307 
412 
466 
876 
510 
921 
123 
125 
637 
86 
1028 
255 
777 
912 
84 
214 
495 
157 
621 
400 
524 
887 
916 
175 
456 
778 
203 
954 
586 
232 
189 
153 
512 
19 
305 
962 
1019 
310 
827 
35 
85 
968 
982 
854 
78 
812 
978 
415 
498 
573 
145 
428 
644 
29 
835 
1040 
71 
339 
418 
1001 
464 
224 
533 
832 
143 
738 
191 
272 
550 
492 
13 
10 
696 
129 
690 
715 
88 
680 
736 
320 
317 
848 
209 
767 
831 
894 
703 
797 
1003 
355 
1015 
465 
1033 
328 
376 
36 
590 
80 
156 
39 
900 
952 
463 
833 
786 
571 
1 
390 
803 
8 
780 
903 
38 
892 
460 
858 
836 
549 
348 
455 
247 
592 
213 
136 
985 
421 
567 
672 
121 
771 
315 
335 
551 
874 
353 
902 
525 
259 
760 
42 
115 
1057 
580 
882 
661 
393 
759 
430 
582 
538 
697 
993 
596 
449 
505 
727 
1007 
300 
923 
1052 
192 
620 
552 
762 
139 
991 
999 
50 
375 
386 
723 
264 
713 
69 
250 
171 
988 
215 
238 
57 
309 
557 
747 
399 
410 
1034 
173 
151 
7 
994 
546 
633 
287 
735 
545 
103 
385 
585 
462 
790 
158 
163 
584 
788 
1031 
306 
728 
280 
239 
261 
655 
33 
484 
948 
378 
906 
939 
68 
161 
766 
387 
604 
443 
44 
383 
245 
795 
986 
820 
976 
947 
895 
394 
794 
299 
553 
503 
254 
964 
150 
710 
206 
73 
801 
639 
870 
548 
577 
924 
849 
977 
21 
679 
718 
802 
937 
501 
216 
263 
343 
208 
366 
943 
883 
59 
691 
508 
170 
172 
388 
398 
591 
19 
678 
1058 
222 
483 
574 
695 
579 
741 
74 
389 
700 
147 
304 
270 
770 
448 
1045 
554 
362 
523 
370 
228 
527 
623 
427 
15 
652 
325 
429 
1049 
850 
547 
258 
486 
1009 
269 
162 
983 
615 
881 
722 
414 
841 
5 
111 
1051 
411 
708 
500 
847 
236 
184 
733 
640 
413 
666 
303 
839 
594 
396 
693 
225 
730 
113 
814 
9 
98 
504 
935 
433 
837 
491 
1016 
536 
1035 
951 
526 
556 
273 
1008 
559 
855 
998 
787 
955 
879 
417 
66 
1001 
581 
941 
521 
64 
588 
30 
267 
319 
840 
572 
478 
803 
305 
763 
953 
600 
934 
1030 
199 
337 
288 
1006 
560 
562 
454 
827 
457 
599 
227 
384 
880 
742 
779 
819 
715 
764 
438 
863 
307 
439 
619 
893 
12 
213 
714 
614 
916 
442 
531 
1014 
665 
932 
49 
1028 
189 
332 
611 
489 
756 
567 
0 
143 
175 
402 
793 
564 
761 
377 
772 
22 
278 
821 
680 
369 
119 
434 
364 
754 
607 
94 
169 
407 
638 
1032 
229 
995 
509 
130 
317 
456 
349 
845 
1047 
109 
122 
589 
684 
925 
518 
164 
406 
902 
956 
996 
374 
409 
634 
860 
41 
618 
744 
253 
973 
605 
425 
806 
28 
938 
20 
290 
192 
676 
842 
683 
80 
516 
644 
139 
342 
140 
233 
631 
984 
485 
464 
161 
784 
10 
246 
14 
133 
89 
758 
507 
795 
593 
252 
257 
502 
481 
580 
911 
100 
820 
552 
249 
426 
148 
392 
211 
297 
703 
950 
646 
359 
70 
796 
480 
177 
597 
931 
93 
386 
654 
807 
450 
601 
242 
1015 
255 
825 
781 
240 
214 
298 
166 
13 
982 
828 
810 
833 
1002 
716 
477 
831 
176 
279 
929 
519 
185 
921 
356 
294 
313 
193 
636 
830 
896 
125 
838 
944 
77 
989 
805 
624 
674 
533 
1033 
725 
1036 
128 
260 
603 
1053 
31 
671 
829 
540 
1011 
284 
336 
898 
942 
722 
243 
745 
167 
639 
846 
226 
510 
102 
274 
462 
114 
314 
757 
473 
734 
370 
460 
483 
534 
310 
209 
283 
325 
695 
720 
180 
210 
191 
447 
663 
69 
106 
730 
530 
536 
174 
1052 
224 
487 
40 
382 
547 
282 
598 
889 
910 
467 
768 
103 
428 
736 
335 
1001 
870 
504 
101 
582 
835 
672 
135 
521 
322 
775 
308 
26 
558 
832 
316 
623 
1005 
572 
1050 
641 
345 
186 
872 
553 
273 
689 
285 
681 
728 
595 
514 
275 
1004 
967 
1037 
54 
867 
496 
621 
59 
309 
615 
381 
924 
371 
482 
489 
1032 
1016 
37 
957 
458 
554 
416 
331 
204 
853 
590 
904 
1044 
324 
798 
87 
337 
738 
216 
874 
44 
168 
517 
45 
68 
583 
23 
150 
743 
49 
90 
431 
606 
865 
902 
673 
396 
25 
349 
814 
213 
794 
1029 
848 
184 
312 
571 
549 
959 
330 
91 
515 
142 
706 
182 
522 
711 
1025 
990 
993 
751 
573 
871 
570 
882 
136 
484 
152 
307 
398 
843 
658 
236 
394 
920 
99 
323 
930 
619 
925 
934 
513 
333 
719 
707 
1035 
818 
662 
198 
859 
437 
909 
994 
272 
614 
403 
1048 
463 
4 
961 
420 
684 
687 
200 
421 
262 
172 
1012 
669 
10 
499 
511 
257 
1055 
569 
753 
850 
508 
712 
823 
1024 
287 
47 
854 
15 
430 
189 
83 
546 
973 
96 
492 
667 
660 
446 
321 
936 
35 
357 
332 
67 
858 
697 
107 
1031 
241 
419 
118 
809 
388 
770 
714 
801 
94 
179 
228 
640 
410 
196 
12 
217 
612 
139 
341 
747 
1059 
749 
160 
550 
713 
788 
895 
791 
162 
649 
852 
234 
490 
699 
268 
927 
400 
56 
265 
860 
539 
311 
347 
905 
890 
389 
816 
246 
906 
488 
552 
928 
485 
60 
986 
637 
21 
261 
875 
340 
146 
759 
57 
1017 
251 
215 
77 
350 
254 
584 
384 
249 
1052 
692 
779 
647 
434 
504 
790 
1057 
33 
916 
197 
685 
131 
225 
1002 
498 
16 
348 
622 
585 
528 
188 
375 
914 
351 
746 
645 
0 
1061 
917 
500 
900 
84 
1040 
438 
451 
407 
299 
941 
572 
955 
580 
806 
715 
977 
693 
565 
75 
626 
607 
784 
983 
732 
53 
1047 
520 
639 
802 
405 
187 
495 
907 
765 
364 
183 
426 
274 
609 
166 
668 
156 
455 
742 
911 
296 
796 
575 
134 
931 
680 
124 
470 
256 
815 
611 
965 
690 
535 
912 
577 
868 
1023 
922 
617 
887 
493 
686 
587 
1046 
269 
509 
1036 
385 
42 
968 
61 
142 
413 
412 
935 
688 
581 
361 
756 
283 
851 
471 
605 
625 
1056 
352 
89 
810 
1019 
19 
684 
954 
821 
1012 
202 
705 
1043 
415 
529 
785 
288 
68 
1031 
90 
150 
122 
629 
524 
270 
212 
682 
95 
518 
97 
115 
208 
334 
329 
885 
997 
99 
159 
691 
925 
675 
98 
260 
918 
998 
447 
266 
387 
231 
969 
276 
658 
333 
338 
561 
519 
850 
915 
343 
855 
898 
999 
82 
546 
54 
185 
744 
527 
539 
1033 
492 
369 
445 
800 
109 
141 
236 
865 
282 
929 
1044 
130 
224 
947 
330 
391 
735 
544 
465 
304 
422 
453 
1026 
877 
479 
571 
944 
332 
372 
566 
310 
490 
963 
59 
589 
640 
891 
602 
192 
957 
43 
766 
273 
425 
1010 
267 
11 
726 
979 
114 
67 
476 
655 
725 
151 
709 
360 
466 
836 
91 
107 
946 
678 
1037 
219 
787 
687 
178 
624 
110 
320 
66 
452 
695 
819 
74 
113 
1038 
449 
173 
612 
835 
593 
613 
373 
608 
829 
833 
63 
60 
38 
302 
242 
817 
92 
762 
214 
775 
792 
897 
848 
428 
536 
657 
759 
988 
648 
878 
440 
358 
384 
1045 
313 
793 
761 
748 
694 
876 
450 
496 
356 
516 
380 
920 
279 
643 
994 
804 
559 
747 
934 
1051 
1024 
1036 
145 
838 
254 
443 
508 
441 
794 
480 
862 
326 
193 
822 
308 
882 
590 
844 
240 
399 
591 
344 
960 
111 
839 
773 
948 
757 
665 
808 
348 
1027 
84 
263 
1014 
1052 
381 
886 
791 
39 
730 
685 
171 
218 
569 
170 
226 
962 
291 
368 
871 
556 
696 
458 
774 
228 
1028 
129 
595 
1039 
144 
140 
347 
828 
390 
1004 
1011 
511 
859 
281 
809 
4 
366 
294 
471 
815 
701 
586 
195 
885 
51 
374 
125 
180 
200 
258 
845 
331 
335 
1030 
708 
981 
737 
790 
295 
653 
128 
108 
312 
784 
847 
605 
689 
543 
699 
502 
758 
716 
371 
632 
982 
55 
271 
1008 
305 
402 
157 
834 
928 
438 
1009 
424 
607 
365 
957 
1056 
854 
562 
77 
658 
857 
298 
820 
599 
41 
21 
81 
292 
483 
491 
680 
705 
446 
549 
746 
841 
650 
101 
907 
73 
603 
165 
249 
1060 
112 
683 
767 
824 
763 
770 
231 
272 
46 
698 
243 
1029 
268 
596 
126 
18 
60 
579 
800 
121 
25 
181 
1012 
403 
674 
580 
334 
924 
550 
461 
661 
903 
137 
225 
429 
676 
383 
755 
1031 
247 
267 
319 
141 
518 
972 
691 
914 
608 
713 
687 
482 
645 
382 
187 
136 
96 
435 
829 
582 
27 
467 
849 
110 
287 
703 
992 
542 
900 
217 
487 
34 
777 
944 
529 
9 
238 
677 
524 
930 
883 
843 
802 
421 
793 
532 
494 
352 
185 
221 
274 
499 
207 
103 
772 
627 
252 
724 
138 
565 
492 
896 
1025 
665 
985 
468 
704 
953 
315 
551 
98 
574 
290 
422 
7 
731 
191 
571 
712 
224 
26 
657 
760 
477 
341 
593 
584 
309 
316 
846 
534 
523 
135 
995 
456 
901 
213 
945 
317 
678 
785 
958 
601 
372 
879 
410 
65 
320 
1017 
454 
285 
557 
669 
485 
118 
655 
653 
501 
906 
154 
67 
23 
172 
302 
694 
169 
863 
807 
407 
321 
146 
24 
570 
733 
640 
418 
886 
229 
908 
684 
874 
324 
546 
68 
842 
810 
31 
521 
1018 
391 
71 
376 
66 
1061 
91 
270 
946 
149 
642 
389 
742 
426 
293 
127 
806 
986 
588 
692 
931 
109 
498 
673 
666 
813 
950 
192 
209 
124 
1042 
664 
36 
739 
823 
614 
325 
75 
870 
526 
553 
184 
430 
466 
956 
826 
648 
256 
912 
254 
934 
646 
933 
864 
1036 
558 
478 
95 
289 
43 
92 
284 
431 
281 
16 
922 
967 
837 
882 
87 
567 
993 
143 
630 
78 
452 
604 
176 
1016 
401 
148 
1008 
449 
332 
377 
816 
414 
490 
556 
364 
381 
868 
892 
787 
681 
273 
12 
610 
439 
948 
633 
198 
730 
804 
17 
817 
1050 
830 
265 
297 
330 
476 
53 
988 
475 
962 
867 
729 
751 
531 
134 
836 
749 
1034 
764 
45 
508 
566 
72 
182 
1040 
599 
103 
913 
769 
44 
343 
954 
699 
746 
894 
757 
752 
747 
848 
33 
812 
163 
725 
920 
199 
917 
624 
734 
2 
970 
338 
42 
314 
502 
656 
512 
897 
301 
676 
486 
480 
107 
1028 
735 
685 
403 
350 
748 
688 
695 
240 
81 
196 
796 
474 
660 
415 
909 
122 
598 
18 
105 
230 
129 
50 
786 
678 
483 
606 
771 
559 
686 
731 
34 
899 
342 
618 
949 
854 
937 
616 
123 
835 
334 
106 
569 
555 
969 
80 
137 
26 
583 
1026 
951 
282 
217 
839 
159 
139 
463 
28 
59 
365 
538 
10 
4 
387 
102 
901 
147 
368 
963 
234 
154 
382 
219 
200 
639 
1023 
885 
619 
832 
260 
801 
112 
958 
627 
296 
537 
178 
983 
315 
322 
128 
136 
444 
535 
417 
534 
398 
620 
113 
880 
1000 
838 
352 
544 
797 
461 
339 
621 
755 
36 
888 
644 
581 
781 
1031 
440 
385 
108 
1058 
177 
276 
545 
6 
462 
994 
852 
1024 
100 
191 
1001 
1039 
587 
83 
822 
1059 
609 
926 
279 
847 
1014 
86 
243 
458 
303 
244 
546 
866 
186 
435 
956 
614 
280 
707 
981 
97 
51 
285 
409 
989 
190 
257 
91 
1036 
277 
837 
250 
380 
442 
936 
351 
846 
363 
987 
919 
562 
865 
261 
148 
176 
649 
578 
655 
60 
526 
272 
318 
465 
19 
15 
878 
456 
464 
1004 
650 
12 
5 
806 
511 
71 
765 
14 
675 
151 
575 
995 
982 
1011 
516 
944 
430 
572 
1010 
195 
574 
615 
73 
228 
737 
669 
960 
967 
914 
494 
192 
431 
777 
418 
642 
882 
499 
816 
604 
761 
393 
760 
46 
647 
388 
528 
679 
970 
55 
267 
367 
774 
141 
586 
946 
663 
489 
523 
290 
126 
672 
486 
22 
808 
729 
811 
907 
717 
952 
310 
521 
509 
319 
433 
207 
814 
1029 
313 
712 
161 
736 
1050 
948 
933 
74 
873 
184 
173 
332 
711 
1060 
57 
885 
778 
89 
164 
438 
703 
333 
931 
807 
459 
843 
427 
1035 
1022 
966 
24 
912 
58 
1 
773 
205 
33 
619 
378 
453 
345 
395 
769 
1018 
860 
248 
118 
859 
374 
439 
335 
508 
840 
1019 
744 
718 
805 
381 
11 
998 
168 
550 
452 
973 
288 
812 
424 
745 
67 
1055 
721 
0 
917 
281 
874 
278 
397 
43 
645 
293 
648 
1034 
976 
953 
612 
487 
684 
206 
638 
77 
1012 
157 
140 
943 
940 
872 
1027 
94 
668 
858 
564 
861 
342 
929 
368 
133 
454 
354 
107 
1061 
304 
497 
889 
520 
585 
690 
39 
181 
674 
553 
25 
426 
664 
275 
472 
613 
444 
1038 
392 
448 
92 
72 
1023 
446 
899 
544 
1049 
337 
683 
867 
886 
53 
666 
922 
386 
477 
735 
390 
1013 
502 
42 
469 
423 
598 
589 
793 
139 
447 
330 
413 
259 
260 
493 
163 
249 
468 
850 
64 
79 
958 
887 
984 
507 
292 
798 
326 
194 
4 
91 
660 
356 
285 
76 
402 
646 
716 
609 
214 
767 
96 
709 
651 
924 
82 
980 
165 
429 
169 
410 
6 
925 
714 
143 
819 
80 
347 
515 
471 
947 
1031 
142 
166 
289 
372 
904 
451 
821 
219 
322 
90 
699 
756 
513 
68 
639 
488 
568 
656 
541 
491 
762 
28 
170 
535 
1052 
160 
641 
930 
246 
996 
891 
1011 
366 
93 
421 
311 
551 
790 
864 
131 
733 
796 
211 
309 
213 
379 
331 
425 
900 
431 
659 
634 
989 
785 
65 
406 
252 
201 
672 
686 
215 
490 
628 
920 
617 
489 
305 
152 
797 
352 
183 
172 
176 
766 
400 
771 
45 
55 
296 
321 
693 
555 
269 
825 
855 
837 
287 
884 
856 
130 
811 
86 
371 
195 
1061 
270 
738 
743 
1037 
687 
499 
359 
742 
59 
777 
151 
694 
70 
877 
125 
728 
323 
312 
632 
234 
475 
671 
570 
384 
521 
336 
34 
814 
1028 
655 
799 
415 
412 
881 
919 
627 
244 
411 
706 
23 
586 
155 
760 
199 
669 
239 
998 
365 
516 
1040 
363 
968 
1000 
158 
896 
621 
991 
233 
280 
960 
146 
880 
965 
702 
1018 
619 
461 
629 
198 
581 
556 
403 
955 
443 
713 
1001 
833 
30 
116 
739 
905 
254 
537 
952 
650 
895 
752 
318 
313 
115 
822 
27 
737 
973 
976 
136 
358 
242 
644 
525 
538 
755 
618 
640 
696 
875 
943 
790 
492 
769 
274 
15 
418 
58 
324 
420 
1051 
284 
389 
585 
966 
670 
831 
38 
909 
741 
518 
929 
890 
1041 
807 
1023 
264 
898 
89 
456 
91 
283 
985 
668 
587 
463 
994 
310 
975 
981 
611 
1017 
689 
315 
912 
14 
436 
1009 
376 
673 
906 
354 
150 
823 
533 
206 
387 
962 
704 
918 
600 
710 
861 
108 
441 
893 
95 
637 
1025 
700 
853 
98 
338 
26 
681 
60 
345 
584 
1022 
113 
102 
725 
950 
300 
500 
623 
12 
327 
446 
722 
114 
731 
882 
840 
458 
511 
549 
63 
540 
79 
1060 
802 
583 
910 
266 
1021 
804 
217 
591 
557 
9 
149 
931 
77 
626 
57 
189 
507 
185 
462 
946 
225 
18 
514 
471 
680 
337 
907 
699 
765 
1033 
207 
8 
934 
863 
197 
121 
434 
534 
824 
649 
1054 
157 
608 
85 
188 
770 
344 
995 
723 
173 
767 
139 
977 
544 
569 
433 
676 
231 
435 
764 
526 
229 
1057 
232 
884 
958 
872 
974 
614 
748 
917 
554 
590 
941 
348 
164 
368 
667 
495 
690 
478 
688 
988 
504 
69 
718 
464 
527 
166 
847 
1042 
356 
1056 
772 
707 
494 
563 
380 
536 
621 
1055 
210 
298 
490 
588 
745 
643 
1029 
750 
572 
267 
200 
360 
682 
773 
810 
908 
341 
624 
601 
779 
968 
1005 
633 
838 
647 
190 
777 
353 
871 
470 
862 
35 
10 
247 
566 
73 
80 
835 
422 
468 
734 
1013 
355 
483 
165 
879 
390 
52 
732 
925 
645 
999 
1018 
317 
651 
660 
546 
816 
866 
331 
712 
106 
11 
183 
105 
75 
678 
256 
402 
375 
1048 
870 
304 
68 
460 
564 
169 
496 
1031 
136 
986 
858 
215 
543 
506 
616 
1044 
23 
126 
160 
535 
759 
501 
641 
184 
617 
429 
887 
753 
807 
956 
174 
284 
622 
604 
187 
631 
845 
846 
926 
1030 
220 
363 
306 
886 
1028 
797 
178 
218 
140 
878 
0 
89 
104 
648 
268 
329 
440 
70 
489 
125 
56 
677 
418 
980 
42 
59 
895 
4 
1059 
389 
769 
79 
74 
630 
662 
493 
763 
607 
890 
644 
101 
354 
302 
195 
706 
405 
795 
710 
699 
1049 
303 
972 
40 
897 
668 
828 
997 
167 
399 
76 
826 
966 
990 
219 
561 
711 
311 
627 
849 
985 
605 
991 
24 
527 
94 
843 
923 
1008 
100 
555 
51 
271 
146 
337 
161 
472 
469 
96 
719 
800 
210 
785 
679 
54 
1016 
36 
638 
444 
760 
326 
397 
436 
812 
548 
1035 
902 
122 
791 
809 
848 
1014 
60 
762 
350 
477 
994 
689 
975 
452 
142 
392 
449 
652 
529 
799 
900 
1034 
34 
176 
27 
446 
780 
466 
416 
588 
792 
782 
325 
443 
207 
961 
37 
1001 
824 
776 
831 
951 
934 
661 
1017 
87 
842 
442 
844 
818 
1003 
181 
597 
211 
615 
385 
735 
841 
823 
941 
545 
214 
487 
958 
357 
414 
624 
1040 
859 
1006 
226 
44 
904 
936 
745 
502 
914 
340 
796 
150 
264 
471 
338 
681 
685 
364 
781 
614 
794 
973 
90 
272 
609 
17 
650 
539 
636 
595 
476 
602 
22 
454 
260 
713 
409 
731 
979 
223 
494 
291 
517 
508 
970 
655 
144 
955 
145 
270 
976 
428 
386 
633 
170 
425 
684 
540 
577 
16 
804 
643 
447 
569 
589 
63 
234 
649 
400 
575 
172 
479 
939 
85 
523 
1023 
1019 
854 
868 
855 
92 
116 
254 
913 
498 
709 
281 
282 
453 
114 
289 
49 
506 
814 
867 
673 
733 
877 
490 
692 
907 
129 
945 
35 
747 
23 
137 
410 
742 
391 
840 
950 
158 
301 
864 
433 
746 
5 
538 
368 
876 
83 
231 
788 
0 
819 
349 
604 
886 
140 
921 
905 
265 
938 
984 
335 
205 
174 
835 
571 
808 
455 
584 
909 
813 
501 
321 
1055 
141 
1021 
8 
519 
861 
110 
322 
860 
786 
541 
769 
572 
778 
288 
851 
723 
691 
962 
670 
662 
754 
737 
1053 
1020 
48 
378 
29 
680 
374 
504 
870 
155 
128 
372 
167 
1029 
964 
197 
168 
1015 
729 
640 
805 
326 
25 
516 
394 
95 
404 
674 
14 
185 
884 
177 
240 
28 
894 
520 
801 
567 
481 
67 
45 
356 
887 
978 
189 
997 
717 
739 
39 
1032 
57 
982 
199 
320 
839 
1037 
217 
736 
201 
344 
190 
656 
313 
766 
780 
68 
932 
822 
293 
658 
963 
491 
888 
369 
292 
694 
284 
815 
916 
81 
630 
121 
64 
667 
586 
119 
164 
574 
704 
51 
478 
873 
261 
942 
450 
787 
200 
253 
1044 
803 
588 
296 
104 
536 
898 
127 
818 
6 
698 
492 
376 
340 
133 
917 
302 
337 
961 
417 
546 
928 
521 
689 
86 
32 
863 
596 
429 
1060 
451 
527 
820 
21 
566 
857 
62 
130 
832 
334 
644 
612 
213 
629 
380 
668 
90 
311 
958 
850 
710 
464 
661 
944 
422 
462 
102 
699 
457 
542 
131 
618 
66 
449 
212 
440 
740 
493 
988 
613 
806 
403 
229 
228 
432 
58 
617 
795 
637 
868 
126 
756 
856 
800 
925 
946 
684 
436 
745 
687 
540 
186 
329 
361 
280 
664 
601 
746 
250 
278 
336 
370 
1051 
5 
486 
396 
282 
31 
722 
1009 
725 
1024 
209 
303 
323 
506 
568 
594 
773 
1001 
824 
113 
341 
608 
1002 
1058 
855 
309 
310 
634 
111 
117 
294 
269 
878 
556 
264 
911 
852 
157 
226 
889 
35 
258 
671 
843 
1014 
364 
54 
500 
424 
349 
524 
554 
169 
602 
912 
285 
960 
948 
993 
11 
216 
606 
869 
669 
716 
389 
983 
425 
1050 
263 
677 
348 
509 
230 
446 
22 
1003 
371 
526 
1000 
989 
184 
533 
139 
678 
255 
100 
359 
455 
60 
325 
935 
283 
991 
214 
175 
523 
721 
763 
1010 
539 
628 
342 
115 
772 
762 
914 
882 
981 
619 
1034 
333 
1 
314 
728 
811 
957 
986 
968 
942 
645 
846 
936 
929 
688 
544 
575 
63 
427 
910 
75 
761 
547 
103 
933 
1043 
152 
1012 
829 
876 
178 
61 
573 
781 
793 
550 
236 
747 
782 
41 
397 
187 
474 
223 
724 
476 
877 
1036 
1057 
201 
387 
548 
512 
33 
545 
695 
388 
495 
267 
817 
29 
522 
624 
788 
435 
232 
1035 
83 
708 
292 
549 
4 
774 
893 
847 
106 
37 
89 
9 
196 
281 
515 
241 
499 
644 
525 
253 
118 
215 
98 
114 
2 
20 
227 
123 
859 
460 
144 
147 
915 
317 
330 
880 
273 
776 
17 
941 
198 
885 
274 
99 
210 
88 
57 
132 
768 
703 
804 
713 
819 
443 
59 
931 
1022 
1047 
55 
504 
365 
1061 
1049 
393 
308 
743 
641 
639 
488 
391 
480 
974 
657 
170 
879 
49 
742 
250 
431 
577 
751 
594 
738 
652 
711 
245 
881 
302 
679 
735 
339 
946 
1048 
604 
116 
44 
913 
149 
904 
421 
84 
433 
483 
481 
759 
636 
872 
818 
570 
1028 
958 
932 
423 
840 
326 
231 
208 
119 
924 
386 
30 
645 
962 
989 
984 
38 
436 
1007 
849 
998 
520 
553 
1038 
254 
967 
1004 
689 
501 
14 
237 
693 
1053 
133 
366 
623 
190 
202 
939 
889 
1027 
485 
734 
472 
579 
675 
574 
927 
1037 
870 
404 
60 
46 
247 
921 
1014 
864 
166 
612 
477 
153 
205 
154 
756 
676 
996 
193 
507 
552 
1041 
262 
651 
368 
753 
903 
767 
953 
1060 
136 
750 
58 
837 
15 
180 
656 
251 
581 
331 
364 
416 
43 
535 
1034 
655 
318 
382 
256 
867 
344 
168 
394 
411 
668 
670 
754 
963 
191 
140 
839 
184 
795 
1015 
593 
647 
260 
606 
909 
815 
275 
1052 
936 
457 
1000 
591 
697 
225 
563 
377 
146 
484 
195 
145 
372 
176 
197 
448 
350 
428 
323 
892 
894 
95 
901 
955 
434 
1056 
765 
812 
562 
922 
610 
445 
77 
78 
135 
916 
632 
45 
830 
810 
576 
285 
790 
794 
944 
833 
933 
683 
791 
117 
284 
544 
561 
956 
444 
0 
152 
664 
891 
715 
138 
189 
712 
701 
997 
692 
654 
850 
727 
993 
26 
724 
272 
802 
441 
605 
150 
300 
705 
648 
696 
454 
53 
342 
638 
71 
600 
456 
1021 
539 
242 
319 
999 
390 
165 
435 
524 
160 
182 
393 
328 
829 
338 
991 
731 
28 
838 
786 
529 
410 
266 
736 
932 
291 
188 
357 
290 
848 
398 
626 
571 
970 
204 
897 
1044 
975 
1026 
352 
322 
770 
977 
720 
547 
315 
585 
584 
640 
908 
97 
267 
1001 
579 
781 
294 
1042 
236 
1045 
710 
818 
2 
112 
385 
611 
907 
741 
115 
420 
8 
341 
41 
122 
295 
1055 
762 
516 
747 
335 
659 
1058 
777 
227 
107 
425 
157 
1016 
376 
674 
367 
1019 
835 
325 
587 
467 
1033 
910 
893 
633 
469 
984 
549 
973 
911 
813 
239 
199 
21 
783 
662 
843 
373 
330 
170 
622 
371 
297 
749 
450 
517 
134 
20 
414 
957 
37 
257 
413 
978 
270 
103 
359 
971 
186 
313 
99 
83 
124 
980 
177 
222 
298 
501 
451 
324 
161 
902 
1039 
210 
243 
412 
506 
918 
558 
634 
286 
733 
1057 
1020 
304 
198 
631 
803 
259 
1025 
332 
642 
87 
1054 
613 
709 
381 
492 
91 
855 
961 
255 
533 
748 
546 
86 
1028 
52 
1005 
716 
293 
527 
241 
780 
760 
114 
271 
853 
400 
643 
475 
680 
844 
281 
856 
183 
466 
621 
859 
522 
822 
158 
940 
292 
1013 
827 
569 
941 
459 
637 
334 
684 
920 
48 
226 
809 
595 
854 
215 
874 
592 
779 
800 
406 
858 
699 
628 
80 
690 
948 
392 
126 
1009 
263 
607 
646 
575 
12 
333 
574 
658 
857 
154 
312 
782 
898 
573 
594 
661 
256 
768 
864 
358 
88 
478 
59 
524 
732 
201 
164 
212 
969 
120 
596 
896 
144 
1050 
660 
185 
72 
963 
705 
143 
559 
923 
691 
409 
1035 
54 
106 
850 
301 
497 
930 
981 
274 
972 
42 
187 
206 
852 
629 
197 
619 
68 
692 
851 
693 
593 
430 
816 
200 
251 
362 
129 
625 
906 
917 
946 
70 
490 
788 
382 
473 
486 
618 
147 
518 
758 
996 
204 
291 
878 
1032 
288 
867 
277 
396 
282 
238 
1000 
744 
871 
1010 
502 
922 
1037 
180 
289 
894 
504 
489 
712 
480 
128 
897 
436 
962 
714 
50 
280 
671 
730 
468 
766 
1055 
155 
586 
426 
261 
770 
548 
765 
995 
419 
939 
69 
438 
507 
552 
577 
421 
999 
38 
978 
22 
39 
25 
807 
455 
1043 
138 
231 
537 
317 
102 
6 
740 
1003 
544 
830 
332 
112 
452 
834 
750 
100 
650 
776 
929 
620 
314 
196 
812 
1029 
23 
169 
73 
77 
267 
1023 
545 
529 
388 
316 
876 
131 
460 
686 
133 
440 
721 
386 
322 
648 
130 
808 
345 
933 
168 
1047 
372 
754 
553 
295 
470 
564 
107 
1041 
281 
371 
418 
824 
667 
998 
767 
942 
670 
589 
528 
368 
453 
329 
175 
118 
151 
1031 
500 
903 
957 
213 
278 
992 
718 
752 
826 
536 
746 
330 
1016 
633 
959 
208 
81 
447 
342 
457 
990 
1012 
229 
193 
724 
173 
114 
45 
888 
411 
817 
244 
870 
647 
43 
383 
979 
542 
546 
523 
318 
885 
952 
970 
759 
174 
276 
290 
324 
1051 
757 
669 
742 
891 
465 
591 
223 
479 
11 
136 
379 
356 
51 
36 
13 
152 
987 
677 
790 
741 
764 
384 
729 
85 
234 
294 
1011 
614 
1020 
247 
264 
315 
1046 
68 
207 
865 
969 
841 
781 
951 
377 
627 
37 
187 
937 
842 
306 
792 
165 
641 
156 
615 
968 
225 
636 
1025 
1056 
33 
181 
255 
585 
337 
711 
310 
571 
778 
635 
83 
840 
140 
538 
989 
717 
649 
783 
219 
194 
190 
241 
730 
839 
103 
109 
246 
405 
731 
872 
944 
593 
481 
463 
79 
221 
204 
297 
484 
17 
874 
119 
182 
76 
265 
594 
1042 
984 
517 
899 
782 
170 
712 
871 
349 
877 
695 
980 
391 
1030 
1 
283 
334 
801 
404 
387 
406 
409 
662 
115 
525 
382 
985 
811 
981 
439 
220 
769 
991 
774 
1044 
955 
323 
821 
217 
948 
797 
1039 
960 
727 
749 
928 
963 
732 
886 
303 
709 
975 
694 
508 
1004 
1026 
913 
862 
211 
853 
9 
222 
341 
41 
1010 
993 
66 
854 
366 
227 
880 
27 
238 
617 
286 
491 
964 
698 
829 
623 
799 
666 
878 
805 
760 
186 
690 
505 
1048 
451 
566 
454 
422 
26 
446 
462 
272 
89 
357 
350 
311 
296 
148 
597 
513 
2 
784 
412 
15 
638 
846 
743 
678 
376 
539 
629 
713 
682 
575 
725 
1013 
198 
938 
777 
28 
73 
98 
