0.012800 
0.020700 
0.024400 
0.030100 
0.037600 
0.037800 
0.038200 
0.038600 
0.038900 
0.040000 
0.040600 
0.042800 
0.043700 
0.043900 
0.045800 
0.048200 
0.049100 
0.054300 
0.054800 
0.055500 
0.056400 
0.058600 
0.064400 
0.065100 
0.065400 
0.067200 
0.069500 
0.070200 
0.072300 
0.073100 
0.076100 
0.079800 
0.085700 
0.086300 
0.091400 
0.091600 
0.092700 
0.095700 
0.096800 
0.096900 
0.099000 
0.100500 
0.100700 
0.104600 
0.109200 
0.112400 
0.112800 
0.112800 
0.114500 
0.115300 
0.117100 
0.127000 
0.130500 
0.135200 
0.139700 
0.141300 
0.142900 
0.143400 
0.146400 
0.147600 
0.148100 
0.151500 
0.153400 
0.153600 
0.153900 
0.159100 
0.160100 
0.160300 
0.161300 
0.161700 
0.162300 
0.167300 
0.169800 
0.170200 
0.176000 
0.181300 
0.187100 
0.189300 
0.190300 
0.191300 
0.194300 
0.194800 
0.194900 
0.198900 
0.200400 
0.200700 
0.202700 
0.203400 
0.206200 
0.209300 
0.210100 
0.213400 
0.217400 
0.220300 
0.221300 
0.221800 
0.223600 
0.227100 
0.227300 
0.228700 
0.229500 
0.230100 
0.235700 
0.244600 
0.246000 
0.248500 
0.249700 
0.254600 
0.258100 
0.258700 
0.258900 
0.259400 
0.260100 
0.264400 
0.267500 
0.270400 
0.271200 
0.271500 
0.271500 
0.276500 
0.276800 
0.278500 
0.279100 
0.280700 
0.281900 
0.284200 
0.284200 
0.287700 
0.290100 
0.290400 
0.290500 
0.290500 
0.292300 
0.294000 
0.297000 
0.298600 
0.299300 
0.300400 
0.300400 
0.300500 
0.302900 
0.304400 
0.308900 
0.312000 
0.312000 
0.315800 
0.317700 
0.319500 
0.323700 
0.327000 
0.329500 
0.330100 
0.336000 
0.336600 
0.337200 
0.338600 
0.340600 
0.346400 
0.348600 
0.350000 
0.359300 
0.366600 
0.368000 
0.372300 
0.373800 
0.374000 
0.374200 
0.374700 
0.376300 
0.378600 
0.380500 
0.383400 
0.385500 
0.385800 
0.388200 
0.388200 
0.388200 
0.388800 
0.389900 
0.390200 
0.390600 
0.390800 
0.393900 
0.395900 
0.397400 
0.400000 
0.402100 
0.407000 
0.411700 
0.413200 
0.416400 
0.416600 
0.417600 
0.419800 
0.424000 
0.425100 
0.425300 
0.427100 
0.428900 
0.429500 
0.433400 
0.435300 
0.436300 
0.436700 
0.439100 
0.443600 
0.445200 
0.454400 
0.454600 
0.454900 
0.455000 
0.455300 
0.456100 
0.457400 
0.458500 
0.458700 
0.459600 
0.462800 
0.471800 
0.472800 
0.472900 
0.475700 
0.476100 
0.477100 
0.478700 
0.479100 
0.479100 
0.482000 
0.482100 
0.482900 
0.484800 
0.489300 
0.490700 
0.495200 
0.495300 
0.498500 
0.505300 
0.506400 
0.507500 
0.507600 
0.507700 
0.508500 
0.508900 
0.512200 
0.513100 
0.513500 
0.514800 
0.518900 
0.518900 
0.521200 
0.522600 
0.528000 
0.529100 
0.529700 
0.529900 
0.530500 
0.533700 
0.535600 
0.535900 
0.536000 
0.541900 
0.543200 
0.555000 
0.556700 
0.557200 
0.560100 
0.560900 
0.561300 
0.561500 
0.566500 
0.569200 
0.570400 
0.573400 
0.576500 
0.578000 
0.585000 
0.585200 
0.585900 
0.587100 
0.587900 
0.588000 
0.588600 
0.589300 
0.589800 
0.591000 
0.592300 
0.593300 
0.594800 
0.597700 
0.597900 
0.599200 
0.602900 
0.607900 
0.608300 
0.608700 
0.609200 
0.609200 
0.610100 
0.613500 
0.614100 
0.614600 
0.616500 
0.619000 
0.620100 
0.621700 
0.629700 
0.630100 
0.632700 
0.632700 
0.634500 
0.636100 
0.639100 
0.641400 
0.648800 
0.650000 
0.652000 
0.656000 
0.661200 
0.666400 
0.667300 
0.675000 
0.675500 
0.680300 
0.681000 
0.681800 
0.681900 
0.682000 
0.682400 
0.685100 
0.686200 
0.687500 
0.688400 
0.689800 
0.690200 
0.691000 
0.691300 
0.693600 
0.695000 
0.696100 
0.696400 
0.699800 
0.700900 
0.703800 
0.704200 
0.704500 
0.706300 
0.706300 
0.706700 
0.707100 
0.707900 
0.708700 
0.712500 
0.713000 
0.714500 
0.714700 
0.715200 
0.715200 
0.718100 
0.718700 
0.721400 
0.723600 
0.725500 
0.728600 
0.730600 
0.730900 
0.739400 
0.739700 
0.744000 
0.744800 
0.745700 
0.746900 
0.749500 
0.749700 
0.753000 
0.754800 
0.756000 
0.757700 
0.758500 
0.759900 
0.760000 
0.762200 
0.765800 
0.768700 
0.769900 
0.770600 
0.771300 
0.772700 
0.772800 
0.774700 
0.777100 
0.778200 
0.779300 
0.781300 
0.784000 
0.784500 
0.785000 
0.785400 
0.785400 
0.785900 
0.786900 
0.790700 
0.792600 
0.792600 
0.797500 
0.798000 
0.798600 
0.802800 
0.803000 
0.810700 
0.811100 
0.811300 
0.811300 
0.813000 
0.814200 
0.816000 
0.817500 
0.818000 
0.818000 
0.822700 
0.824300 
0.829400 
0.829800 
0.830200 
0.830500 
0.830700 
0.833600 
0.835800 
0.840200 
0.842400 
0.844800 
0.844800 
0.850500 
0.851100 
0.853300 
0.854800 
0.857500 
0.859600 
0.861100 
0.863900 
0.869300 
0.871500 
0.873300 
0.874100 
0.879100 
0.880000 
0.880600 
0.884300 
0.886600 
0.887600 
0.888000 
0.892500 
0.895900 
0.897800 
0.900800 
0.905800 
0.906200 
0.907000 
0.907100 
0.907700 
0.908600 
0.912400 
0.912600 
0.914500 
0.918300 
0.923800 
0.925800 
0.928100 
0.928300 
0.929200 
0.930500 
0.931700 
0.932600 
0.934300 
0.935700 
0.937200 
0.939100 
0.942500 
0.945900 
0.946300 
0.946900 
0.947400 
0.948900 
0.951500 
0.952600 
0.952600 
0.953200 
0.955300 
0.957000 
0.959400 
0.960700 
0.962200 
0.963400 
0.964000 
0.964200 
0.965200 
0.969500 
0.970500 
0.970800 
0.971000 
0.973500 
0.977900 
0.979700 
0.980500 
0.981300 
0.986500 
0.989100 
0.990800 
0.993300 
0.993800 
0.995400 
0.995800 
0.996200 
0.997600 
0.998700 
1.002400 
1.004900 
1.006000 
1.009800 
1.011200 
1.012600 
1.013600 
1.014900 
1.016700 
1.020600 
1.020700 
1.022800 
1.025600 
1.025900 
1.029000 
1.031600 
1.037700 
1.038900 
1.040800 
1.041900 
1.042100 
1.046000 
1.048500 
1.051800 
1.051800 
1.052100 
1.055600 
1.057400 
1.057600 
1.062800 
1.063700 
1.064600 
1.065600 
1.066100 
1.067700 
1.067800 
1.071400 
1.072000 
1.072500 
1.076000 
1.076300 
1.076800 
1.077500 
1.078700 
1.079600 
1.080700 
1.081400 
1.084600 
1.085600 
1.087500 
1.090000 
1.092800 
1.092900 
1.092900 
1.097200 
1.101800 
1.102100 
1.103900 
1.106700 
1.107400 
1.107500 
1.108900 
1.111000 
1.111200 
1.111300 
1.113800 
1.115600 
1.115800 
1.117700 
1.118000 
1.120600 
1.121600 
1.122700 
1.123000 
1.124500 
1.128300 
1.128900 
1.130900 
1.131300 
1.132800 
1.133000 
1.133100 
1.133200 
1.136200 
1.138600 
1.139200 
1.139300 
1.139500 
1.141400 
1.142600 
1.142800 
1.143900 
1.144000 
1.149700 
1.150200 
1.151700 
1.153300 
1.154700 
1.154900 
1.161700 
1.164100 
1.164900 
1.165500 
1.165900 
1.166300 
1.168600 
1.169300 
1.170400 
1.170500 
1.172900 
1.173700 
1.174000 
1.175300 
1.175900 
1.176300 
1.176400 
1.178800 
1.182200 
1.183500 
1.183900 
1.185900 
1.188500 
1.188900 
1.192200 
1.192700 
1.192800 
1.195300 
1.195300 
1.195500 
1.198700 
1.200800 
1.203500 
1.203500 
1.203900 
1.205300 
1.205500 
1.209900 
1.210300 
1.211200 
1.213600 
1.214000 
1.215600 
1.217600 
1.221100 
1.223400 
1.224600 
1.227600 
1.228100 
1.228300 
1.230500 
1.231000 
1.231300 
1.231400 
1.234000 
1.235600 
1.236200 
1.236400 
1.244100 
1.246700 
1.247300 
1.248100 
1.249700 
1.250100 
1.250900 
1.252600 
1.254700 
1.258500 
1.258600 
1.260700 
1.260700 
1.261600 
1.262100 
1.264000 
1.265400 
1.265600 
1.266800 
1.267300 
1.268100 
1.268400 
1.269400 
1.269700 
1.269700 
1.270000 
1.270200 
1.270300 
1.270400 
1.273500 
1.274300 
1.278100 
1.279100 
1.279600 
1.280700 
1.280800 
1.282200 
1.282400 
1.282500 
1.283800 
1.291300 
1.296200 
1.296800 
1.297400 
1.298600 
1.300800 
1.301200 
1.301600 
1.301800 
1.303600 
1.308000 
1.308800 
1.312100 
1.313100 
1.313200 
1.318000 
1.318000 
1.320700 
1.320900 
1.323600 
1.324300 
1.328600 
1.329200 
1.329700 
1.333400 
1.334900 
1.335400 
1.335500 
1.336100 
1.337000 
1.340200 
1.340200 
1.341300 
1.341400 
1.342600 
1.342900 
1.343400 
1.344900 
1.346100 
1.347600 
1.349000 
1.350800 
1.351000 
1.352100 
1.352300 
1.352400 
1.352700 
1.353700 
1.354400 
1.356700 
1.357100 
1.360900 
1.362800 
1.363400 
1.364500 
1.364700 
1.364800 
1.364900 
1.366200 
1.367700 
1.371000 
1.371200 
1.371800 
1.376400 
1.377700 
1.378600 
1.379900 
1.382300 
1.383300 
1.390400 
1.390500 
1.390600 
1.391600 
1.391800 
1.392500 
1.393900 
1.395100 
1.395300 
1.395300 
1.395500 
1.395800 
1.396200 
1.396900 
1.396900 
1.397300 
1.397500 
1.397600 
1.399000 
1.400700 
1.401100 
1.401700 
1.402600 
1.404000 
1.404100 
1.406900 
1.407200 
1.408900 
1.413800 
1.414200 
1.415800 
1.416000 
1.416300 
1.416800 
1.418800 
1.420000 
1.420100 
1.421500 
1.422900 
1.425000 
1.425100 
1.425200 
1.428500 
1.429400 
1.432300 
1.432600 
1.434300 
1.436100 
1.437100 
1.440700 
1.440900 
1.442100 
1.442400 
1.443900 
1.444900 
1.446600 
1.446700 
1.447000 
1.452900 
1.455600 
1.459700 
1.469300 
1.470700 
1.471300 
1.472100 
1.472900 
1.475900 
1.476800 
1.478500 
1.479300 
1.480600 
1.483300 
1.483900 
1.484300 
1.485900 
1.486000 
1.486500 
1.487000 
1.489700 
1.491000 
1.495900 
1.496400 
1.498000 
1.498100 
1.499100 
1.500100 
1.502600 
1.503900 
1.505700 
1.505800 
1.510800 
1.511500 
1.511700 
1.512500 
1.513500 
1.513700 
1.515200 
1.515600 
1.516900 
1.517100 
1.519200 
1.521300 
1.521400 
1.524800 
1.525400 
1.527000 
1.529000 
1.529600 
1.530100 
1.531100 
1.531600 
1.534000 
1.535500 
1.537000 
1.537200 
1.541200 
1.543800 
1.544200 
1.544700 
1.546700 
1.547800 
1.549000 
1.549100 
1.550300 
1.551400 
1.553200 
1.555100 
1.557300 
1.561200 
1.563900 
1.564300 
1.564500 
1.564700 
1.565600 
1.571900 
1.572600 
1.574500 
1.576500 
1.576800 
1.579200 
1.579600 
1.579700 
1.580600 
1.583900 
1.585700 
1.587000 
1.587400 
1.591700 
1.594500 
1.599500 
1.599900 
1.602500 
1.603500 
1.603500 
1.604300 
1.605000 
1.605200 
1.609800 
1.610300 
1.610300 
1.614900 
1.617900 
1.622100 
1.622400 
1.622600 
1.625000 
1.625200 
1.626800 
1.627200 
1.627400 
1.627900 
1.630000 
1.630500 
1.632900 
1.633000 
1.634700 
1.636600 
1.636800 
1.637100 
1.639000 
1.642000 
1.643800 
1.646500 
1.646700 
1.646800 
1.648400 
1.651600 
1.652200 
1.655900 
1.658400 
1.659300 
1.659400 
1.660500 
1.661100 
1.662400 
1.663800 
1.663900 
1.665300 
1.665900 
1.666800 
1.668100 
1.668300 
1.669300 
1.674600 
1.675600 
1.676600 
1.677100 
1.677500 
1.680500 
1.680500 
1.682000 
1.682100 
1.683600 
1.689900 
1.690500 
1.690600 
1.697600 
1.704500 
1.704600 
1.705100 
1.707800 
1.708000 
1.709400 
1.711100 
1.713100 
1.715200 
1.715400 
1.717800 
1.718700 
1.721700 
1.722400 
1.722800 
1.724500 
1.724800 
1.725500 
1.726100 
1.728100 
1.729000 
1.732700 
1.733200 
1.733500 
1.734300 
1.735000 
1.735400 
1.736800 
1.738400 
1.739600 
1.740500 
1.742100 
1.744600 
1.744900 
1.745600 
1.746700 
1.748200 
1.748900 
1.753500 
1.754700 
1.754900 
1.758300 
1.759600 
1.760800 
1.761500 
1.762300 
1.767800 
1.768300 
1.769100 
1.769400 
1.769900 
1.770100 
1.771800 
1.772400 
1.773500 
1.774100 
1.774800 
1.775400 
1.775900 
1.776100 
1.777300 
1.777600 
1.785200 
1.785500 
1.787000 
1.788000 
1.790800 
1.793000 
1.793700 
1.794700 
1.796100 
1.796500 
1.797200 
1.797800 
1.801200 
1.801200 
1.801400 
1.801400 
1.803200 
1.803300 
1.805500 
1.807100 
1.813100 
1.813500 
1.813700 
1.814000 
1.816700 
1.816700 
1.818000 
1.818200 
1.820900 
1.822100 
1.823400 
1.823500 
1.823700 
1.825000 
1.826500 
1.826700 
1.829900 
1.830200 
1.832000 
1.832500 
1.833200 
1.833900 
1.834500 
1.837700 
1.838000 
1.839300 
1.842300 
1.842600 
1.842800 
1.843600 
1.847900 
1.848100 
1.848700 
1.850000 
1.850000 
1.852000 
1.855900 
1.857300 
1.857700 
1.858100 
1.858900 
1.859600 
1.861900 
1.873200 
1.874400 
1.875200 
1.875500 
1.876100 
1.876300 
1.876400 
1.876500 
1.878000 
1.879500 
1.881300 
1.881700 
1.882300 
1.884800 
1.884900 
1.886400 
1.887300 
1.888300 
1.888500 
1.888500 
1.890400 
1.892100 
1.892900 
1.896400 
1.897500 
1.899700 
1.903600 
1.903900 
1.905100 
1.905900 
1.906400 
1.907000 
1.909000 
1.909100 
1.912300 
1.914300 
1.915100 
1.915300 
1.916800 
1.918000 
1.918000 
1.918500 
1.918800 
1.919900 
1.920200 
1.920500 
1.921600 
1.923500 
1.925700 
1.926000 
1.927100 
1.927500 
1.928600 
1.928900 
1.930600 
1.934000 
1.935500 
1.937000 
1.939100 
1.939300 
1.939500 
1.939700 
1.940100 
1.942600 
1.944500 
1.945700 
1.946600 
1.946700 
1.954100 
1.954700 
1.955400 
1.955900 
1.956800 
1.957000 
1.959400 
1.963200 
1.963600 
1.964200 
1.964200 
1.964300 
1.964900 
1.965100 
1.965900 
1.966800 
1.967000 
1.968800 
1.971900 
1.975500 
1.976800 
1.977000 
1.983300 
1.983300 
1.985400 
1.986400 
1.987800 
1.988000 
1.988400 
1.994200 
1.995400 
1.996700 
1.999000 
2.000900 
2.002000 
2.003100 
2.004700 
2.005600 
2.005900 
2.007000 
2.007900 
2.008800 
2.009000 
2.009700 
2.011100 
2.011500 
2.013200 
2.013800 
2.015700 
2.015700 
2.016400 
2.017800 
2.020100 
2.020500 
2.021200 
2.022200 
2.023200 
2.023800 
2.025500 
2.026000 
2.028900 
2.028900 
2.029200 
2.029700 
2.029700 
2.030100 
2.031200 
2.033400 
2.035500 
2.039000 
2.039900 
2.040800 
2.040900 
2.041000 
2.046000 
2.046100 
2.046600 
2.050100 
2.050200 
2.050800 
2.051100 
2.052200 
2.052200 
2.053200 
2.053200 
2.054200 
2.056300 
2.058400 
2.060400 
2.062700 
2.062800 
2.062800 
2.063000 
2.063500 
2.071000 
2.071800 
2.073300 
2.074900 
2.075000 
2.075300 
2.076800 
2.077500 
2.077800 
2.080800 
2.081200 
2.083500 
2.085100 
2.085700 
2.086000 
2.086200 
2.087000 
2.087500 
2.087800 
2.088200 
2.088700 
2.088900 
2.090300 
2.092800 
2.100000 
2.100600 
2.103000 
2.103000 
2.103600 
2.104000 
2.106100 
2.107100 
2.107700 
2.109300 
2.110100 
2.110700 
2.111900 
2.112000 
2.113600 
2.113600 
2.114100 
2.115000 
2.116300 
2.116800 
2.117400 
2.117800 
2.120600 
2.120900 
2.123100 
2.124700 
2.124800 
2.128000 
2.129700 
2.130100 
2.134800 
2.134800 
2.135700 
2.135700 
2.138800 
2.139400 
2.141400 
2.141600 
2.142400 
2.143600 
2.147400 
2.148900 
2.149300 
2.152300 
2.155000 
2.155600 
2.157800 
2.161800 
2.162100 
2.162400 
2.162700 
2.164100 
2.164100 
2.164300 
2.165900 
2.166000 
2.166400 
2.166600 
2.167200 
2.169700 
2.171000 
2.171400 
2.173200 
2.175800 
2.176200 
2.178900 
2.179000 
2.179500 
2.180000 
2.182100 
2.183400 
2.183900 
2.184500 
2.185300 
2.187000 
2.188200 
2.188600 
2.189200 
2.189300 
2.191100 
2.193100 
2.195400 
2.198400 
2.198900 
2.202300 
2.202600 
2.205600 
2.208400 
2.209400 
2.210600 
2.219000 
2.219000 
2.219600 
2.220400 
2.223400 
2.224200 
2.225800 
2.227000 
2.230800 
2.231400 
2.233800 
2.235400 
2.236300 
2.237000 
2.238800 
2.239200 
2.244700 
2.246500 
2.247400 
2.247600 
2.247700 
2.249600 
2.249600 
2.250100 
2.252400 
2.254000 
2.255000 
2.256000 
2.258000 
2.259500 
2.259700 
2.259900 
2.262700 
2.263100 
2.265000 
2.266100 
2.267100 
2.267100 
2.267500 
2.268500 
2.268600 
2.269200 
2.269300 
2.271100 
2.271200 
2.273100 
2.273200 
2.278400 
2.279000 
2.279800 
2.282900 
2.286200 
2.287400 
2.288300 
2.289500 
2.290500 
2.291200 
2.291400 
2.293000 
2.293500 
2.293600 
2.294000 
2.298200 
2.300100 
2.302500 
2.306600 
2.307500 
2.309200 
2.309300 
2.310400 
2.312700 
2.313200 
2.313700 
2.314100 
2.315100 
2.317000 
2.317500 
2.318100 
2.318700 
2.321400 
2.323200 
2.323800 
2.323900 
2.327800 
2.328500 
2.331800 
2.332400 
2.334000 
2.334300 
2.335000 
2.339900 
2.340600 
2.342000 
2.342700 
2.342700 
2.343800 
2.348500 
2.349200 
2.349900 
2.350100 
2.350200 
2.352200 
2.354200 
2.357600 
2.358900 
2.359500 
2.360000 
2.360600 
2.361500 
2.362000 
2.364900 
2.366000 
2.368000 
2.368500 
2.373500 
2.375500 
2.379800 
2.382500 
2.383300 
2.383900 
2.384200 
2.385000 
2.385300 
2.385500 
2.387300 
2.387300 
2.388300 
2.388900 
2.388900 
2.389100 
2.390000 
2.396200 
2.396500 
2.398100 
2.398700 
2.401200 
2.404800 
2.404800 
2.405700 
2.406700 
2.407000 
2.409300 
2.410800 
2.412700 
2.414400 
2.419400 
2.419900 
2.420400 
2.421800 
2.422600 
2.425100 
2.425300 
2.426200 
2.427500 
2.430400 
2.431300 
2.432700 
2.432800 
2.432800 
2.433400 
2.434300 
2.434400 
2.436700 
2.436700 
2.439400 
2.439700 
2.441700 
2.441700 
2.445900 
2.448600 
2.450100 
2.450500 
2.451700 
2.453200 
2.453900 
2.454000 
2.454700 
2.454900 
2.455100 
2.455300 
2.456100 
2.456800 
2.458400 
2.458900 
2.459700 
2.459800 
2.461300 
2.461600 
2.466800 
2.469200 
2.469700 
2.472300 
2.473100 
2.474200 
2.474700 
2.475600 
2.481400 
2.481400 
2.484900 
2.485100 
2.485300 
2.488100 
2.488600 
2.488900 
2.489100 
2.490700 
2.490800 
2.494400 
2.499500 
2.499700 
2.500100 
2.500600 
2.500600 
2.503100 
2.504300 
2.506000 
2.506700 
2.506800 
2.507300 
2.507400 
2.510000 
2.513600 
2.514200 
2.520100 
2.520300 
2.520800 
2.521500 
2.525100 
2.526700 
2.530100 
2.534500 
2.535800 
2.536300 
2.537100 
2.537600 
2.538200 
2.539200 
2.539300 
2.539400 
2.540900 
2.543200 
2.544800 
2.545700 
2.549600 
2.550100 
2.551600 
2.554000 
2.554500 
2.558400 
2.560000 
2.562100 
2.564300 
2.566100 
2.566400 
2.566600 
2.567800 
2.568300 
2.569800 
2.570100 
2.570600 
2.570800 
2.571000 
2.572400 
2.574800 
2.579100 
2.579700 
2.585300 
2.585900 
2.590200 
2.591000 
2.591500 
2.592900 
2.592900 
2.594300 
2.594300 
2.594500 
2.595700 
2.595800 
2.599000 
2.600000 
2.600600 
2.602100 
2.603600 
2.604100 
2.604400 
2.606500 
2.609900 
2.613200 
2.613600 
2.614200 
2.614700 
2.615400 
2.616800 
2.617600 
2.617900 
2.619600 
2.620400 
2.622100 
2.629400 
2.630300 
2.632200 
2.632400 
2.633000 
2.635400 
2.637200 
2.641700 
2.641700 
2.641900 
2.641900 
2.642500 
2.644400 
2.644400 
2.645500 
2.647300 
2.648400 
2.648500 
2.652200 
2.654400 
2.655300 
2.656800 
2.659500 
2.659700 
2.659800 
2.660100 
2.661000 
2.661600 
2.663400 
2.664900 
2.667600 
2.667900 
2.674800 
2.676800 
2.677100 
2.677200 
2.677400 
2.678600 
2.680800 
2.680900 
2.687200 
2.688000 
2.689100 
2.689600 
2.691100 
2.692800 
2.696000 
2.697200 
2.697200 
2.697300 
2.699700 
2.699900 
2.700400 
2.703800 
2.704900 
2.709800 
2.711100 
2.712100 
2.713200 
2.715200 
2.716300 
2.716500 
2.718000 
2.718300 
2.719300 
2.719700 
2.720700 
2.721000 
2.721700 
2.722000 
2.722900 
2.725500 
2.726500 
2.727800 
2.728800 
2.730100 
2.731800 
2.733600 
2.735700 
2.738400 
2.742500 
2.742700 
2.744700 
2.745700 
2.750700 
2.750900 
2.751000 
2.751500 
2.752100 
2.757100 
2.757700 
2.759900 
2.762300 
2.763500 
2.764200 
2.765500 
2.767300 
2.767800 
2.770500 
2.771500 
2.773300 
2.774100 
2.774400 
2.774600 
2.776100 
2.777100 
2.778000 
2.779800 
2.780400 
2.780400 
2.783100 
2.786200 
2.789000 
2.789500 
2.790500 
2.791100 
2.791200 
2.792300 
2.794500 
2.795400 
2.798300 
2.801700 
2.801900 
2.802100 
2.803200 
2.804800 
2.807100 
2.807200 
2.807600 
2.809700 
2.809900 
2.810600 
2.816900 
2.817700 
2.818400 
2.819500 
2.821100 
2.823400 
2.824800 
2.825000 
2.825100 
2.828500 
2.829200 
2.830400 
2.830700 
2.831800 
2.833200 
2.836400 
2.836700 
2.836800 
2.836900 
2.837000 
2.840000 
2.842700 
2.845100 
2.845800 
2.846700 
2.847600 
2.847700 
2.848600 
2.848700 
2.848900 
2.849300 
2.849900 
2.854400 
2.855700 
2.858500 
2.859500 
2.859900 
2.859900 
2.860000 
2.861800 
2.861900 
2.862500 
2.862600 
2.867300 
2.869300 
2.869800 
2.871800 
2.871900 
2.877100 
2.878300 
2.878300 
2.878700 
2.879700 
2.881600 
2.881700 
2.883000 
2.884600 
2.886000 
2.890400 
2.891400 
2.891700 
2.892900 
2.894200 
2.896700 
2.898500 
2.900700 
2.904300 
2.910800 
2.913200 
2.915100 
2.915400 
2.915500 
2.918300 
2.918700 
2.922300 
2.922400 
2.922400 
2.922900 
2.924600 
2.926500 
2.926600 
2.926800 
2.928600 
2.929800 
2.935200 
2.936000 
2.936300 
2.937600 
2.951800 
2.953900 
2.954200 
2.960100 
2.961100 
2.961200 
2.964300 
2.967200 
2.967500 
2.970100 
2.971000 
2.973800 
2.975400 
2.978000 
2.978500 
2.978800 
2.980500 
2.980600 
2.982500 
2.984200 
2.984500 
2.986000 
2.986800 
2.987900 
2.988400 
2.989300 
2.990900 
2.996300 
2.996900 
2.998600 
2.998900 
2.999600 
2.999700 
3.001600 
3.001900 
3.002000 
3.002200 
3.002600 
3.004000 
3.008500 
3.008700 
3.010200 
3.011500 
3.012000 
3.013500 
3.014100 
3.014800 
3.018200 
3.018200 
3.020400 
3.021400 
3.022100 
3.022700 
3.025900 
3.027100 
3.028500 
3.032400 
3.032900 
3.033000 
3.033700 
3.035100 
3.037300 
3.038400 
3.039900 
3.040300 
3.040800 
3.043400 
3.043800 
3.043900 
3.046400 
3.048900 
3.051700 
3.053700 
3.055700 
3.056400 
3.057800 
3.059100 
3.064000 
3.069700 
3.070600 
3.071500 
3.073600 
3.075400 
3.076500 
3.080900 
3.086200 
3.086600 
3.086600 
3.088100 
3.088200 
3.088300 
3.089700 
3.090700 
3.091000 
3.091800 
3.094200 
3.097000 
3.099100 
3.099800 
3.100600 
3.102600 
3.104100 
3.104800 
3.108900 
3.112800 
3.114500 
3.115100 
3.117500 
3.119100 
3.119300 
3.120900 
3.121400 
3.123300 
3.124400 
3.128300 
3.130000 
3.132500 
3.132600 
3.135800 
3.136500 
3.137300 
3.137600 
3.137800 
3.138200 
3.141400 
3.144400 
3.146900 
3.148700 
3.149200 
3.150000 
3.150500 
3.153700 
3.154100 
3.156000 
3.156500 
3.157600 
3.163300 
3.167700 
3.171100 
3.171300 
3.172900 
3.173900 
3.174700 
3.176100 
3.177000 
3.180900 
3.181000 
3.181400 
3.182800 
3.183400 
3.183800 
3.184000 
3.186200 
3.188100 
3.190000 
3.194500 
3.196200 
3.197800 
3.198700 
3.198800 
3.199300 
3.199300 
3.200900 
3.201300 
3.201400 
3.201600 
3.202600 
3.203900 
3.204300 
3.205400 
3.206200 
3.206600 
3.207200 
3.208000 
3.209100 
3.210100 
3.210400 
3.211500 
3.213300 
3.215900 
3.216200 
3.217200 
3.218700 
3.221000 
3.221300 
3.222800 
3.225500 
3.225900 
3.226300 
3.227200 
3.228900 
3.230900 
3.232600 
3.232700 
3.236700 
3.236900 
3.240800 
3.242400 
3.242400 
3.243300 
3.244000 
3.249800 
3.250400 
3.251100 
3.251900 
3.252700 
3.253400 
3.254100 
3.262900 
3.264100 
3.267000 
3.267200 
3.267500 
3.268200 
3.270300 
3.271500 
3.273900 
3.274200 
3.274500 
3.275600 
3.280800 
3.285500 
3.285700 
3.285800 
3.286200 
3.286600 
3.288200 
3.289000 
3.289100 
3.289700 
3.292200 
3.292500 
3.295100 
3.298900 
3.299600 
3.300800 
3.302200 
3.307400 
3.308400 
3.310400 
3.310800 
3.311100 
3.312400 
3.312500 
3.315200 
3.318700 
3.318800 
3.319500 
3.321300 
3.322600 
3.323200 
3.324100 
3.325400 
3.330000 
3.332500 
3.332600 
3.333500 
3.333600 
3.333700 
3.334000 
3.334800 
3.335000 
3.337100 
3.339800 
3.340100 
3.341400 
3.343700 
3.344800 
3.345600 
3.348400 
3.348500 
3.350000 
3.351200 
3.351300 
3.351700 
3.352200 
3.352300 
3.355800 
3.357500 
3.358500 
3.358800 
3.359300 
3.362600 
3.363100 
3.363200 
3.364300 
3.366400 
3.367400 
3.367900 
3.368800 
3.369900 
3.371200 
3.371300 
3.371300 
3.371600 
3.372500 
3.373300 
3.374700 
3.378700 
3.380500 
3.382000 
3.383500 
3.383700 
3.385200 
3.387600 
3.388000 
3.393700 
3.395000 
3.397000 
3.398300 
3.398700 
3.399500 
3.400100 
3.402400 
3.402600 
3.404600 
3.404900 
3.405900 
3.406400 
3.409300 
3.410100 
3.410400 
3.410600 
3.411000 
3.412000 
3.413500 
3.414400 
3.414400 
3.415600 
3.419400 
3.419800 
3.422500 
3.422700 
3.423000 
3.424100 
3.424400 
3.425000 
3.429200 
3.429900 
3.430400 
3.434400 
3.436400 
3.436500 
3.436900 
3.438600 
3.439100 
3.439200 
3.440400 
3.440500 
3.440900 
3.445000 
3.445300 
3.448100 
3.448700 
3.449200 
3.451700 
3.457200 
3.459100 
3.459600 
3.461900 
3.465200 
3.466000 
3.466400 
3.472100 
3.476000 
3.476200 
3.476500 
3.480100 
3.487500 
3.487700 
3.488300 
3.488400 
3.488600 
3.488900 
3.489100 
3.490100 
3.491100 
3.492100 
3.492800 
3.493600 
3.493800 
3.495600 
3.497700 
3.497900 
3.498600 
3.499800 
3.500400 
3.500700 
3.501200 
3.502200 
3.502500 
3.503600 
3.505800 
3.506100 
3.507400 
3.510100 
3.510800 
3.511100 
3.512900 
3.514300 
3.514500 
3.517700 
3.520200 
3.521800 
3.523600 
3.524900 
3.525600 
3.529400 
3.529700 
3.530900 
3.533700 
3.534900 
3.539300 
3.540700 
3.542400 
3.547900 
3.548300 
3.549500 
3.549900 
3.551200 
3.551800 
3.556500 
3.557300 
3.558400 
3.559300 
3.560000 
3.561500 
3.563200 
3.563400 
3.563800 
3.564300 
3.567500 
3.569100 
3.569400 
3.571200 
3.572100 
3.574300 
3.578500 
3.579500 
3.580400 
3.580700 
3.580700 
3.582100 
3.583300 
3.584100 
3.586500 
3.591500 
3.592100 
3.592600 
3.593200 
3.593300 
3.594400 
3.597600 
3.598000 
3.599300 
3.600500 
3.601400 
3.601800 
3.603100 
3.605200 
3.608600 
3.610200 
3.616500 
3.616800 
3.617800 
3.619200 
3.621000 
3.621500 
3.625700 
3.628500 
3.630700 
3.630700 
3.632400 
3.632600 
3.633800 
3.634000 
3.634100 
3.636900 
3.637600 
3.639000 
3.639200 
3.641800 
3.644800 
3.646600 
3.646800 
3.647300 
3.648900 
3.649400 
3.649900 
3.652800 
3.655000 
3.657400 
3.658200 
3.658400 
3.660500 
3.661300 
3.662600 
3.665200 
3.667800 
3.669300 
3.670600 
3.673400 
3.674300 
3.675300 
3.680200 
3.680500 
3.681700 
3.684600 
3.687400 
3.688300 
3.688500 
3.691200 
3.691800 
3.692700 
3.693300 
3.693700 
3.695800 
3.695800 
3.700800 
3.702700 
3.702700 
3.704100 
3.708700 
3.710600 
3.711200 
3.713500 
3.714500 
3.717200 
3.720200 
3.720600 
3.724900 
3.726300 
3.726700 
3.727300 
3.729100 
3.731000 
3.731500 
3.735000 
3.739500 
3.740100 
3.740800 
3.741600 
3.741700 
3.741700 
3.741800 
3.742700 
3.744400 
3.745700 
3.747200 
3.749200 
3.749500 
3.751800 
3.753500 
3.753500 
3.756200 
3.757000 
3.758700 
3.759000 
3.760500 
3.763900 
3.764700 
3.765900 
3.766600 
3.768800 
3.772000 
3.774800 
3.774800 
3.777000 
3.778200 
3.778700 
3.780000 
3.780200 
3.780400 
3.782500 
3.783800 
3.783900 
3.784200 
3.791000 
3.792700 
3.793100 
3.793500 
3.795500 
3.796500 
3.797500 
3.797700 
3.797700 
3.798600 
3.799800 
3.805700 
3.806800 
3.809600 
3.811300 
3.812400 
3.813000 
3.815400 
3.815600 
3.816500 
3.817400 
3.818600 
3.820600 
3.821700 
3.825700 
3.826900 
3.829600 
3.829900 
3.831600 
3.832000 
3.833000 
3.834200 
3.834300 
3.835600 
3.837600 
3.838300 
3.841000 
3.841100 
3.843800 
3.844700 
3.845300 
3.847100 
3.847600 
3.849300 
3.851700 
3.852100 
3.852500 
3.853000 
3.853400 
3.855000 
3.861700 
3.863300 
3.866700 
3.868400 
3.868600 
3.868800 
3.869500 
3.870900 
3.874600 
3.874600 
3.874900 
3.881400 
3.882200 
3.884200 
3.886600 
3.887800 
3.888300 
3.889400 
3.890600 
3.891700 
3.891900 
3.894200 
3.895100 
3.896500 
3.898400 
3.898600 
3.899400 
3.899900 
3.903200 
3.903600 
3.906200 
3.908600 
3.910400 
3.911500 
3.912000 
3.914400 
3.914900 
3.919600 
3.924500 
3.925900 
3.927000 
3.928300 
3.931800 
3.933400 
3.933500 
3.934500 
3.934600 
3.934900 
3.934900 
3.938900 
3.942000 
3.942100 
3.942400 
3.947400 
3.949400 
3.952000 
3.952400 
3.952400 
3.955100 
3.955300 
3.955600 
3.956600 
3.958200 
3.959900 
3.961800 
3.962700 
3.963800 
3.964700 
3.967100 
3.969900 
3.970600 
3.970700 
3.972800 
3.973900 
3.974300 
3.979500 
3.981100 
3.985200 
3.985500 
3.985500 
3.987100 
3.987200 
3.987500 
3.990000 
3.991400 
3.992300 
3.992600 
3.993200 
3.993800 
3.994600 
3.994700 
3.996100 
3.999700 
