158 
59 
160 
170 
8 
30 
90 
59 
134 
67 
56 
173 
104 
126 
61 
156 
0 
22 
49 
105 
171 
110 
90 
62 
70 
102 
24 
50 
153 
55 
117 
123 
33 
94 
110 
125 
119 
151 
92 
17 
123 
142 
184 
180 
45 
32 
61 
68 
67 
31 
47 
123 
131 
116 
175 
50 
176 
122 
105 
10 
96 
185 
102 
94 
92 
84 
184 
72 
20 
113 
54 
95 
120 
65 
182 
42 
117 
179 
88 
36 
185 
161 
138 
110 
116 
178 
56 
50 
48 
133 
77 
171 
34 
29 
29 
7 
15 
18 
153 
81 
92 
128 
16 
122 
46 
55 
141 
30 
78 
62 
176 
31 
64 
108 
120 
115 
16 
58 
177 
155 
9 
49 
33 
90 
55 
63 
137 
108 
38 
109 
53 
105 
173 
123 
100 
76 
118 
38 
12 
183 
126 
182 
42 
181 
117 
92 
140 
178 
111 
50 
153 
187 
141 
144 
32 
7 
116 
27 
10 
51 
117 
53 
5 
28 
178 
4 
179 
52 
113 
110 
0 
88 
8 
6 
44 
1 
36 
161 
74 
156 
134 
32 
34 
100 
59 
135 
6 
149 
119 
159 
150 
112 
89 
161 
70 
171 
19 
148 
168 
117 
72 
52 
119 
135 
151 
31 
96 
0 
92 
143 
131 
10 
174 
36 
104 
90 
125 
141 
68 
152 
139 
163 
160 
52 
120 
70 
79 
48 
151 
152 
39 
8 
76 
164 
137 
59 
93 
186 
155 
133 
12 
151 
148 
88 
89 
12 
55 
166 
45 
94 
130 
179 
6 
40 
9 
149 
130 
112 
83 
128 
60 
76 
24 
135 
186 
84 
182 
59 
98 
3 
93 
82 
171 
187 
41 
157 
133 
168 
81 
163 
113 
121 
29 
172 
69 
147 
100 
122 
52 
92 
12 
55 
124 
34 
60 
125 
63 
164 
182 
31 
50 
52 
99 
154 
6 
79 
137 
149 
132 
136 
165 
17 
21 
52 
172 
108 
177 
2 
28 
169 
122 
81 
97 
76 
78 
34 
64 
27 
11 
121 
45 
138 
63 
36 
42 
111 
20 
89 
125 
122 
42 
167 
129 
158 
127 
55 
116 
14 
173 
187 
58 
126 
36 
153 
82 
53 
171 
79 
173 
64 
132 
176 
13 
75 
118 
160 
137 
141 
177 
79 
100 
12 
15 
90 
31 
20 
46 
165 
59 
29 
152 
161 
68 
4 
116 
77 
174 
170 
50 
65 
49 
113 
95 
28 
153 
103 
105 
106 
68 
36 
94 
124 
62 
187 
89 
27 
4 
113 
46 
91 
94 
42 
108 
161 
97 
111 
130 
167 
112 
3 
11 
86 
90 
67 
181 
60 
62 
150 
40 
6 
57 
109 
108 
99 
23 
118 
127 
110 
8 
0 
55 
27 
5 
51 
28 
124 
122 
119 
95 
147 
33 
71 
87 
86 
152 
110 
9 
166 
43 
54 
108 
0 
135 
50 
92 
10 
11 
89 
98 
166 
183 
107 
133 
49 
81 
179 
118 
32 
57 
79 
113 
55 
66 
107 
169 
33 
176 
152 
131 
60 
154 
111 
42 
114 
151 
107 
153 
147 
167 
7 
24 
175 
64 
146 
88 
3 
89 
173 
68 
44 
70 
138 
41 
171 
163 
53 
17 
135 
59 
179 
58 
131 
76 
140 
83 
95 
146 
36 
96 
142 
82 
27 
117 
100 
52 
92 
122 
60 
129 
94 
43 
49 
116 
141 
47 
147 
164 
70 
97 
45 
21 
38 
167 
136 
170 
81 
99 
1 
132 
86 
181 
114 
155 
34 
15 
89 
183 
106 
82 
30 
137 
113 
111 
110 
5 
123 
66 
13 
100 
74 
176 
21 
17 
39 
184 
146 
65 
103 
165 
163 
171 
78 
147 
89 
180 
75 
44 
58 
114 
177 
185 
143 
71 
110 
164 
157 
41 
5 
57 
28 
16 
150 
128 
64 
124 
159 
6 
26 
99 
97 
141 
149 
94 
108 
49 
101 
181 
129 
180 
169 
23 
132 
15 
36 
43 
2 
76 
167 
136 
134 
29 
31 
152 
62 
74 
171 
77 
113 
41 
185 
114 
130 
34 
140 
64 
25 
52 
33 
56 
82 
176 
38 
29 
23 
61 
18 
158 
37 
178 
15 
83 
124 
157 
170 
109 
102 
68 
120 
106 
174 
34 
58 
181 
28 
36 
125 
35 
42 
49 
152 
151 
119 
48 
17 
40 
46 
43 
59 
45 
156 
19 
88 
89 
133 
92 
180 
6 
118 
179 
17 
94 
54 
76 
99 
125 
66 
25 
114 
30 
51 
78 
102 
173 
7 
109 
152 
184 
101 
121 
28 
95 
56 
22 
137 
68 
73 
108 
97 
90 
75 
140 
168 
163 
122 
13 
116 
130 
65 
30 
59 
43 
181 
2 
27 
60 
126 
64 
119 
129 
20 
10 
29 
39 
179 
12 
132 
160 
82 
70 
22 
74 
95 
140 
44 
91 
4 
53 
155 
100 
46 
52 
73 
130 
156 
85 
51 
42 
60 
138 
180 
0 
170 
103 
111 
115 
169 
19 
68 
97 
6 
135 
118 
99 
43 
29 
52 
45 
28 
22 
139 
78 
66 
161 
181 
24 
58 
143 
75 
145 
25 
124 
59 
13 
40 
96 
187 
55 
79 
166 
152 
39 
146 
76 
106 
148 
35 
68 
173 
183 
151 
150 
155 
139 
186 
69 
61 
162 
57 
185 
1 
30 
169 
125 
76 
165 
94 
73 
18 
39 
2 
176 
178 
95 
180 
12 
5 
156 
120 
36 
7 
85 
25 
89 
102 
57 
75 
38 
19 
161 
124 
101 
152 
79 
49 
151 
45 
113 
1 
168 
153 
166 
4 
97 
89 
75 
160 
134 
5 
6 
133 
32 
155 
53 
147 
125 
59 
93 
143 
177 
29 
37 
82 
85 
26 
98 
6 
50 
116 
80 
43 
174 
88 
123 
132 
30 
22 
41 
115 
118 
129 
52 
18 
114 
103 
10 
27 
2 
148 
181 
19 
178 
17 
98 
134 
133 
168 
60 
45 
125 
158 
50 
65 
83 
169 
71 
12 
80 
4 
53 
62 
149 
109 
163 
105 
160 
14 
182 
25 
0 
28 
175 
69 
44 
99 
121 
59 
21 
41 
96 
132 
86 
114 
43 
161 
159 
39 
34 
173 
108 
112 
171 
20 
125 
26 
128 
35 
84 
167 
142 
92 
141 
111 
65 
7 
113 
120 
169 
180 
121 
58 
72 
31 
24 
181 
10 
52 
165 
56 
28 
170 
91 
137 
87 
81 
164 
169 
99 
125 
131 
71 
132 
135 
77 
51 
85 
8 
175 
25 
22 
37 
68 
34 
108 
124 
75 
138 
78 
38 
176 
114 
185 
17 
95 
36 
128 
15 
79 
51 
169 
94 
19 
156 
32 
25 
81 
150 
142 
103 
88 
123 
170 
110 
86 
139 
146 
164 
22 
87 
124 
76 
121 
41 
72 
174 
46 
77 
180 
74 
9 
149 
16 
152 
36 
91 
116 
15 
67 
119 
137 
68 
156 
6 
98 
39 
55 
10 
95 
45 
143 
43 
24 
74 
27 
171 
35 
179 
147 
133 
136 
128 
38 
52 
84 
176 
1 
184 
40 
21 
119 
18 
71 
173 
4 
127 
186 
41 
137 
5 
11 
0 
36 
140 
157 
77 
103 
155 
149 
91 
86 
146 
76 
142 
31 
51 
118 
164 
110 
48 
173 
69 
144 
115 
182 
22 
57 
10 
20 
9 
120 
58 
87 
139 
180 
5 
101 
93 
154 
170 
108 
1 
183 
79 
100 
89 
114 
99 
134 
111 
53 
150 
29 
10 
94 
40 
63 
43 
82 
110 
145 
59 
77 
70 
79 
130 
93 
183 
69 
90 
167 
158 
52 
185 
137 
138 
50 
57 
91 
75 
178 
30 
18 
82 
123 
150 
66 
22 
149 
94 
80 
17 
165 
182 
132 
3 
26 
15 
39 
43 
20 
175 
84 
16 
110 
145 
48 
54 
32 
140 
105 
169 
172 
143 
34 
61 
167 
4 
120 
1 
69 
18 
147 
46 
160 
185 
90 
103 
79 
30 
59 
126 
65 
138 
53 
87 
159 
121 
27 
149 
158 
0 
40 
12 
66 
78 
186 
152 
60 
156 
130 
20 
148 
31 
41 
55 
128 
8 
53 
57 
45 
103 
104 
62 
121 
96 
7 
84 
89 
153 
93 
119 
150 
15 
167 
27 
64 
63 
106 
101 
58 
52 
33 
75 
83 
177 
21 
39 
77 
28 
159 
128 
87 
41 
152 
163 
56 
144 
102 
179 
167 
171 
160 
98 
143 
23 
91 
63 
59 
52 
6 
137 
58 
17 
62 
129 
73 
65 
72 
44 
118 
85 
46 
165 
133 
132 
139 
105 
176 
5 
184 
87 
114 
99 
121 
97 
54 
16 
10 
83 
29 
52 
112 
51 
27 
43 
181 
174 
13 
86 
111 
143 
165 
18 
12 
49 
170 
126 
142 
72 
105 
108 
147 
124 
154 
134 
80 
62 
52 
42 
92 
155 
115 
28 
74 
27 
89 
50 
77 
123 
21 
130 
135 
64 
183 
150 
176 
29 
19 
2 
121 
145 
180 
18 
31 
107 
56 
67 
143 
185 
35 
10 
168 
48 
9 
175 
25 
82 
178 
187 
108 
110 
112 
6 
139 
69 
32 
109 
100 
36 
65 
39 
120 
23 
50 
48 
43 
62 
70 
45 
133 
122 
114 
73 
77 
28 
140 
57 
131 
157 
103 
4 
139 
24 
98 
64 
97 
125 
78 
75 
132 
155 
42 
128 
72 
123 
147 
164 
93 
134 
52 
88 
142 
146 
45 
51 
185 
152 
94 
151 
122 
106 
129 
153 
18 
175 
120 
165 
37 
104 
90 
138 
36 
121 
135 
18 
42 
48 
99 
61 
89 
178 
160 
12 
132 
5 
87 
14 
10 
182 
123 
35 
171 
136 
174 
144 
184 
20 
52 
95 
108 
43 
118 
133 
55 
57 
49 
114 
79 
126 
116 
158 
6 
131 
159 
64 
65 
56 
110 
34 
165 
105 
75 
112 
148 
1 
171 
157 
33 
0 
69 
10 
134 
47 
20 
45 
154 
23 
16 
177 
173 
28 
178 
40 
149 
182 
3 
183 
94 
95 
15 
18 
135 
34 
49 
151 
46 
2 
43 
26 
80 
9 
156 
166 
67 
8 
98 
7 
186 
79 
183 
17 
14 
150 
85 
116 
12 
31 
132 
92 
131 
37 
168 
147 
39 
134 
81 
59 
60 
45 
102 
109 
157 
25 
65 
64 
153 
103 
61 
152 
33 
174 
50 
44 
144 
173 
179 
129 
83 
3 
5 
68 
24 
8 
121 
85 
53 
63 
81 
182 
43 
102 
175 
75 
106 
87 
25 
177 
70 
23 
4 
115 
109 
6 
48 
88 
159 
28 
52 
99 
62 
105 
150 
120 
96 
144 
12 
22 
8 
165 
122 
185 
142 
151 
7 
119 
183 
138 
181 
133 
127 
113 
81 
83 
87 
177 
94 
89 
6 
18 
132 
63 
101 
108 
128 
106 
136 
40 
170 
67 
71 
96 
135 
0 
182 
140 
138 
111 
51 
95 
89 
79 
91 
98 
137 
181 
115 
23 
151 
102 
94 
161 
87 
141 
160 
145 
143 
82 
12 
177 
146 
84 
166 
31 
138 
27 
62 
184 
125 
163 
130 
144 
89 
101 
103 
136 
20 
56 
93 
185 
90 
114 
73 
158 
160 
18 
154 
80 
69 
140 
97 
142 
157 
120 
153 
42 
112 
74 
36 
84 
117 
126 
11 
187 
178 
181 
165 
55 
43 
119 
75 
8 
164 
163 
129 
118 
76 
88 
14 
65 
105 
123 
139 
135 
179 
186 
54 
134 
79 
176 
30 
108 
0 
19 
22 
143 
63 
28 
1 
145 
47 
96 
112 
42 
92 
125 
78 
40 
82 
80 
138 
5 
50 
93 
56 
184 
25 
15 
140 
120 
153 
90 
103 
30 
0 
169 
18 
87 
105 
4 
139 
97 
54 
75 
155 
32 
2 
28 
152 
182 
177 
59 
113 
186 
15 
86 
154 
185 
51 
85 
164 
157 
100 
146 
150 
5 
80 
130 
135 
7 
37 
77 
52 
120 
180 
175 
118 
119 
16 
20 
147 
82 
89 
128 
163 
34 
134 
156 
74 
112 
94 
87 
170 
60 
183 
53 
185 
92 
68 
176 
11 
47 
115 
81 
13 
97 
39 
5 
147 
113 
32 
88 
120 
124 
171 
118 
95 
141 
43 
12 
71 
136 
25 
33 
50 
56 
137 
66 
79 
86 
142 
44 
52 
166 
164 
174 
9 
170 
130 
106 
16 
112 
177 
62 
80 
91 
47 
77 
0 
108 
163 
55 
185 
87 
94 
149 
27 
89 
172 
39 
102 
127 
90 
88 
53 
142 
3 
48 
162 
131 
186 
19 
52 
51 
159 
34 
70 
42 
55 
95 
35 
141 
136 
33 
96 
87 
150 
13 
176 
126 
170 
127 
43 
60 
104 
5 
61 
175 
158 
78 
155 
23 
113 
18 
91 
147 
112 
169 
67 
165 
84 
140 
120 
28 
50 
185 
8 
38 
57 
138 
49 
51 
53 
156 
36 
129 
137 
172 
3 
150 
151 
108 
97 
179 
59 
111 
86 
11 
88 
61 
10 
31 
89 
162 
30 
115 
93 
90 
139 
119 
72 
134 
71 
50 
140 
157 
85 
102 
135 
150 
176 
48 
120 
42 
32 
164 
62 
155 
46 
170 
88 
16 
5 
49 
3 
112 
129 
85 
25 
151 
36 
115 
118 
21 
26 
107 
13 
167 
69 
168 
150 
179 
160 
185 
136 
153 
33 
75 
95 
171 
70 
103 
187 
16 
165 
64 
91 
15 
54 
132 
105 
174 
146 
89 
154 
82 
55 
128 
98 
28 
34 
81 
8 
153 
90 
99 
71 
95 
112 
0 
85 
72 
75 
130 
45 
124 
144 
86 
94 
65 
92 
183 
12 
93 
50 
59 
79 
74 
19 
149 
29 
13 
36 
26 
105 
83 
171 
30 
39 
18 
186 
122 
117 
94 
43 
184 
181 
174 
17 
6 
73 
98 
38 
91 
1 
134 
142 
57 
24 
104 
137 
129 
146 
3 
173 
179 
180 
86 
182 
20 
144 
130 
105 
77 
122 
113 
9 
127 
67 
60 
22 
126 
50 
109 
63 
29 
131 
100 
62 
174 
16 
160 
81 
32 
88 
153 
172 
176 
186 
38 
110 
5 
140 
14 
57 
166 
55 
18 
130 
60 
21 
71 
97 
91 
139 
27 
145 
69 
103 
178 
164 
75 
169 
63 
84 
114 
42 
49 
138 
120 
136 
121 
20 
177 
125 
70 
170 
88 
39 
57 
61 
25 
165 
180 
94 
154 
100 
104 
134 
16 
59 
71 
119 
89 
171 
142 
97 
178 
82 
160 
56 
43 
185 
13 
12 
184 
111 
31 
130 
179 
134 
87 
5 
99 
65 
48 
77 
36 
133 
12 
115 
121 
91 
30 
3 
76 
92 
144 
162 
186 
117 
174 
177 
167 
64 
93 
160 
104 
157 
89 
16 
168 
20 
15 
84 
43 
51 
118 
99 
164 
46 
42 
139 
116 
127 
175 
170 
129 
82 
107 
6 
26 
143 
25 
176 
70 
106 
29 
89 
91 
117 
98 
165 
156 
71 
90 
49 
101 
4 
68 
116 
184 
105 
132 
66 
39 
15 
107 
87 
2 
1 
28 
48 
13 
126 
150 
31 
114 
52 
104 
143 
178 
185 
41 
165 
128 
55 
29 
74 
35 
142 
49 
62 
80 
152 
146 
160 
37 
76 
168 
167 
12 
158 
56 
155 
30 
69 
163 
22 
104 
3 
112 
17 
171 
86 
27 
53 
9 
139 
154 
13 
133 
144 
23 
102 
68 
26 
39 
46 
184 
76 
88 
36 
19 
131 
179 
165 
181 
25 
132 
172 
126 
34 
21 
101 
2 
109 
82 
104 
13 
174 
28 
186 
96 
97 
158 
56 
145 
74 
4 
119 
169 
99 
139 
14 
128 
12 
132 
25 
80 
62 
144 
48 
113 
9 
13 
177 
8 
133 
114 
51 
110 
127 
42 
71 
117 
6 
146 
59 
134 
156 
115 
44 
147 
107 
50 
0 
45 
74 
159 
38 
131 
104 
13 
52 
36 
164 
8 
160 
24 
139 
161 
143 
18 
127 
53 
119 
91 
29 
99 
142 
3 
17 
62 
25 
26 
81 
35 
162 
129 
108 
141 
2 
185 
145 
122 
55 
60 
168 
104 
49 
101 
43 
137 
152 
117 
18 
9 
110 
56 
156 
186 
111 
84 
11 
7 
50 
133 
158 
168 
159 
167 
40 
39 
181 
115 
32 
76 
187 
45 
42 
80 
170 
116 
107 
156 
112 
48 
73 
94 
132 
179 
108 
34 
15 
187 
88 
18 
130 
23 
82 
174 
147 
134 
98 
143 
103 
149 
186 
151 
7 
126 
25 
53 
169 
163 
141 
8 
173 
148 
144 
52 
57 
135 
74 
118 
115 
154 
11 
65 
9 
27 
81 
150 
13 
16 
72 
161 
91 
181 
167 
94 
30 
55 
63 
70 
131 
73 
17 
106 
80 
35 
89 
171 
14 
166 
169 
50 
148 
175 
77 
115 
82 
143 
176 
141 
41 
64 
124 
144 
100 
130 
181 
52 
142 
25 
101 
79 
10 
11 
13 
73 
177 
139 
147 
59 
94 
38 
87 
49 
4 
15 
132 
106 
8 
66 
99 
24 
65 
107 
154 
7 
118 
61 
44 
57 
52 
22 
62 
97 
26 
116 
176 
6 
84 
20 
54 
152 
31 
18 
19 
69 
164 
49 
36 
96 
5 
92 
48 
119 
47 
101 
83 
25 
23 
150 
126 
79 
7 
50 
73 
40 
72 
173 
110 
169 
9 
92 
140 
182 
71 
84 
96 
18 
82 
4 
39 
0 
19 
46 
34 
142 
27 
95 
87 
176 
149 
68 
120 
159 
112 
143 
7 
65 
165 
170 
89 
13 
148 
137 
30 
49 
56 
42 
23 
109 
86 
1 
66 
150 
186 
141 
36 
52 
58 
45 
48 
104 
31 
169 
125 
68 
0 
12 
147 
62 
100 
117 
121 
103 
20 
108 
24 
151 
112 
98 
43 
90 
157 
56 
131 
85 
54 
180 
29 
133 
136 
164 
113 
138 
182 
1 
52 
142 
33 
125 
127 
19 
90 
27 
18 
89 
153 
53 
184 
50 
119 
164 
173 
187 
58 
39 
121 
114 
105 
140 
130 
29 
46 
45 
138 
166 
82 
118 
9 
104 
155 
64 
85 
74 
98 
8 
27 
100 
60 
51 
19 
180 
120 
148 
55 
158 
143 
91 
166 
109 
129 
167 
116 
153 
37 
96 
176 
154 
95 
139 
26 
88 
29 
65 
128 
150 
59 
140 
36 
105 
119 
130 
141 
115 
155 
3 
41 
172 
70 
78 
143 
76 
68 
34 
79 
161 
171 
43 
113 
16 
186 
9 
91 
107 
28 
5 
50 
131 
126 
7 
97 
110 
177 
10 
173 
48 
6 
93 
125 
95 
118 
99 
60 
121 
165 
12 
129 
77 
138 
17 
20 
90 
15 
124 
76 
25 
3 
89 
67 
29 
51 
167 
7 
137 
0 
50 
91 
117 
133 
143 
186 
155 
183 
147 
16 
115 
70 
15 
73 
21 
3 
142 
84 
144 
178 
156 
71 
53 
1 
106 
65 
92 
152 
46 
34 
67 
27 
10 
134 
141 
76 
68 
42 
122 
178 
73 
165 
0 
41 
30 
99 
176 
95 
58 
161 
113 
51 
81 
29 
13 
94 
160 
74 
25 
67 
63 
37 
24 
85 
3 
40 
22 
105 
86 
112 
42 
157 
57 
76 
72 
104 
101 
163 
121 
145 
56 
14 
144 
18 
38 
33 
62 
178 
2 
17 
15 
95 
138 
19 
183 
83 
28 
181 
167 
113 
147 
164 
66 
154 
177 
47 
146 
176 
60 
160 
93 
36 
107 
87 
109 
132 
30 
115 
110 
49 
123 
86 
25 
136 
137 
140 
15 
118 
90 
53 
173 
37 
55 
58 
108 
24 
88 
65 
150 
172 
184 
142 
99 
153 
41 
104 
92 
124 
94 
17 
100 
70 
187 
154 
82 
36 
56 
59 
171 
109 
71 
1 
178 
78 
5 
26 
160 
61 
76 
18 
37 
147 
180 
29 
48 
107 
91 
51 
133 
9 
120 
184 
99 
62 
38 
174 
106 
39 
103 
70 
153 
108 
109 
186 
79 
2 
27 
165 
88 
98 
53 
94 
119 
138 
33 
154 
68 
171 
123 
125 
103 
75 
117 
144 
89 
122 
95 
183 
160 
113 
118 
185 
51 
153 
168 
55 
174 
93 
178 
184 
87 
146 
108 
56 
16 
45 
126 
110 
103 
76 
111 
100 
29 
42 
25 
88 
22 
128 
27 
7 
36 
114 
134 
6 
24 
12 
62 
18 
78 
131 
139 
112 
17 
161 
70 
1 
180 
56 
122 
28 
182 
136 
74 
123 
108 
57 
97 
159 
58 
78 
47 
2 
69 
68 
67 
55 
125 
40 
178 
163 
18 
154 
160 
87 
43 
90 
167 
88 
142 
126 
59 
99 
1 
66 
45 
49 
148 
15 
153 
93 
114 
37 
136 
64 
2 
176 
72 
146 
138 
186 
17 
46 
154 
14 
38 
117 
148 
140 
137 
116 
62 
59 
61 
130 
11 
134 
155 
35 
143 
123 
57 
36 
129 
31 
84 
15 
29 
106 
10 
92 
71 
20 
81 
78 
85 
105 
132 
153 
18 
80 
183 
43 
39 
87 
89 
67 
94 
148 
121 
8 
28 
69 
61 
170 
74 
159 
90 
186 
144 
75 
36 
176 
73 
187 
167 
41 
6 
146 
26 
153 
92 
62 
130 
52 
12 
97 
5 
69 
61 
149 
54 
64 
147 
174 
32 
115 
148 
33 
30 
65 
185 
136 
15 
6 
76 
179 
77 
123 
16 
19 
131 
68 
112 
69 
95 
109 
94 
117 
103 
39 
80 
115 
183 
105 
49 
157 
26 
47 
14 
11 
60 
181 
1 
93 
175 
141 
57 
186 
147 
99 
102 
136 
24 
42 
52 
138 
125 
86 
3 
84 
79 
143 
176 
28 
85 
98 
171 
21 
13 
61 
69 
110 
100 
178 
80 
142 
173 
117 
25 
157 
186 
159 
120 
166 
89 
38 
39 
107 
114 
184 
76 
103 
152 
74 
93 
47 
52 
99 
119 
177 
12 
42 
14 
29 
146 
1 
84 
100 
37 
54 
22 
58 
162 
157 
120 
104 
25 
26 
33 
41 
62 
153 
74 
154 
174 
186 
43 
148 
23 
137 
94 
91 
38 
112 
181 
173 
1 
162 
19 
20 
84 
56 
158 
147 
184 
2 
110 
63 
66 
46 
86 
47 
77 
31 
179 
79 
129 
8 
124 
102 
10 
48 
178 
5 
70 
145 
64 
73 
104 
13 
96 
33 
18 
111 
21 
89 
160 
107 
65 
170 
46 
154 
165 
3 
25 
69 
11 
28 
103 
153 
140 
93 
72 
150 
27 
119 
118 
76 
130 
30 
22 
84 
6 
115 
63 
78 
146 
37 
104 
12 
162 
60 
144 
52 
85 
116 
127 
65 
143 
157 
87 
2 
48 
161 
71 
11 
68 
34 
125 
132 
108 
131 
176 
152 
88 
94 
22 
33 
183 
182 
70 
161 
12 
26 
99 
130 
7 
41 
62 
166 
87 
105 
147 
53 
180 
137 
110 
89 
36 
163 
122 
14 
140 
79 
98 
143 
21 
151 
149 
178 
155 
156 
74 
40 
139 
28 
116 
118 
56 
153 
11 
146 
92 
67 
65 
172 
2 
161 
184 
37 
111 
7 
144 
150 
77 
43 
145 
162 
42 
40 
119 
94 
97 
148 
85 
93 
112 
114 
87 
187 
96 
56 
72 
30 
124 
140 
115 
2 
79 
160 
147 
62 
29 
67 
15 
21 
70 
35 
186 
101 
145 
170 
100 
75 
99 
52 
165 
68 
137 
50 
176 
28 
59 
102 
139 
127 
80 
48 
64 
82 
131 
130 
16 
21 
51 
168 
95 
141 
88 
106 
120 
175 
185 
165 
91 
81 
167 
115 
7 
159 
182 
155 
97 
161 
102 
128 
101 
149 
49 
150 
62 
47 
75 
64 
169 
113 
93 
119 
108 
48 
187 
156 
28 
19 
184 
4 
77 
98 
141 
105 
67 
12 
94 
46 
164 
183 
38 
171 
30 
25 
6 
97 
158 
53 
120 
7 
70 
166 
149 
56 
146 
35 
153 
52 
147 
135 
40 
101 
124 
106 
143 
81 
134 
102 
177 
33 
71 
181 
10 
55 
156 
183 
26 
186 
149 
28 
2 
70 
50 
40 
99 
103 
62 
84 
23 
69 
24 
107 
165 
33 
45 
100 
3 
166 
112 
37 
121 
132 
91 
145 
146 
11 
61 
155 
150 
168 
73 
125 
27 
169 
74 
86 
89 
133 
153 
114 
147 
134 
37 
85 
55 
79 
139 
152 
100 
181 
48 
87 
51 
176 
118 
143 
163 
17 
154 
109 
131 
164 
135 
57 
45 
63 
66 
165 
20 
107 
22 
171 
74 
8 
47 
151 
134 
174 
67 
52 
140 
173 
70 
56 
78 
178 
106 
64 
19 
100 
73 
72 
132 
31 
185 
84 
151 
116 
91 
180 
156 
42 
182 
11 
121 
35 
107 
105 
166 
32 
160 
108 
168 
92 
40 
124 
33 
183 
184 
175 
181 
27 
15 
140 
65 
67 
70 
139 
61 
57 
121 
29 
164 
133 
147 
149 
7 
126 
131 
141 
14 
145 
100 
182 
73 
120 
33 
38 
90 
99 
150 
94 
122 
36 
166 
50 
165 
28 
110 
176 
34 
140 
6 
26 
127 
59 
13 
71 
154 
174 
37 
143 
180 
17 
27 
142 
72 
181 
157 
182 
114 
146 
55 
58 
7 
21 
70 
117 
160 
138 
23 
100 
147 
0 
170 
35 
125 
77 
102 
176 
137 
57 
44 
83 
81 
18 
4 
156 
120 
24 
161 
158 
75 
34 
110 
46 
127 
111 
97 
130 
51 
21 
67 
26 
43 
169 
17 
116 
142 
47 
154 
102 
0 
140 
53 
104 
121 
58 
153 
95 
185 
93 
92 
96 
75 
89 
179 
158 
143 
172 
28 
159 
152 
173 
71 
36 
136 
62 
31 
178 
50 
22 
113 
76 
129 
7 
140 
100 
167 
12 
108 
8 
160 
162 
120 
156 
181 
38 
55 
61 
116 
102 
99 
132 
26 
106 
109 
19 
97 
142 
174 
64 
3 
124 
141 
72 
166 
9 
73 
145 
46 
66 
70 
110 
144 
14 
60 
171 
178 
118 
76 
150 
28 
55 
69 
20 
80 
137 
176 
50 
23 
81 
74 
100 
115 
2 
63 
131 
45 
108 
25 
94 
156 
84 
148 
109 
175 
73 
185 
48 
166 
60 
90 
114 
101 
40 
51 
122 
105 
56 
4 
23 
143 
99 
117 
184 
44 
121 
69 
152 
3 
110 
32 
76 
1 
80 
142 
161 
144 
83 
29 
157 
122 
53 
47 
112 
136 
20 
94 
73 
5 
16 
180 
31 
2 
74 
65 
176 
118 
55 
30 
41 
108 
133 
177 
91 
92 
7 
95 
105 
114 
130 
169 
42 
66 
98 
150 
185 
77 
144 
172 
89 
93 
171 
38 
136 
102 
58 
51 
135 
168 
49 
141 
110 
44 
36 
85 
27 
174 
146 
56 
164 
32 
47 
84 
155 
5 
180 
125 
129 
148 
109 
115 
117 
0 
162 
147 
168 
44 
140 
45 
16 
47 
26 
113 
100 
59 
145 
130 
120 
99 
65 
69 
174 
181 
73 
132 
55 
137 
95 
156 
157 
153 
35 
136 
101 
151 
115 
175 
118 
149 
105 
25 
170 
17 
104 
133 
12 
72 
181 
135 
148 
97 
144 
58 
7 
163 
98 
161 
74 
109 
127 
6 
11 
46 
8 
76 
184 
29 
114 
94 
186 
31 
13 
177 
128 
28 
15 
145 
118 
92 
65 
5 
112 
57 
172 
82 
77 
36 
149 
111 
142 
72 
89 
103 
185 
32 
160 
63 
24 
7 
27 
34 
135 
54 
10 
123 
64 
117 
145 
97 
30 
21 
19 
79 
17 
3 
150 
100 
75 
66 
77 
148 
151 
90 
131 
73 
182 
146 
137 
115 
95 
130 
116 
156 
40 
134 
11 
2 
43 
10 
119 
28 
81 
139 
140 
27 
37 
187 
70 
164 
165 
148 
118 
91 
124 
6 
29 
171 
60 
80 
85 
179 
97 
166 
153 
40 
116 
64 
7 
48 
159 
126 
52 
55 
19 
51 
49 
4 
43 
77 
134 
181 
82 
92 
13 
10 
36 
58 
162 
128 
122 
170 
54 
84 
66 
16 
69 
185 
101 
62 
1 
73 
97 
3 
123 
139 
129 
85 
105 
171 
53 
95 
144 
153 
59 
143 
110 
131 
127 
150 
149 
12 
28 
64 
103 
178 
61 
136 
121 
57 
174 
147 
92 
43 
45 
96 
179 
98 
102 
40 
14 
22 
75 
72 
140 
154 
68 
135 
137 
65 
54 
0 
129 
101 
153 
29 
78 
77 
27 
39 
84 
182 
120 
159 
35 
108 
151 
121 
99 
10 
16 
57 
80 
176 
1 
51 
146 
175 
104 
105 
15 
125 
160 
8 
150 
110 
94 
114 
37 
28 
98 
9 
64 
124 
65 
178 
99 
55 
0 
77 
12 
134 
16 
22 
184 
118 
180 
58 
126 
74 
13 
66 
14 
68 
89 
149 
137 
183 
67 
25 
105 
49 
109 
120 
83 
39 
140 
69 
90 
145 
56 
113 
37 
157 
19 
70 
146 
110 
115 
117 
45 
36 
80 
38 
106 
151 
125 
127 
134 
149 
82 
95 
62 
111 
68 
88 
135 
66 
150 
35 
9 
103 
94 
58 
114 
16 
2 
19 
147 
0 
151 
81 
41 
91 
184 
4 
149 
3 
180 
186 
5 
116 
74 
163 
54 
106 
22 
155 
165 
23 
70 
56 
68 
73 
147 
10 
75 
37 
160 
108 
30 
41 
96 
7 
171 
164 
115 
101 
20 
123 
124 
36 
67 
176 
8 
154 
66 
74 
93 
51 
117 
77 
82 
25 
121 
102 
84 
118 
64 
85 
18 
147 
15 
63 
127 
167 
166 
172 
32 
31 
122 
185 
160 
72 
54 
9 
73 
42 
92 
103 
71 
100 
77 
169 
145 
114 
94 
144 
52 
150 
101 
95 
130 
136 
18 
88 
134 
57 
87 
50 
186 
7 
21 
92 
73 
106 
160 
14 
64 
30 
153 
12 
97 
177 
33 
77 
183 
16 
17 
140 
122 
48 
52 
79 
162 
159 
94 
118 
109 
119 
91 
155 
127 
149 
164 
69 
93 
82 
179 
46 
105 
104 
172 
65 
165 
50 
51 
183 
24 
137 
78 
166 
140 
42 
154 
10 
1 
58 
21 
43 
125 
29 
146 
187 
145 
150 
45 
115 
70 
27 
167 
162 
75 
184 
88 
95 
90 
138 
144 
123 
2 
176 
31 
37 
121 
170 
78 
51 
186 
22 
137 
7 
59 
94 
5 
30 
151 
6 
91 
155 
120 
101 
129 
125 
69 
99 
156 
180 
149 
182 
65 
159 
145 
81 
66 
148 
42 
9 
98 
130 
185 
27 
4 
95 
143 
19 
56 
6 
133 
71 
123 
13 
67 
77 
97 
70 
101 
96 
21 
113 
33 
131 
44 
119 
94 
55 
59 
48 
65 
57 
20 
115 
53 
159 
141 
7 
127 
89 
99 
114 
125 
128 
134 
154 
93 
156 
17 
126 
174 
49 
87 
46 
139 
64 
177 
47 
69 
168 
11 
183 
2 
122 
76 
105 
187 
117 
123 
184 
155 
41 
0 
39 
90 
6 
84 
53 
78 
81 
79 
165 
49 
132 
116 
164 
180 
173 
85 
80 
40 
106 
66 
48 
122 
4 
76 
163 
103 
15 
65 
51 
52 
147 
58 
5 
141 
148 
28 
64 
22 
173 
18 
92 
102 
82 
179 
172 
176 
177 
91 
181 
112 
121 
68 
120 
93 
162 
29 
2 
103 
45 
66 
135 
8 
154 
83 
146 
111 
123 
172 
165 
110 
40 
93 
9 
118 
148 
44 
99 
149 
127 
38 
51 
183 
144 
158 
142 
53 
42 
37 
107 
39 
79 
145 
171 
78 
47 
128 
185 
87 
133 
97 
110 
157 
172 
122 
49 
182 
6 
69 
102 
132 
163 
73 
61 
143 
146 
114 
24 
57 
83 
116 
186 
20 
106 
34 
103 
52 
94 
159 
45 
59 
130 
4 
162 
139 
144 
99 
131 
16 
164 
87 
54 
181 
41 
9 
183 
79 
69 
17 
42 
111 
19 
43 
137 
18 
65 
68 
40 
151 
30 
95 
97 
82 
129 
166 
108 
140 
174 
182 
168 
107 
153 
75 
172 
173 
14 
157 
45 
86 
12 
139 
23 
133 
53 
87 
119 
169 
138 
167 
161 
44 
84 
89 
49 
71 
24 
140 
36 
94 
64 
16 
154 
186 
93 
178 
130 
147 
21 
183 
46 
143 
116 
51 
76 
80 
141 
58 
122 
149 
55 
14 
185 
13 
28 
98 
144 
104 
29 
71 
119 
136 
10 
50 
150 
152 
37 
165 
18 
12 
92 
2 
59 
83 
81 
23 
109 
97 
121 
112 
178 
86 
77 
57 
63 
46 
13 
117 
75 
145 
22 
79 
30 
58 
114 
138 
95 
15 
40 
112 
94 
64 
17 
12 
153 
18 
50 
165 
80 
183 
3 
97 
60 
6 
38 
54 
63 
43 
104 
135 
93 
90 
180 
140 
29 
34 
8 
45 
98 
28 
84 
187 
145 
164 
44 
50 
115 
81 
159 
19 
89 
172 
127 
83 
82 
163 
18 
178 
24 
106 
91 
136 
102 
107 
65 
5 
180 
53 
43 
35 
120 
112 
68 
122 
57 
170 
116 
179 
82 
118 
88 
50 
146 
166 
16 
52 
84 
73 
151 
80 
33 
169 
75 
39 
36 
153 
30 
105 
161 
24 
103 
137 
178 
40 
3 
31 
67 
147 
168 
169 
38 
79 
182 
167 
95 
37 
77 
81 
70 
47 
156 
101 
183 
71 
153 
123 
41 
99 
172 
40 
92 
150 
52 
80 
110 
155 
26 
29 
118 
17 
43 
2 
113 
141 
187 
45 
11 
38 
64 
50 
109 
94 
47 
157 
14 
67 
3 
28 
132 
186 
153 
23 
75 
54 
32 
74 
182 
108 
140 
164 
93 
64 
119 
181 
35 
139 
147 
124 
146 
33 
7 
79 
175 
63 
162 
44 
1 
22 
4 
176 
39 
171 
154 
153 
141 
59 
110 
118 
127 
11 
159 
16 
75 
186 
50 
30 
73 
77 
180 
96 
48 
117 
161 
153 
62 
36 
37 
101 
162 
87 
102 
41 
167 
118 
86 
129 
114 
139 
24 
170 
43 
35 
183 
172 
23 
119 
28 
30 
66 
49 
133 
76 
160 
21 
70 
149 
31 
146 
159 
71 
98 
37 
72 
89 
165 
169 
164 
171 
182 
103 
0 
151 
52 
129 
38 
81 
126 
153 
163 
118 
140 
74 
142 
23 
150 
61 
91 
64 
48 
4 
127 
95 
176 
130 
73 
182 
0 
36 
78 
34 
84 
43 
156 
167 
65 
145 
180 
58 
67 
29 
121 
62 
25 
135 
33 
105 
89 
9 
140 
47 
168 
75 
45 
90 
164 
17 
139 
99 
114 
72 
109 
159 
79 
124 
12 
95 
163 
108 
104 
8 
136 
46 
112 
143 
27 
187 
157 
122 
145 
178 
53 
70 
83 
14 
54 
40 
103 
117 
109 
36 
162 
160 
57 
136 
154 
3 
108 
149 
172 
95 
21 
97 
25 
23 
42 
14 
69 
11 
133 
107 
171 
137 
92 
183 
159 
176 
169 
39 
104 
34 
146 
122 
139 
152 
167 
147 
38 
9 
134 
50 
110 
163 
52 
68 
25 
79 
83 
112 
18 
49 
62 
53 
7 
130 
2 
119 
33 
140 
150 
17 
186 
147 
166 
123 
132 
145 
115 
134 
138 
90 
6 
137 
84 
118 
111 
187 
82 
83 
116 
42 
149 
30 
128 
53 
1 
142 
47 
44 
51 
80 
33 
93 
65 
112 
27 
70 
148 
54 
124 
79 
110 
2 
147 
156 
60 
50 
130 
40 
8 
18 
161 
134 
168 
31 
103 
94 
73 
107 
155 
77 
150 
16 
91 
101 
174 
163 
121 
143 
92 
97 
11 
20 
47 
33 
64 
117 
85 
74 
84 
157 
168 
95 
30 
162 
15 
165 
147 
123 
8 
37 
160 
146 
77 
113 
110 
79 
12 
45 
29 
47 
112 
181 
187 
150 
6 
2 
144 
42 
10 
92 
116 
77 
128 
34 
27 
28 
160 
179 
82 
8 
35 
0 
142 
40 
54 
174 
107 
167 
87 
18 
114 
37 
115 
84 
1 
21 
17 
55 
117 
45 
39 
118 
180 
128 
63 
161 
48 
79 
9 
168 
132 
74 
182 
46 
147 
15 
155 
116 
169 
81 
39 
88 
70 
6 
166 
127 
148 
33 
54 
38 
152 
170 
184 
181 
101 
160 
10 
80 
50 
15 
34 
134 
146 
94 
32 
161 
67 
172 
143 
98 
89 
47 
6 
57 
168 
48 
27 
132 
162 
133 
71 
1 
51 
109 
138 
8 
149 
19 
45 
186 
137 
35 
151 
165 
136 
34 
36 
173 
58 
69 
157 
85 
147 
178 
175 
104 
134 
16 
23 
43 
97 
17 
78 
89 
40 
77 
2 
50 
176 
93 
27 
156 
145 
184 
177 
152 
114 
133 
39 
124 
102 
54 
32 
105 
90 
52 
83 
112 
131 
82 
19 
3 
108 
44 
135 
36 
85 
56 
33 
100 
81 
153 
22 
97 
88 
128 
146 
67 
185 
180 
66 
141 
105 
53 
94 
152 
24 
138 
154 
11 
173 
29 
10 
96 
184 
162 
26 
172 
133 
27 
125 
106 
84 
160 
55 
49 
69 
92 
63 
123 
166 
41 
18 
17 
102 
134 
136 
81 
72 
45 
110 
86 
155 
58 
31 
96 
122 
186 
37 
139 
126 
38 
178 
121 
46 
158 
34 
59 
48 
135 
85 
127 
133 
149 
91 
16 
180 
186 
76 
17 
146 
114 
24 
41 
28 
78 
44 
65 
144 
118 
103 
9 
72 
110 
66 
187 
112 
80 
40 
115 
18 
75 
50 
166 
1 
119 
55 
132 
167 
22 
51 
140 
133 
98 
30 
95 
26 
92 
85 
126 
107 
180 
49 
8 
86 
169 
28 
155 
137 
75 
178 
139 
9 
19 
143 
32 
186 
112 
149 
160 
183 
163 
153 
77 
121 
104 
158 
51 
34 
91 
145 
33 
70 
187 
118 
60 
143 
68 
79 
90 
76 
167 
179 
75 
89 
74 
5 
99 
2 
159 
50 
36 
55 
176 
95 
182 
6 
151 
44 
177 
15 
168 
163 
56 
72 
26 
78 
13 
113 
173 
136 
150 
130 
22 
171 
17 
37 
12 
118 
41 
146 
119 
124 
103 
187 
131 
160 
10 
175 
38 
87 
61 
81 
165 
122 
185 
90 
70 
126 
85 
72 
134 
7 
59 
98 
140 
89 
105 
182 
158 
46 
54 
171 
2 
74 
107 
152 
159 
129 
133 
0 
132 
65 
163 
33 
13 
51 
88 
121 
68 
94 
6 
154 
3 
124 
28 
50 
113 
169 
95 
146 
150 
33 
151 
79 
44 
73 
187 
18 
131 
134 
16 
176 
89 
145 
96 
114 
101 
107 
111 
1 
80 
174 
112 
93 
17 
132 
163 
152 
170 
119 
82 
16 
42 
110 
15 
50 
108 
172 
83 
183 
48 
128 
46 
135 
60 
165 
120 
19 
157 
161 
159 
5 
132 
18 
138 
100 
143 
67 
129 
53 
166 
83 
154 
150 
11 
27 
94 
158 
10 
12 
72 
171 
29 
41 
121 
64 
17 
120 
112 
58 
168 
137 
36 
44 
52 
59 
118 
154 
111 
161 
125 
185 
85 
152 
43 
153 
139 
11 
5 
175 
107 
83 
22 
159 
171 
124 
50 
0 
164 
87 
182 
141 
82 
103 
13 
142 
147 
154 
55 
44 
2 
115 
165 
42 
151 
172 
90 
70 
176 
140 
75 
27 
153 
57 
76 
12 
21 
17 
132 
28 
106 
47 
174 
121 
145 
16 
187 
61 
74 
72 
113 
88 
84 
95 
73 
138 
38 
170 
89 
102 
166 
134 
18 
15 
91 
85 
52 
155 
97 
129 
31 
156 
44 
161 
169 
118 
182 
92 
136 
25 
187 
176 
145 
75 
90 
16 
104 
74 
0 
88 
110 
117 
10 
115 
80 
97 
131 
120 
23 
76 
34 
57 
174 
171 
132 
29 
122 
140 
180 
130 
28 
59 
156 
85 
167 
168 
30 
37 
83 
111 
38 
44 
48 
95 
143 
0 
88 
22 
152 
149 
41 
57 
154 
67 
118 
134 
63 
92 
120 
100 
33 
49 
72 
54 
130 
163 
133 
7 
87 
119 
69 
135 
101 
30 
94 
97 
108 
147 
148 
122 
56 
157 
82 
13 
111 
139 
102 
26 
19 
131 
106 
63 
105 
89 
50 
114 
184 
137 
44 
78 
87 
18 
176 
100 
7 
127 
16 
47 
172 
149 
96 
117 
29 
124 
89 
57 
128 
155 
42 
148 
102 
179 
174 
8 
137 
109 
110 
48 
186 
143 
69 
19 
100 
138 
127 
183 
6 
75 
133 
156 
17 
15 
159 
139 
2 
0 
121 
130 
181 
45 
25 
161 
82 
125 
129 
12 
14 
27 
44 
42 
1 
166 
146 
5 
105 
94 
57 
136 
175 
30 
21 
186 
106 
26 
185 
112 
40 
142 
13 
72 
140 
130 
76 
6 
102 
161 
28 
89 
156 
154 
25 
147 
46 
23 
172 
56 
126 
155 
158 
73 
34 
178 
168 
124 
122 
86 
57 
91 
90 
5 
153 
94 
109 
8 
1 
147 
54 
145 
108 
136 
123 
16 
29 
173 
139 
110 
15 
152 
77 
178 
32 
93 
24 
133 
164 
122 
99 
90 
0 
28 
74 
95 
172 
2 
113 
101 
58 
104 
19 
51 
128 
66 
27 
106 
30 
49 
50 
145 
173 
167 
149 
126 
98 
18 
93 
46 
79 
170 
162 
11 
68 
71 
81 
94 
135 
30 
115 
17 
48 
143 
80 
120 
165 
131 
3 
9 
103 
24 
161 
37 
164 
104 
176 
156 
29 
54 
102 
52 
10 
142 
150 
6 
108 
57 
171 
90 
129 
149 
155 
32 
50 
18 
132 
124 
178 
27 
70 
85 
68 
113 
151 
83 
170 
96 
160 
133 
107 
2 
33 
34 
164 
139 
184 
153 
182 
40 
173 
93 
47 
111 
21 
74 
120 
49 
75 
0 
135 
37 
149 
12 
46 
61 
68 
73 
117 
6 
48 
90 
114 
132 
34 
115 
1 
183 
71 
178 
121 
171 
133 
145 
54 
91 
13 
179 
7 
176 
122 
24 
72 
29 
20 
76 
8 
131 
115 
120 
12 
67 
172 
23 
124 
159 
116 
41 
137 
151 
150 
182 
30 
177 
68 
58 
94 
51 
152 
10 
59 
110 
46 
97 
45 
107 
154 
148 
65 
90 
39 
133 
123 
75 
109 
72 
89 
53 
95 
