0.012800 
0.021400 
0.021800 
0.024300 
0.024900 
0.027500 
0.027800 
0.029300 
0.031300 
0.031800 
0.032200 
0.033500 
0.039400 
0.040300 
0.044100 
0.047800 
0.048700 
0.050900 
0.053200 
0.053200 
0.053300 
0.055900 
0.058000 
0.059700 
0.069000 
0.071300 
0.075500 
0.077200 
0.082000 
0.082800 
0.083000 
0.085300 
0.085400 
0.085500 
0.085600 
0.086100 
0.088200 
0.088700 
0.089600 
0.090800 
0.098600 
0.099500 
0.103200 
0.104200 
0.112300 
0.119200 
0.124300 
0.125500 
0.125600 
0.127800 
0.128600 
0.130100 
0.134600 
0.138800 
0.138800 
0.146500 
0.146500 
0.148500 
0.150000 
0.156500 
0.157000 
0.157900 
0.159100 
0.159300 
0.162400 
0.163900 
0.169500 
0.169800 
0.170300 
0.170800 
0.171200 
0.172900 
0.173000 
0.173800 
0.177300 
0.178200 
0.178400 
0.179500 
0.179600 
0.180300 
0.181400 
0.182100 
0.182300 
0.183200 
0.184500 
0.185400 
0.186100 
0.189100 
0.191200 
0.196400 
0.196700 
0.198700 
0.198900 
0.200600 
0.201900 
0.204800 
0.207200 
0.216000 
0.216900 
0.219200 
0.219900 
0.220200 
0.221100 
0.221400 
0.223200 
0.228600 
0.231200 
0.231300 
0.233600 
0.234500 
0.238100 
0.240600 
0.243700 
0.248100 
0.249600 
0.251400 
0.254400 
0.254500 
0.257900 
0.261400 
0.264500 
0.269100 
0.272400 
0.272500 
0.273100 
0.274800 
0.276900 
0.277400 
0.285700 
0.287000 
0.287700 
0.287800 
0.289600 
0.291700 
0.292700 
0.293500 
0.294300 
0.294600 
0.295800 
0.296200 
0.297900 
0.302800 
0.304500 
0.305600 
0.307800 
0.309000 
0.309000 
0.309200 
0.310700 
0.315000 
0.321400 
0.322100 
0.323600 
0.329600 
0.330100 
0.332400 
0.333800 
0.335900 
0.337800 
0.340400 
0.341000 
0.341700 
0.344200 
0.347200 
0.351000 
0.354900 
0.355900 
0.356400 
0.357600 
0.361000 
0.361500 
0.367200 
0.370500 
0.370600 
0.372100 
0.372200 
0.375300 
0.376800 
0.377100 
0.381300 
0.381500 
0.385100 
0.387700 
0.389400 
0.391600 
0.391800 
0.392000 
0.393400 
0.393700 
0.396400 
0.396500 
0.399200 
0.400400 
0.410200 
0.411200 
0.415400 
0.415800 
0.416400 
0.417900 
0.418100 
0.419400 
0.422400 
0.423300 
0.424900 
0.426200 
0.427900 
0.429400 
0.432600 
0.433600 
0.436800 
0.439000 
0.442800 
0.447600 
0.452500 
0.453100 
0.454700 
0.455400 
0.455600 
0.458100 
0.458400 
0.460700 
0.463300 
0.469400 
0.469500 
0.470000 
0.471100 
0.472900 
0.480100 
0.481100 
0.481500 
0.485500 
0.486800 
0.487300 
0.491800 
0.492100 
0.497000 
0.497100 
0.497600 
0.499300 
0.500400 
0.501600 
0.505700 
0.506600 
0.506900 
0.507000 
0.508600 
0.515300 
0.515500 
0.515700 
0.518200 
0.518200 
0.523000 
0.525200 
0.527300 
0.534000 
0.536500 
0.536600 
0.539000 
0.541100 
0.544500 
0.544800 
0.545400 
0.548700 
0.550800 
0.552200 
0.553600 
0.555200 
0.559000 
0.559100 
0.560100 
0.560900 
0.561900 
0.562900 
0.567700 
0.570200 
0.571500 
0.572600 
0.572700 
0.575600 
0.577400 
0.578100 
0.579200 
0.579400 
0.579600 
0.580500 
0.584200 
0.585500 
0.586100 
0.589100 
0.589700 
0.590800 
0.591800 
0.594300 
0.599700 
0.601400 
0.603100 
0.604200 
0.604800 
0.607000 
0.609600 
0.614700 
0.615400 
0.617100 
0.617400 
0.619200 
0.620800 
0.624400 
0.624900 
0.626700 
0.627500 
0.630400 
0.630600 
0.633600 
0.634100 
0.637400 
0.637900 
0.643200 
0.647500 
0.648000 
0.650900 
0.652200 
0.654400 
0.654900 
0.656400 
0.657900 
0.661800 
0.662000 
0.663000 
0.663400 
0.665500 
0.669000 
0.669100 
0.669200 
0.669500 
0.673900 
0.675300 
0.680500 
0.680800 
0.683300 
0.683600 
0.686800 
0.691900 
0.693100 
0.693100 
0.705300 
0.706500 
0.708300 
0.708500 
0.709300 
0.710500 
0.711600 
0.717500 
0.719000 
0.719400 
0.719800 
0.720100 
0.721200 
0.722400 
0.725500 
0.726500 
0.732300 
0.735400 
0.737600 
0.740100 
0.740400 
0.740800 
0.749000 
0.753000 
0.754500 
0.756000 
0.758700 
0.759400 
0.760500 
0.760500 
0.760900 
0.764500 
0.765000 
0.768800 
0.769200 
0.770200 
0.770300 
0.776900 
0.779400 
0.780600 
0.781200 
0.783900 
0.785600 
0.785600 
0.786800 
0.788000 
0.792400 
0.793000 
0.796200 
0.796400 
0.801300 
0.805100 
0.807700 
0.812500 
0.813800 
0.815000 
0.815200 
0.815700 
0.818200 
0.818400 
0.821200 
0.821800 
0.821900 
0.822700 
0.823000 
0.824600 
0.824600 
0.825000 
0.825200 
0.827200 
0.828300 
0.829900 
0.833600 
0.835300 
0.835600 
0.836600 
0.837700 
0.839700 
0.840400 
0.840900 
0.841900 
0.843600 
0.844900 
0.846100 
0.849100 
0.850000 
0.851500 
0.853000 
0.853700 
0.859200 
0.860900 
0.862100 
0.864200 
0.866000 
0.869600 
0.871900 
0.872900 
0.878500 
0.882500 
0.882700 
0.884100 
0.892300 
0.893200 
0.893400 
0.893700 
0.895000 
0.895900 
0.896600 
0.897100 
0.898100 
0.898600 
0.900500 
0.905200 
0.912000 
0.912000 
0.912900 
0.914700 
0.918400 
0.923400 
0.927700 
0.929900 
0.935800 
0.936200 
0.938400 
0.939200 
0.940000 
0.940900 
0.942100 
0.943400 
0.943900 
0.947100 
0.947100 
0.948200 
0.948400 
0.948800 
0.956000 
0.956500 
0.956700 
0.958300 
0.959600 
0.962900 
0.964400 
0.965800 
0.965900 
0.966400 
0.967200 
0.968500 
0.970700 
0.972000 
0.974700 
0.978200 
0.980600 
0.989500 
0.989600 
0.991800 
0.992800 
0.996300 
1.001000 
1.006000 
1.007400 
1.011000 
1.015300 
1.016600 
1.017300 
1.023700 
1.024100 
1.025000 
1.026500 
1.027200 
1.032500 
1.032500 
1.034400 
1.035400 
1.035500 
1.035600 
1.036800 
1.037900 
1.039400 
1.045900 
1.046300 
1.046500 
1.047000 
1.047500 
1.049900 
1.050700 
1.051400 
1.051700 
1.052000 
1.056600 
1.058000 
1.058300 
1.059200 
1.060200 
1.062600 
1.063100 
1.063200 
1.066400 
1.066900 
1.068500 
1.074100 
1.074600 
1.076700 
1.077800 
1.080400 
1.081200 
1.082200 
1.084000 
1.087100 
1.088500 
1.089200 
1.090700 
1.091200 
1.092000 
1.092800 
1.095400 
1.095600 
1.102800 
1.104300 
1.109500 
1.110800 
1.113200 
1.114600 
1.117100 
1.121800 
1.125500 
1.127000 
1.127600 
1.128100 
1.128600 
1.130100 
1.131700 
1.132600 
1.133000 
1.133700 
1.136300 
1.138200 
1.140600 
1.142500 
1.144000 
1.144300 
1.148100 
1.148300 
1.150500 
1.154300 
1.154700 
1.154900 
1.155200 
1.156200 
1.160300 
1.160300 
1.160700 
1.162500 
1.164200 
1.165000 
1.166700 
1.167100 
1.167300 
1.169700 
1.171000 
1.171600 
1.174200 
1.176100 
1.176300 
1.179800 
1.180000 
1.182900 
1.185400 
1.186200 
1.186800 
1.190500 
1.191300 
1.192100 
1.194400 
1.195000 
1.195600 
1.195600 
1.195700 
1.195700 
1.195900 
1.200400 
1.200700 
1.203000 
1.203300 
1.203500 
1.206600 
1.208300 
1.208900 
1.210200 
1.211500 
1.211600 
1.212100 
1.213000 
1.214100 
1.215300 
1.217000 
1.219100 
1.219800 
1.220500 
1.220700 
1.220900 
1.224400 
1.224700 
1.228100 
1.229100 
1.229700 
1.232500 
1.233000 
1.234400 
1.235000 
1.235400 
1.237100 
1.238200 
1.238500 
1.239900 
1.243900 
1.244900 
1.246100 
1.247300 
1.247600 
1.249100 
1.249400 
1.249500 
1.250500 
1.251900 
1.252300 
1.254400 
1.254800 
1.255100 
1.259000 
1.259600 
1.260100 
1.260100 
1.263100 
1.268800 
1.270500 
1.270700 
1.274300 
1.275400 
1.275500 
1.276800 
1.276900 
1.277500 
1.279600 
1.282900 
1.283000 
1.287100 
1.287700 
1.289400 
1.291400 
1.293400 
1.294300 
1.299000 
1.299600 
1.300500 
1.300900 
1.303000 
1.305400 
1.307600 
1.308800 
1.309000 
1.314900 
1.320000 
1.320400 
1.320600 
1.321800 
1.334100 
1.334500 
1.334600 
1.335300 
1.336000 
1.337300 
1.338100 
1.342000 
1.344700 
1.346200 
1.346300 
1.346700 
1.347100 
1.347500 
1.348100 
1.349800 
1.353800 
1.357300 
1.358700 
1.360700 
1.360900 
1.363200 
1.363200 
1.363400 
1.367200 
1.367300 
1.369200 
1.370300 
1.377000 
1.377300 
1.378700 
1.378800 
1.379000 
1.379200 
1.379200 
1.381300 
1.384900 
1.386000 
1.386400 
1.389600 
1.390300 
1.390400 
1.390800 
1.393900 
1.395600 
1.396600 
1.401800 
1.401800 
1.402700 
1.405100 
1.406500 
1.406700 
1.407300 
1.413000 
1.413300 
1.414200 
1.415000 
1.416400 
1.416500 
1.418300 
1.418900 
1.419700 
1.421200 
1.423500 
1.425500 
1.425900 
1.428400 
1.428500 
1.429700 
1.430100 
1.430200 
1.430800 
1.430800 
1.432000 
1.432400 
1.433300 
1.433900 
1.435900 
1.437800 
1.438500 
1.439600 
1.440000 
1.440200 
1.441000 
1.441400 
1.441500 
1.442300 
1.445200 
1.446000 
1.446200 
1.447900 
1.449700 
1.450300 
1.455700 
1.456000 
1.456100 
1.459100 
1.459400 
1.460400 
1.460900 
1.461800 
1.462700 
1.464300 
1.465000 
1.466500 
1.467000 
1.471600 
1.472000 
1.472800 
1.473500 
1.474400 
1.475000 
1.476700 
1.476900 
1.477500 
1.479000 
1.484800 
1.487300 
1.487900 
1.489100 
1.490000 
1.491200 
1.492900 
1.493000 
1.493200 
1.493400 
1.495200 
1.495600 
1.497000 
1.497200 
1.499600 
1.499800 
1.500600 
1.503200 
1.503600 
1.508900 
1.508900 
1.510400 
1.510800 
1.511700 
1.513000 
1.514700 
1.516700 
1.517300 
1.517600 
1.517600 
1.518400 
1.524200 
1.525700 
1.528900 
1.529100 
1.532400 
1.533400 
1.536100 
1.537000 
1.540700 
1.543800 
1.543900 
1.544600 
1.544900 
1.545000 
1.548200 
1.550600 
1.550600 
1.551300 
1.553600 
1.554100 
1.557400 
1.557800 
1.561000 
1.561300 
1.561900 
1.563800 
1.574000 
1.574600 
1.574900 
1.576000 
1.576200 
1.578700 
1.580700 
1.582400 
1.583200 
1.583300 
1.583500 
1.583700 
1.587000 
1.587100 
1.587200 
1.587700 
1.589200 
1.589900 
1.590100 
1.595300 
1.595500 
1.595700 
1.599500 
1.602500 
1.604700 
1.605300 
1.606000 
1.607800 
1.607900 
1.608100 
1.608900 
1.610400 
1.611100 
1.611900 
1.613200 
1.614000 
1.616300 
1.617900 
1.620800 
1.621500 
1.621500 
1.623400 
1.624200 
1.625100 
1.625200 
1.626700 
1.631800 
1.633000 
1.634300 
1.639900 
1.641300 
1.643100 
1.644400 
1.646900 
1.647200 
1.647500 
1.648800 
1.650100 
1.650100 
1.651500 
1.651800 
1.652500 
1.654800 
1.657800 
1.660100 
1.661100 
1.661500 
1.663000 
1.664800 
1.664900 
1.665100 
1.665500 
1.669500 
1.669800 
1.672300 
1.672400 
1.673200 
1.674800 
1.680000 
1.680600 
1.684200 
1.684400 
1.685400 
1.685800 
1.685800 
1.687200 
1.687800 
1.689300 
1.689500 
1.692800 
1.693900 
1.694200 
1.695600 
1.701600 
1.704400 
1.705700 
1.706500 
1.706600 
1.708200 
1.710000 
1.710400 
1.710600 
1.710900 
1.711500 
1.712900 
1.713800 
1.715000 
1.716500 
1.716800 
1.717900 
1.719700 
1.721400 
1.721700 
1.722000 
1.722900 
1.723000 
1.727700 
1.727800 
1.729000 
1.732200 
1.733600 
1.736200 
1.736500 
1.737100 
1.737200 
1.737300 
1.737700 
1.738400 
1.739500 
1.740400 
1.743100 
1.744100 
1.744600 
1.749000 
1.749600 
1.750100 
1.750100 
1.750800 
1.750900 
1.753000 
1.755800 
1.756100 
1.756300 
1.758500 
1.759600 
1.759800 
1.759900 
1.760100 
1.761100 
1.763200 
1.763500 
1.763600 
1.763700 
1.763800 
1.765000 
1.766000 
1.766300 
1.767900 
1.768200 
1.770000 
1.778500 
1.780400 
1.781000 
1.781500 
1.782300 
1.782800 
1.784600 
1.784900 
1.785500 
1.788500 
1.789400 
1.789700 
1.789800 
1.790400 
1.793300 
1.795900 
1.796200 
1.798600 
1.799900 
1.803600 
1.805800 
1.805800 
1.808700 
1.809700 
1.812800 
1.813000 
1.814400 
1.814800 
1.815600 
1.818400 
1.819500 
1.820300 
1.821600 
1.825100 
1.830500 
1.830600 
1.830900 
1.835000 
1.837000 
1.837100 
1.837500 
1.838300 
1.839100 
1.840100 
1.840100 
1.840100 
1.841200 
1.841400 
1.845800 
1.848000 
1.849800 
1.850200 
1.851400 
1.851700 
1.852500 
1.855800 
1.859900 
1.860000 
1.860200 
1.864300 
1.866600 
1.866700 
1.867100 
1.867600 
1.868200 
1.872200 
1.872900 
1.874700 
1.874800 
1.878000 
1.882000 
1.884400 
1.884700 
1.885900 
1.894300 
1.894900 
1.897500 
1.897600 
1.899500 
1.901000 
1.901900 
1.902800 
1.903900 
1.907000 
1.909000 
1.909500 
1.911100 
1.913300 
1.914400 
1.918200 
1.920100 
1.920300 
1.923400 
1.925700 
1.925900 
1.927400 
1.927700 
1.928000 
1.933400 
1.933500 
1.937800 
1.939000 
1.939700 
1.940400 
1.943800 
1.943800 
1.944500 
1.946300 
1.947300 
1.948600 
1.949100 
1.950000 
1.950100 
1.952100 
1.955600 
1.956100 
1.958900 
1.958900 
1.959900 
1.961100 
1.961400 
1.961700 
1.962200 
1.962700 
1.963300 
1.963300 
1.964900 
1.966600 
1.968800 
1.974600 
1.976700 
1.976800 
1.979600 
1.982500 
1.983100 
1.983200 
1.983400 
1.985400 
1.988400 
1.991000 
1.994500 
1.994900 
1.995600 
1.997400 
1.999300 
1.999700 
2.000100 
2.002600 
2.007400 
2.007800 
2.008100 
2.016100 
2.017600 
2.018000 
2.020300 
2.023500 
2.027200 
2.027400 
2.027900 
2.029200 
2.029400 
2.030500 
2.031700 
2.033000 
2.036100 
2.036600 
2.038300 
2.041700 
2.041900 
2.043800 
2.044200 
2.046500 
2.048200 
2.048600 
2.048800 
2.054900 
2.055500 
2.056800 
2.057300 
2.057700 
2.058400 
2.058800 
2.059700 
2.060100 
2.063500 
2.064600 
2.065300 
2.066000 
2.066200 
2.067800 
2.070300 
2.071100 
2.071400 
2.073200 
2.074600 
2.076000 
2.082400 
2.082600 
2.083300 
2.083400 
2.083900 
2.085600 
2.092600 
2.094700 
2.096700 
2.098000 
2.100800 
2.100900 
2.102200 
2.103300 
2.103900 
2.104300 
2.104500 
2.105500 
2.106600 
2.108300 
2.108800 
2.111100 
2.111400 
2.115000 
2.115500 
2.120200 
2.120300 
2.123500 
2.123700 
2.123700 
2.125400 
2.126200 
2.130900 
2.131000 
2.131800 
2.135800 
2.138400 
2.138800 
2.139300 
2.140900 
2.141400 
2.142300 
2.142600 
2.143300 
2.144100 
2.145100 
2.146700 
2.147500 
2.147600 
2.148300 
2.148400 
2.148900 
2.149000 
2.155200 
2.155400 
2.155700 
2.157000 
2.157200 
2.157700 
2.158900 
2.159400 
2.160000 
2.161000 
2.161600 
2.163700 
2.164300 
2.167100 
2.167400 
2.170000 
2.171200 
2.173600 
2.174000 
2.174000 
2.174200 
2.176800 
2.177100 
2.177400 
2.182900 
2.184800 
2.190000 
2.190600 
2.191500 
2.191900 
2.191900 
2.192500 
2.192700 
2.193000 
2.193200 
2.195900 
2.198300 
2.198800 
2.201300 
2.201900 
2.205900 
2.207200 
2.208300 
2.210400 
2.210400 
2.210700 
2.212200 
2.213000 
2.214600 
2.216400 
2.220000 
2.220400 
2.220800 
2.222200 
2.223900 
2.224300 
2.225800 
2.227400 
2.227700 
2.228600 
2.231600 
2.232300 
2.232700 
2.234400 
2.235900 
2.236700 
2.237400 
2.238000 
2.239200 
2.241300 
2.242200 
2.242600 
2.242800 
2.243400 
2.243800 
2.244700 
2.244700 
2.244700 
2.245000 
2.245000 
2.245100 
2.247800 
2.248100 
2.249900 
2.252000 
2.252200 
2.255700 
2.258800 
2.261800 
2.264400 
2.265200 
2.265400 
2.265600 
2.269800 
2.271700 
2.271700 
2.273700 
2.274600 
2.275300 
2.276300 
2.276400 
2.276700 
2.283200 
2.283900 
2.290100 
2.290800 
2.292300 
2.293600 
2.294000 
2.295100 
2.296800 
2.296900 
2.298900 
2.304000 
2.306400 
2.306900 
2.308100 
2.309300 
2.309600 
2.310500 
2.310900 
2.311900 
2.313800 
2.314300 
2.319300 
2.319600 
2.320600 
2.321100 
2.325300 
2.325300 
2.325500 
2.326800 
2.327100 
2.327700 
2.334500 
2.335500 
2.338400 
2.341400 
2.343600 
2.345500 
2.346100 
2.346400 
2.348000 
2.351300 
2.352100 
2.352400 
2.352900 
2.354000 
2.355600 
2.356400 
2.356900 
2.358700 
2.360200 
2.360300 
2.362200 
2.363400 
2.366700 
2.369200 
2.369500 
2.370400 
2.371400 
2.372000 
2.373800 
2.375100 
2.375500 
2.376600 
2.377500 
2.379300 
2.381200 
2.382100 
2.382200 
2.383600 
2.387800 
2.388400 
2.390600 
2.391300 
2.391900 
2.392000 
2.393900 
2.395000 
2.396400 
2.397700 
2.401200 
2.402300 
2.402900 
2.404700 
2.405900 
2.406900 
2.408500 
2.410600 
2.411100 
2.411300 
2.412200 
2.413600 
2.413600 
2.415000 
2.415100 
2.416000 
2.417400 
2.418600 
2.426000 
2.426000 
2.426200 
2.430500 
2.430800 
2.432300 
2.433000 
2.434500 
2.434600 
2.434600 
2.434900 
2.435300 
2.435900 
2.436700 
2.439600 
2.440500 
2.441600 
2.441800 
2.447500 
2.447700 
2.449600 
2.449700 
2.452400 
2.453000 
2.453000 
2.455200 
2.456200 
2.457600 
2.458600 
2.459300 
2.460800 
2.464800 
2.465900 
2.466800 
2.471800 
2.473000 
2.475700 
2.477700 
2.479400 
2.483400 
2.486200 
2.489400 
2.489400 
2.489700 
2.489900 
2.491200 
2.491400 
2.491700 
2.493100 
2.493300 
2.494000 
2.494100 
2.494400 
2.496700 
2.499100 
2.499900 
2.500600 
2.501200 
2.501600 
2.503100 
2.508100 
2.510300 
2.512700 
2.513600 
2.513800 
2.514100 
2.514400 
2.514800 
2.515300 
2.518500 
2.520000 
2.520000 
2.520200 
2.521000 
2.521500 
2.521800 
2.525500 
2.527600 
2.529200 
2.531200 
2.532800 
2.533500 
2.533500 
2.534600 
2.536300 
2.536900 
2.537500 
2.539500 
2.540700 
2.546100 
2.552100 
2.553500 
2.554200 
2.554900 
2.559900 
2.560100 
2.560300 
2.561200 
2.561200 
2.562100 
2.562100 
2.562400 
2.565800 
2.566900 
2.570000 
2.570800 
2.576000 
2.576400 
2.577900 
2.579300 
2.580500 
2.582800 
2.583100 
2.583900 
2.589400 
2.589900 
2.591200 
2.594000 
2.594400 
2.594600 
2.594900 
2.596000 
2.597500 
2.603300 
2.605900 
2.606800 
2.608300 
2.609200 
2.609900 
2.611100 
2.611400 
2.612100 
2.612500 
2.616000 
2.616600 
2.618000 
2.620100 
2.627600 
2.630000 
2.632000 
2.635400 
2.635600 
2.636100 
2.637700 
2.637800 
2.642200 
2.642500 
2.645900 
2.648100 
2.648400 
2.650900 
2.654400 
2.657500 
2.657600 
2.658900 
2.659200 
2.659500 
2.659800 
2.660700 
2.660700 
2.661500 
2.661800 
2.663200 
2.665000 
2.665300 
2.665300 
2.666300 
2.667300 
2.668700 
2.669500 
2.671600 
2.671600 
2.672400 
2.673300 
2.677300 
2.678700 
2.679400 
2.679800 
2.680600 
2.684100 
2.691400 
2.693400 
2.695000 
2.696600 
2.699400 
2.701900 
2.702200 
2.703600 
2.707000 
2.707100 
2.708300 
2.709400 
2.710300 
2.712500 
2.713200 
2.714600 
2.719700 
2.720300 
2.721500 
2.722000 
2.725000 
2.725600 
2.725700 
2.727400 
2.728600 
2.729400 
2.733200 
2.738300 
2.738900 
2.740900 
2.742400 
2.743200 
2.744300 
2.744800 
2.747600 
2.748000 
2.748900 
2.751800 
2.752200 
2.752600 
2.753400 
2.756100 
2.756500 
2.757200 
2.758000 
2.761100 
2.761200 
2.763000 
2.763100 
2.764900 
2.765200 
2.766200 
2.766500 
2.768400 
2.768800 
2.770700 
2.771300 
2.773700 
2.774300 
2.774600 
2.775100 
2.777500 
2.779700 
2.782200 
2.785600 
2.786500 
2.788000 
2.790300 
2.790700 
2.791400 
2.791800 
2.792000 
2.792000 
2.792100 
2.792700 
2.795900 
2.796100 
2.796600 
2.797800 
2.801600 
2.801800 
2.802000 
2.802600 
2.803200 
2.805000 
2.805100 
2.805500 
2.807100 
2.807600 
2.809200 
2.810300 
2.810600 
2.811200 
2.813100 
2.813300 
2.814500 
2.815500 
2.818900 
2.819400 
2.820400 
2.821100 
2.823700 
2.824700 
2.827600 
2.828500 
2.829000 
2.830000 
2.830100 
2.832600 
2.835600 
2.836000 
2.836000 
2.837100 
2.838500 
2.838900 
2.840600 
2.843200 
2.845800 
2.846000 
2.847000 
2.848700 
2.850200 
2.850300 
2.851300 
2.851500 
2.854500 
2.855100 
2.857000 
2.859100 
2.859600 
2.860400 
2.861800 
2.864600 
2.865500 
2.866200 
2.866400 
2.869000 
2.870300 
2.871500 
2.872600 
2.872700 
2.877400 
2.879200 
2.879900 
2.883300 
2.883900 
2.884300 
2.884500 
2.885800 
2.885900 
2.886000 
2.888700 
2.891100 
2.891700 
2.894100 
2.896600 
2.896600 
2.896700 
2.897800 
2.898300 
2.902700 
2.903000 
2.906500 
2.907500 
2.911200 
2.911600 
2.914000 
2.914100 
2.914800 
2.915100 
2.916300 
2.917000 
2.920400 
2.923200 
2.924500 
2.925700 
2.926600 
2.927000 
2.929500 
2.930800 
2.931300 
2.931600 
2.933400 
2.934100 
2.934500 
2.936200 
2.936800 
2.937800 
2.938100 
2.938800 
2.940900 
2.942100 
2.942600 
2.943700 
2.944100 
2.945200 
2.945500 
2.945800 
2.945800 
2.946100 
2.947400 
2.950700 
2.953200 
2.954000 
2.954200 
2.954800 
2.955500 
2.955800 
2.960900 
2.962100 
2.964500 
2.964600 
2.964900 
2.966500 
2.966700 
2.967000 
2.969400 
2.969600 
2.970500 
2.970800 
2.970800 
2.972000 
2.975700 
2.978000 
2.978000 
2.978400 
2.979900 
2.981200 
2.981500 
2.981700 
2.982800 
2.983900 
2.985400 
2.987200 
2.987500 
2.989300 
2.991000 
2.991100 
2.991100 
2.992000 
2.992500 
2.995800 
2.997300 
3.003000 
3.003600 
3.007000 
3.007500 
3.007900 
3.011300 
3.013300 
3.015800 
3.016500 
3.017100 
3.020100 
3.022400 
3.024000 
3.024100 
3.024900 
3.026700 
3.026900 
3.029500 
3.030400 
3.030900 
3.031100 
3.032100 
3.034500 
3.035200 
3.035500 
3.040600 
3.041100 
3.042100 
3.043700 
3.046500 
3.046500 
3.047700 
3.049500 
3.050300 
3.050300 
3.051600 
3.051700 
3.053300 
3.053500 
3.054600 
3.054900 
3.055900 
3.057500 
3.059100 
3.059200 
3.061200 
3.061600 
3.062400 
3.062700 
3.063000 
3.063800 
3.064000 
3.065400 
3.067500 
3.068100 
3.070400 
3.070700 
3.072700 
3.072900 
3.073300 
3.074000 
3.076500 
3.077000 
3.077700 
3.079300 
3.081000 
3.087700 
3.088100 
3.088400 
3.088600 
3.091100 
3.093200 
3.095100 
3.096700 
3.096800 
3.100600 
3.100600 
3.101300 
3.101300 
3.108400 
3.109000 
3.110400 
3.112500 
3.112800 
3.114300 
3.115400 
3.117400 
3.117800 
3.118200 
3.121400 
3.123200 
3.123500 
3.123500 
3.125100 
3.125200 
3.128600 
3.128800 
3.129900 
3.130200 
3.131900 
3.134700 
3.135800 
3.137500 
3.137700 
3.141700 
3.150900 
3.156000 
3.157700 
3.159700 
3.159900 
3.161100 
3.162300 
3.164600 
3.164800 
3.165500 
3.166000 
3.167700 
3.168000 
3.171300 
3.172800 
3.176600 
3.178800 
3.178900 
3.182500 
3.183200 
3.183500 
3.185300 
3.185900 
3.186600 
3.187600 
3.188800 
3.190200 
3.191900 
3.192200 
3.193200 
3.193400 
3.196100 
3.199400 
3.199800 
3.200100 
3.200300 
3.200900 
3.202200 
3.202200 
3.202300 
3.203400 
3.204300 
3.206200 
3.206400 
3.208100 
3.211800 
3.212200 
3.213500 
3.216100 
3.216100 
3.217300 
3.218300 
3.220200 
3.221200 
3.222000 
3.222600 
3.224100 
3.226000 
3.226100 
3.226200 
3.227300 
3.227300 
3.227700 
3.228400 
3.231300 
3.232500 
3.232600 
3.235500 
3.237800 
3.239600 
3.242900 
3.243000 
3.244700 
3.246500 
3.248100 
3.248300 
3.251100 
3.254500 
3.255700 
3.255800 
3.256500 
3.257800 
3.257900 
3.260200 
3.260700 
3.261800 
3.263200 
3.264600 
3.265600 
3.267200 
3.267300 
3.268000 
3.272500 
3.275200 
3.280700 
3.283000 
3.283200 
3.285000 
3.292100 
3.294200 
3.295400 
3.299600 
3.301200 
3.301900 
3.302700 
3.303500 
3.304200 
3.304200 
3.306000 
3.306300 
3.306500 
3.306900 
3.310300 
3.311200 
3.314800 
3.314800 
3.315300 
3.315400 
3.316400 
3.318200 
3.319600 
3.323900 
3.325000 
3.329100 
3.330000 
3.330700 
3.331000 
3.332200 
3.332400 
3.338000 
3.339300 
3.339800 
3.341300 
3.344200 
3.344400 
3.344900 
3.345600 
3.345700 
3.346700 
3.348500 
3.349000 
3.349700 
3.350900 
3.352800 
3.353300 
3.354700 
3.355300 
3.358500 
3.358800 
3.362200 
3.362700 
3.363300 
3.364100 
3.368800 
3.370000 
3.372400 
3.373800 
3.376300 
3.377300 
3.380500 
3.381100 
3.381800 
3.383800 
3.385100 
3.385300 
3.385600 
3.385600 
3.387500 
3.389400 
3.390200 
3.390900 
3.391500 
3.392100 
3.392300 
3.393200 
3.394500 
3.396300 
3.398300 
3.399900 
3.401000 
3.402200 
3.404200 
3.406900 
3.411100 
3.413100 
3.413200 
3.413600 
3.415200 
3.415400 
3.417500 
3.419900 
3.420300 
3.420900 
3.423400 
3.424700 
3.426700 
3.431000 
3.431500 
3.432500 
3.438000 
3.438200 
3.438900 
3.440200 
3.441000 
3.442200 
3.443200 
3.445100 
3.445900 
3.446300 
3.448700 
3.450000 
3.452100 
3.452300 
3.453800 
3.455200 
3.456400 
3.456500 
3.456700 
3.459500 
3.460300 
3.460800 
3.460900 
3.462300 
3.462400 
3.463500 
3.466900 
3.468200 
3.468900 
3.470000 
3.470500 
3.472700 
3.474400 
3.475000 
3.476200 
3.480600 
3.480900 
3.483300 
3.484900 
3.485000 
3.488100 
3.489200 
3.490000 
3.490800 
3.490800 
3.491100 
3.492300 
3.493000 
3.494000 
3.496500 
3.496800 
3.499600 
3.501500 
3.503600 
3.503700 
3.506200 
3.507800 
3.512400 
3.513600 
3.514500 
3.515000 
3.515500 
3.516600 
3.518200 
3.518500 
3.520400 
3.522300 
3.524900 
3.525200 
3.525700 
3.527000 
3.528500 
3.529400 
3.529500 
3.530800 
3.531300 
3.531400 
3.531900 
3.536100 
3.536700 
3.536900 
3.537700 
3.539600 
3.540000 
3.540700 
3.541200 
3.541600 
3.542000 
3.543600 
3.543700 
3.544300 
3.544400 
3.544600 
3.545000 
3.547000 
3.547900 
3.549900 
3.550700 
3.553500 
3.559600 
3.559900 
3.560600 
3.561700 
3.562900 
3.566300 
3.567700 
3.569400 
3.570300 
3.572500 
3.572700 
3.573100 
3.573500 
3.573800 
3.576700 
3.578100 
3.578800 
3.581000 
3.582700 
3.583900 
3.586000 
3.586300 
3.587300 
3.589300 
3.591000 
3.594000 
3.595200 
3.596500 
3.597900 
3.600600 
3.600900 
3.603700 
3.604000 
3.604300 
3.604600 
3.605300 
3.605900 
3.606300 
3.607000 
3.609300 
3.610200 
3.610600 
3.611000 
3.614300 
3.620800 
3.621500 
3.624600 
3.625000 
3.625100 
3.628100 
3.628800 
3.630300 
3.633100 
3.633100 
3.634200 
3.635500 
3.637400 
3.639200 
3.640800 
3.641200 
3.641300 
3.642300 
3.647800 
3.648000 
3.648900 
3.649400 
3.651000 
3.652200 
3.654000 
3.654400 
3.655900 
3.658100 
3.659400 
3.666200 
3.668000 
3.668400 
3.671100 
3.672600 
3.674100 
3.676100 
3.676600 
3.676600 
3.676700 
3.677300 
3.678000 
3.679100 
3.681300 
3.682100 
3.683900 
3.684500 
3.684700 
3.685800 
3.686200 
3.686700 
3.687700 
3.689100 
3.690800 
3.692900 
3.696100 
3.698800 
3.699800 
3.701300 
3.702400 
3.703500 
3.704400 
3.704400 
3.709800 
3.711100 
3.714700 
3.715000 
3.715100 
3.717000 
3.718700 
3.720000 
3.723400 
3.727200 
3.728300 
3.729500 
3.733400 
3.734200 
3.739800 
3.740600 
3.747500 
3.748900 
3.752300 
3.754100 
3.754200 
3.755500 
3.756900 
3.759500 
3.759900 
3.763300 
3.764600 
3.765800 
3.767300 
3.770600 
3.771200 
3.772100 
3.772800 
3.773900 
3.777900 
3.778300 
3.778300 
3.778600 
3.783400 
3.786900 
3.787800 
3.790700 
3.791500 
3.796000 
3.796700 
3.799900 
3.801400 
3.801500 
3.801900 
3.804700 
3.805300 
3.805400 
3.805600 
3.806000 
3.809000 
3.810600 
3.813500 
3.814900 
3.817700 
3.818500 
3.820700 
3.821700 
3.823200 
3.824800 
3.825100 
3.826600 
3.827000 
3.827400 
3.831100 
3.834400 
3.836500 
3.836800 
3.839600 
3.841700 
3.842200 
3.846500 
3.846500 
3.848600 
3.849800 
3.850800 
3.853100 
3.853200 
3.853300 
3.853700 
3.853700 
3.853800 
3.855700 
3.856400 
3.858300 
3.858400 
3.859400 
3.861800 
3.861900 
3.865300 
3.866400 
3.870600 
3.872200 
3.873700 
3.875700 
3.876300 
3.877400 
3.878100 
3.880000 
3.882000 
3.882200 
3.883000 
3.884800 
3.890900 
3.891600 
3.891600 
3.894100 
3.895100 
3.895700 
3.896900 
3.901700 
3.901900 
3.902600 
3.904600 
3.904900 
3.905800 
3.909000 
3.909400 
3.911200 
3.913000 
3.917900 
3.918600 
3.919200 
3.919600 
3.920900 
3.921200 
3.923000 
3.923600 
3.924000 
3.924400 
3.926800 
3.927400 
3.929000 
3.930000 
3.930800 
3.931600 
3.931700 
3.933000 
3.938100 
3.939900 
3.941000 
3.941400 
3.943700 
3.944100 
3.945300 
3.947100 
3.949500 
3.950700 
3.950900 
3.953200 
3.953800 
3.954500 
3.954900 
3.955900 
3.956700 
3.959100 
3.959200 
3.959800 
3.961300 
3.965700 
3.966300 
3.966900 
3.966900 
3.967800 
3.971100 
3.971300 
3.971600 
3.973900 
3.974200 
3.974900 
3.976200 
3.976800 
3.977900 
3.978600 
3.979700 
3.982500 
3.982900 
3.983200 
3.984100 
3.986400 
3.987900 
3.988800 
3.989100 
3.989500 
3.991200 
3.991400 
3.994200 
3.995300 
3.996200 
3.997800 
3.999700 
3.999800 
