14
16
10
8
19
9
17
12
15
13
9
8
8
17
10
12
11
18
11
14
11
14
14
9
13
12
18
19
16
16
15
14
5
13
13
10
8
10
17
25
16
8
14
10
16
19
8
8
14
12
10
12
16
24
8
14
13
13
10
15
14
18
19
16
15
15
19
10
20
13
17
8
14
16
16
16
17
13
19
14
11
12
13
9
11
7
14
24
16
17
12
14
14
9
13
13
15
20
10
16
15
16
15
10
12
3
12
14
20
19
12
12
12
16
10
6
11
17
15
14
11
24
10
17
19
18
16
14
21
14
15
15
16
15
18
19
17
15
12
12
17
11
13
17
20
14
18
11
16
18
24
15
13
18
11
9
12
7
11
14
17
21
10
16
14
15
12
10
13
14
18
15
17
14
15
13
9
16
11
10
14
12
14
17
13
13
11
15
