37
33
39
32
25
35
44
39
35
30
36
28
44
34
24
39
40
42
49
35
28
29
33
29
30
39
28
44
51
46
42
30
25
37
37
23
47
35
33
35
36
31
40
42
30
40
35
30
39
38
51
40
51
37
30
40
35
40
33
40
27
25
36
26
38
41
28
31
38
35
42
30
34
36
39
41
39
40
27
42
33
34
39
27
37
34
25
38
35
54
41
39
41
37
57
47
26
43
31
42
35
31
34
38
33
39
30
30
42
31
46
27
40
33
40
40
33
33
46
36
41
39
38
30
34
33
27
29
28
31
41
33
41
40
40
31
33
41
31
39
45
29
34
42
32
37
41
49
29
41
46
34
36
48
39
34
36
29
23
33
41
33
23
31
36
42
32
34
30
32
32
41
31
31
33
23
48
28
40
29
35
35
37
36
33
37
41
29
