9
9
14
15
17
13
12
10
6
9
12
13
13
16
15
12
17
16
15
14
17
15
10
16
16
13
10
16
13
12
18
14
13
13
14
15
11
13
10
16
12
9
13
14
21
8
16
17
18
20
19
17
18
16
7
19
12
8
14
18
13
8
11
24
11
18
19
9
14
18
16
11
26
13
11
12
11
16
14
12
21
10
10
12
17
15
13
10
15
17
16
14
13
11
15
22
16
10
15
13
14
12
12
17
20
17
15
10
11
13
14
11
11
13
14
12
13
14
10
17
12
12
21
18
16
16
12
14
13
13
19
10
25
17
11
15
14
12
10
10
15
14
11
15
24
12
16
11
14
12
14
17
15
12
11
13
23
14
11
8
13
13
12
15
11
9
16
11
20
14
15
19
16
21
11
10
9
15
15
12
22
15
14
10
16
9
16
15
