31
34
30
28
25
29
35
24
38
33
22
29
36
29
23
34
24
27
25
28
26
31
33
22
29
38
31
38
38
33
31
23
21
28
28
28
31
32
43
30
29
36
40
18
33
27
24
24
38
30
39
34
25
41
31
24
27
33
31
28
31
25
28
35
27
27
35
45
32
31
34
26
22
30
25
35
44
30
31
29
36
27
22
20
26
28
26
37
35
24
39
24
35
33
34
32
35
36
25
26
21
20
27
30
27
37
25
31
28
30
29
32
26
27
45
36
36
31
36
26
32
34
28
29
26
17
26
39
24
28
32
38
27
27
36
40
22
36
35
34
37
31
31
23
28
24
18
28
20
25
32
30
34
31
26
31
43
26
28
25
41
35
45
31
25
31
33
30
34
35
23
28
31
24
46
34
42
21
40
26
36
31
38
38
19
29
25
25
