325 
133 
686 
271 
172 
770 
464 
752 
20 
620 
1033 
248 
267 
340 
1031 
664 
592 
920 
440 
551 
104 
36 
993 
560 
149 
246 
815 
831 
574 
334 
92 
254 
237 
619 
973 
791 
344 
368 
204 
901 
103 
865 
894 
16 
792 
13 
319 
35 
757 
969 
322 
909 
259 
415 
1024 
760 
917 
870 
1010 
687 
922 
522 
821 
550 
360 
456 
518 
1023 
21 
979 
617 
255 
777 
429 
661 
169 
906 
536 
274 
18 
473 
983 
697 
479 
994 
97 
700 
753 
854 
295 
602 
806 
327 
739 
347 
858 
214 
828 
648 
488 
737 
691 
8 
533 
0 
44 
729 
132 
810 
142 
928 
942 
38 
924 
756 
268 
345 
85 
350 
308 
211 
113 
14 
58 
457 
510 
482 
428 
30 
958 
233 
653 
171 
808 
559 
521 
288 
976 
671 
175 
736 
466 
184 
375 
744 
834 
455 
1033 
540 
190 
223 
702 
333 
369 
968 
67 
238 
880 
291 
532 
583 
1010 
1046 
607 
809 
538 
406 
205 
232 
284 
887 
1047 
423 
634 
388 
716 
761 
846 
766 
283 
845 
1032 
667 
781 
185 
918 
418 
581 
28 
811 
240 
460 
914 
82 
385 
441 
116 
641 
529 
509 
1014 
829 
650 
213 
10 
380 
307 
560 
600 
644 
1055 
855 
206 
592 
511 
157 
328 
547 
458 
519 
142 
450 
401 
732 
257 
943 
110 
164 
386 
347 
963 
468 
801 
628 
812 
905 
447 
611 
649 
84 
463 
26 
1051 
340 
111 
1013 
1017 
397 
1009 
133 
293 
378 
552 
129 
1061 
177 
570 
850 
71 
387 
576 
273 
13 
327 
900 
70 
763 
448 
46 
69 
45 
370 
657 
429 
350 
300 
937 
603 
1010 
518 
212 
367 
629 
407 
908 
322 
646 
1 
452 
430 
750 
152 
411 
913 
662 
270 
333 
894 
577 
237 
343 
352 
619 
702 
676 
661 
839 
171 
1042 
134 
217 
979 
581 
23 
215 
146 
79 
267 
413 
382 
193 
102 
1030 
42 
58 
588 
139 
696 
571 
469 
1033 
1018 
880 
526 
634 
666 
758 
428 
5 
637 
985 
871 
292 
351 
895 
848 
987 
746 
47 
251 
40 
995 
510 
902 
890 
847 
336 
175 
153 
20 
245 
194 
958 
761 
756 
475 
232 
527 
688 
1015 
334 
997 
358 
312 
812 
753 
77 
836 
260 
508 
506 
226 
238 
155 
707 
904 
195 
36 
535 
318 
1027 
476 
97 
178 
947 
936 
697 
681 
724 
114 
363 
660 
981 
885 
537 
749 
186 
413 
950 
546 
412 
543 
471 
404 
451 
23 
279 
469 
346 
66 
1034 
45 
249 
791 
347 
994 
943 
519 
311 
863 
170 
632 
820 
926 
932 
1016 
111 
956 
139 
82 
675 
963 
1 
825 
118 
687 
6 
781 
512 
1013 
396 
935 
379 
480 
491 
515 
540 
964 
99 
466 
614 
639 
452 
842 
905 
834 
844 
49 
822 
908 
876 
584 
100 
829 
769 
475 
788 
596 
598 
27 
273 
364 
795 
1029 
399 
805 
561 
233 
353 
67 
235 
651 
731 
637 
123 
951 
274 
807 
18 
1015 
645 
993 
244 
251 
918 
688 
410 
800 
37 
686 
109 
818 
879 
45 
15 
314 
649 
112 
356 
166 
485 
131 
930 
838 
797 
106 
288 
670 
574 
89 
454 
624 
970 
717 
590 
700 
658 
22 
808 
461 
646 
374 
70 
577 
1033 
41 
617 
522 
595 
514 
610 
419 
566 
813 
401 
821 
171 
986 
629 
245 
1007 
936 
500 
578 
148 
408 
442 
1049 
323 
83 
968 
677 
778 
1050 
679 
277 
291 
695 
313 
215 
180 
780 
830 
958 
147 
58 
78 
657 
1034 
1046 
1042 
216 
321 
1044 
516 
831 
899 
667 
212 
927 
384 
209 
736 
285 
680 
362 
784 
292 
184 
337 
794 
335 
145 
333 
662 
249 
412 
964 
571 
947 
162 
39 
366 
447 
420 
777 
113 
494 
553 
975 
67 
568 
402 
579 
411 
267 
164 
745 
476 
118 
917 
168 
289 
628 
394 
989 
727 
94 
856 
593 
953 
98 
620 
114 
238 
793 
17 
235 
663 
365 
791 
665 
378 
10 
342 
405 
797 
179 
683 
258 
150 
796 
1058 
183 
588 
478 
442 
550 
967 
1029 
763 
18 
1017 
921 
300 
149 
942 
325 
1013 
293 
635 
986 
640 
854 
297 
106 
637 
771 
556 
434 
239 
119 
83 
36 
845 
252 
1019 
466 
502 
188 
1048 
813 
891 
3 
781 
644 
943 
869 
457 
409 
73 
1040 
874 
979 
961 
894 
484 
696 
559 
472 
255 
277 
684 
46 
455 
105 
646 
158 
141 
772 
613 
533 
580 
109 
887 
70 
535 
430 
902 
963 
203 
244 
755 
341 
932 
429 
541 
703 
899 
662 
419 
1030 
28 
231 
594 
929 
743 
290 
228 
145 
370 
847 
721 
687 
632 
180 
669 
614 
19 
702 
671 
830 
621 
15 
711 
946 
839 
182 
1050 
816 
936 
190 
225 
90 
197 
410 
154 
170 
458 
953 
269 
1022 
483 
1001 
863 
949 
222 
49 
638 
361 
623 
75 
504 
21 
181 
780 
421 
558 
249 
529 
491 
35 
835 
47 
509 
474 
133 
9 
517 
750 
798 
645 
748 
348 
551 
320 
77 
523 
331 
534 
63 
599 
325 
595 
1016 
131 
187 
994 
519 
741 
966 
209 
137 
934 
695 
104 
1029 
960 
686 
838 
502 
272 
332 
4 
609 
327 
716 
892 
470 
732 
90 
311 
191 
765 
61 
280 
910 
423 
986 
718 
510 
251 
917 
67 
922 
836 
818 
719 
387 
570 
900 
301 
107 
450 
527 
788 
739 
541 
933 
226 
95 
55 
64 
536 
492 
572 
1012 
391 
578 
444 
914 
216 
620 
313 
696 
526 
411 
845 
169 
1050 
218 
984 
532 
726 
592 
262 
364 
34 
292 
890 
534 
645 
367 
372 
28 
322 
680 
862 
140 
584 
114 
968 
954 
38 
489 
974 
563 
611 
528 
752 
29 
243 
977 
549 
790 
394 
885 
899 
153 
799 
971 
614 
927 
993 
254 
583 
325 
586 
208 
312 
854 
559 
180 
196 
269 
987 
604 
145 
154 
713 
858 
1039 
174 
214 
701 
615 
617 
1025 
384 
190 
684 
440 
170 
1008 
104 
417 
930 
837 
848 
670 
579 
625 
115 
499 
179 
345 
53 
420 
484 
730 
937 
950 
130 
693 
531 
463 
128 
34 
757 
514 
464 
23 
1004 
373 
408 
956 
63 
465 
787 
826 
158 
379 
471 
754 
776 
838 
147 
280 
451 
342 
119 
672 
455 
926 
307 
747 
151 
136 
100 
698 
185 
215 
884 
556 
892 
445 
461 
205 
61 
247 
0 
331 
568 
238 
643 
470 
554 
819 
320 
14 
633 
1014 
504 
894 
864 
606 
662 
869 
183 
1010 
218 
64 
291 
996 
904 
92 
321 
344 
413 
619 
907 
593 
86 
378 
309 
962 
87 
548 
178 
334 
599 
274 
726 
399 
791 
806 
793 
959 
75 
727 
691 
244 
417 
748 
887 
863 
734 
276 
165 
644 
371 
51 
425 
209 
689 
517 
635 
871 
625 
750 
194 
207 
816 
318 
66 
70 
213 
299 
11 
1025 
951 
986 
610 
830 
396 
846 
261 
125 
714 
848 
160 
729 
979 
924 
648 
493 
367 
154 
97 
594 
245 
427 
198 
656 
897 
1052 
302 
797 
327 
540 
974 
204 
571 
124 
780 
516 
402 
932 
146 
258 
815 
880 
120 
487 
231 
955 
225 
158 
874 
909 
616 
174 
459 
980 
631 
852 
60 
438 
452 
911 
785 
721 
377 
470 
555 
341 
749 
575 
669 
638 
95 
725 
400 
705 
252 
12 
677 
393 
432 
159 
219 
202 
526 
217 
1031 
460 
902 
741 
349 
801 
854 
861 
151 
108 
505 
658 
145 
118 
953 
397 
814 
449 
206 
587 
978 
294 
926 
798 
277 
812 
311 
191 
25 
655 
135 
545 
847 
593 
19 
639 
356 
865 
972 
359 
49 
541 
529 
514 
709 
867 
1023 
195 
62 
84 
143 
167 
765 
760 
315 
501 
121 
1026 
335 
693 
634 
929 
223 
707 
369 
273 
563 
770 
513 
74 
673 
68 
117 
266 
366 
1029 
855 
989 
609 
437 
193 
147 
326 
379 
1033 
509 
819 
608 
336 
215 
205 
241 
708 
1012 
567 
317 
31 
994 
899 
77 
87 
734 
38 
606 
943 
83 
692 
954 
973 
474 
681 
670 
866 
597 
711 
187 
876 
682 
543 
268 
877 
144 
1049 
35 
90 
964 
419 
161 
381 
686 
179 
679 
1036 
398 
561 
1032 
429 
1014 
671 
491 
941 
615 
44 
718 
828 
440 
1043 
139 
152 
582 
779 
823 
675 
632 
385 
404 
473 
439 
364 
176 
416 
863 
660 
581 
759 
383 
844 
747 
732 
408 
198 
281 
32 
319 
557 
322 
751 
875 
942 
496 
532 
652 
75 
286 
288 
98 
573 
722 
296 
47 
6 
959 
405 
155 
647 
107 
64 
881 
298 
550 
123 
274 
923 
684 
468 
961 
1045 
453 
818 
669 
904 
746 
966 
753 
826 
772 
1022 
873 
63 
293 
482 
100 
229 
1060 
953 
850 
594 
598 
232 
955 
260 
1058 
247 
372 
313 
246 
659 
399 
713 
524 
624 
175 
860 
182 
569 
691 
801 
89 
666 
623 
1035 
785 
217 
956 
73 
1053 
162 
891 
392 
225 
263 
235 
1018 
832 
893 
194 
196 
709 
621 
618 
459 
793 
967 
858 
36 
921 
898 
871 
226 
518 
249 
132 
947 
538 
547 
493 
674 
1005 
699 
848 
370 
596 
949 
736 
948 
762 
651 
78 
251 
222 
590 
348 
84 
764 
1054 
178 
340 
851 
811 
513 
1055 
756 
257 
1011 
546 
902 
585 
909 
721 
204 
345 
195 
1007 
629 
216 
55 
470 
177 
212 
14 
724 
1016 
782 
530 
804 
42 
426 
833 
450 
462 
806 
349 
528 
812 
960 
766 
299 
421 
992 
633 
769 
128 
544 
695 
74 
525 
907 
108 
346 
770 
334 
423 
734 
119 
99 
938 
658 
337 
886 
244 
649 
570 
102 
543 
1042 
237 
790 
224 
1044 
861 
511 
657 
358 
1047 
48 
965 
393 
17 
646 
154 
357 
610 
197 
986 
402 
929 
502 
210 
1046 
72 
424 
980 
282 
56 
417 
526 
862 
13 
413 
1 
101 
853 
1057 
82 
740 
988 
906 
839 
983 
149 
534 
932 
40 
688 
318 
667 
1010 
117 
781 
1060 
59 
242 
689 
499 
802 
609 
867 
432 
437 
176 
180 
69 
552 
593 
884 
407 
920 
532 
845 
114 
428 
872 
694 
936 
490 
464 
869 
881 
252 
883 
957 
438 
944 
384 
930 
683 
838 
158 
390 
541 
840 
962 
215 
443 
1051 
441 
613 
468 
92 
825 
572 
896 
533 
908 
660 
433 
868 
248 
870 
574 
183 
205 
761 
276 
418 
985 
733 
94 
498 
895 
971 
38 
277 
360 
822 
828 
61 
588 
491 
752 
854 
134 
382 
990 
712 
687 
1006 
922 
483 
754 
776 
509 
355 
354 
587 
693 
527 
547 
931 
631 
749 
396 
1043 
559 
1049 
904 
308 
315 
16 
221 
954 
106 
165 
737 
773 
130 
302 
1048 
815 
294 
239 
391 
989 
336 
942 
915 
62 
1035 
876 
255 
1024 
504 
713 
918 
339 
475 
1009 
268 
558 
314 
605 
741 
249 
286 
271 
434 
765 
39 
274 
288 
696 
204 
643 
666 
753 
169 
524 
373 
503 
751 
57 
999 
801 
690 
711 
400 
718 
322 
967 
30 
750 
32 
406 
431 
745 
849 
203 
784 
199 
143 
182 
836 
52 
1023 
208 
680 
893 
88 
458 
817 
702 
528 
714 
213 
120 
952 
623 
632 
141 
510 
309 
970 
716 
47 
219 
654 
137 
243 
648 
789 
1002 
22 
179 
488 
692 
568 
167 
775 
132 
996 
362 
983 
493 
586 
783 
808 
536 
474 
497 
363 
1052 
555 
257 
841 
456 
41 
412 
174 
378 
5 
933 
236 
124 
326 
185 
307 
699 
561 
634 
677 
287 
409 
125 
25 
85 
1010 
152 
207 
649 
599 
984 
698 
620 
959 
343 
548 
719 
264 
72 
453 
894 
951 
691 
214 
940 
638 
898 
653 
46 
508 
534 
816 
948 
743 
1025 
636 
1012 
500 
871 
282 
537 
611 
630 
679 
1013 
766 
156 
194 
767 
846 
272 
457 
549 
580 
760 
110 
235 
927 
758 
168 
310 
601 
843 
247 
258 
233 
55 
791 
403 
755 
14 
135 
329 
519 
455 
600 
220 
492 
829 
161 
674 
968 
1007 
777 
149 
521 
845 
972 
731 
543 
573 
425 
299 
319 
656 
121 
797 
886 
237 
986 
459 
1038 
1004 
346 
452 
231 
222 
585 
53 
164 
627 
870 
739 
935 
803 
684 
444 
191 
1059 
160 
89 
616 
501 
793 
426 
449 
540 
567 
863 
278 
473 
38 
417 
953 
296 
705 
140 
321 
4 
647 
859 
407 
351 
671 
300 
209 
122 
323 
103 
6 
393 
835 
186 
374 
377 
724 
338 
695 
553 
71 
1042 
598 
1034 
104 
483 
383 
380 
733 
530 
569 
586 
240 
465 
94 
998 
686 
694 
404 
773 
246 
87 
1017 
570 
123 
824 
18 
747 
546 
587 
223 
302 
979 
367 
661 
988 
622 
349 
163 
47 
189 
113 
421 
65 
92 
461 
446 
466 
318 
925 
639 
646 
180 
1061 
1056 
651 
535 
510 
1030 
389 
344 
960 
878 
740 
650 
331 
868 
804 
62 
375 
1002 
125 
590 
102 
917 
899 
1041 
49 
769 
27 
973 
580 
406 
710 
983 
577 
861 
171 
596 
673 
834 
306 
176 
879 
718 
550 
526 
1022 
951 
680 
316 
153 
63 
987 
294 
967 
84 
363 
978 
286 
429 
138 
1033 
887 
305 
664 
758 
1050 
462 
956 
20 
29 
798 
1040 
619 
297 
852 
115 
594 
760 
549 
907 
900 
238 
853 
348 
1035 
427 
849 
1036 
888 
752 
216 
883 
716 
541 
82 
402 
734 
19 
882 
610 
911 
641 
962 
791 
336 
890 
267 
250 
384 
204 
1018 
771 
177 
920 
952 
840 
1028 
892 
155 
447 
763 
17 
439 
1057 
632 
941 
1025 
32 
995 
126 
856 
1031 
136 
904 
451 
365 
213 
490 
248 
1049 
612 
273 
645 
304 
832 
574 
308 
1048 
729 
1047 
721 
515 
759 
295 
266 
314 
518 
672 
197 
71 
16 
256 
836 
131 
986 
719 
2 
381 
484 
253 
4 
877 
201 
696 
801 
307 
948 
12 
571 
714 
70 
120 
438 
232 
561 
614 
61 
857 
534 
72 
914 
854 
627 
76 
407 
1020 
320 
327 
901 
1044 
474 
757 
947 
457 
319 
885 
934 
1006 
398 
426 
467 
1032 
559 
64 
505 
401 
409 
517 
989 
25 
533 
146 
181 
495 
1024 
98 
183 
413 
1053 
778 
520 
110 
609 
415 
545 
830 
871 
965 
445 
162 
83 
780 
538 
170 
807 
252 
272 
85 
86 
387 
624 
889 
570 
116 
507 
598 
506 
927 
99 
281 
242 
547 
392 
707 
894 
84 
588 
389 
872 
45 
408 
313 
67 
55 
144 
192 
411 
100 
779 
40 
472 
708 
246 
1008 
452 
546 
738 
563 
630 
991 
997 
1055 
744 
982 
628 
311 
145 
762 
768 
443 
960 
139 
717 
905 
733 
929 
848 
643 
937 
602 
372 
497 
805 
527 
625 
194 
621 
102 
906 
255 
1043 
154 
163 
638 
873 
584 
1034 
936 
262 
820 
224 
844 
368 
688 
815 
583 
31 
257 
932 
754 
691 
302 
459 
654 
230 
569 
105 
179 
637 
776 
525 
382 
869 
278 
1036 
810 
653 
540 
812 
299 
567 
605 
970 
753 
856 
309 
103 
11 
351 
773 
394 
315 
813 
191 
185 
88 
147 
430 
496 
743 
1054 
177 
231 
532 
333 
323 
684 
961 
794 
14 
240 
24 
207 
501 
59 
662 
800 
69 
701 
1005 
8 
48 
464 
125 
89 
437 
271 
176 
482 
772 
210 
916 
731 
565 
317 
239 
589 
388 
1021 
949 
385 
47 
846 
118 
918 
467 
740 
190 
977 
736 
180 
362 
619 
369 
1019 
629 
44 
399 
188 
150 
196 
993 
601 
727 
943 
828 
13 
788 
155 
50 
683 
498 
287 
175 
511 
79 
851 
390 
954 
349 
849 
61 
249 
60 
661 
397 
784 
632 
228 
219 
745 
487 
1011 
803 
917 
68 
91 
1001 
234 
1060 
151 
298 
867 
174 
930 
1030 
1 
604 
115 
537 
698 
971 
908 
264 
370 
552 
724 
5 
46 
593 
808 
259 
1000 
1038 
36 
1037 
306 
541 
967 
169 
639 
579 
549 
912 
241 
646 
996 
160 
380 
455 
682 
771 
986 
989 
1051 
54 
620 
742 
636 
354 
874 
245 
460 
441 
704 
1009 
10 
213 
777 
524 
493 
481 
393 
819 
839 
466 
324 
783 
96 
806 
218 
25 
327 
608 
809 
225 
85 
270 
880 
611 
288 
973 
551 
641 
331 
677 
252 
647 
822 
923 
652 
763 
770 
148 
202 
625 
811 
941 
902 
476 
831 
630 
688 
702 
363 
429 
964 
615 
570 
273 
929 
782 
981 
1044 
52 
518 
143 
603 
842 
376 
947 
92 
634 
904 
931 
95 
106 
178 
898 
366 
294 
1050 
235 
959 
415 
609 
884 
992 
942 
135 
286 
697 
112 
749 
879 
613 
750 
817 
1055 
384 
64 
614 
987 
1017 
897 
713 
583 
1010 
157 
591 
124 
751 
431 
767 
587 
586 
845 
914 
353 
23 
719 
274 
206 
260 
339 
208 
928 
779 
209 
111 
878 
161 
709 
523 
875 
406 
416 
490 
622 
356 
649 
772 
678 
94 
452 
166 
669 
572 
1002 
910 
969 
191 
292 
972 
221 
693 
492 
199 
744 
381 
140 
936 
133 
796 
1015 
505 
528 
631 
657 
80 
478 
850 
507 
129 
887 
75 
797 
521 
706 
762 
319 
994 
601 
757 
14 
421 
760 
906 
290 
827 
370 
512 
348 
529 
675 
952 
453 
701 
877 
358 
402 
267 
357 
156 
432 
696 
282 
554 
1005 
47 
266 
503 
428 
403 
514 
436 
16 
56 
265 
496 
890 
546 
100 
1013 
1014 
996 
633 
1049 
425 
76 
277 
187 
606 
9 
200 
568 
983 
49 
888 
497 
758 
130 
597 
548 
765 
464 
768 
864 
170 
813 
741 
707 
618 
818 
984 
685 
680 
681 
317 
98 
31 
340 
687 
123 
927 
909 
24 
565 
302 
891 
643 
720 
672 
43 
830 
385 
299 
32 
734 
70 
590 
434 
953 
441 
549 
722 
363 
698 
575 
215 
1024 
658 
1033 
858 
346 
22 
225 
246 
476 
562 
745 
876 
59 
96 
291 
414 
46 
547 
410 
304 
840 
20 
188 
582 
480 
216 
929 
121 
536 
577 
733 
351 
158 
88 
321 
956 
467 
181 
753 
653 
550 
315 
883 
173 
398 
29 
1044 
979 
168 
373 
746 
990 
17 
666 
894 
919 
789 
1059 
247 
1019 
412 
728 
11 
638 
974 
1043 
462 
970 
440 
555 
619 
665 
807 
793 
285 
469 
752 
651 
256 
461 
85 
879 
113 
873 
659 
907 
53 
683 
1027 
525 
599 
610 
35 
530 
895 
718 
311 
686 
417 
1051 
255 
68 
174 
318 
559 
139 
276 
629 
739 
268 
868 
1026 
527 
86 
688 
642 
301 
1057 
566 
616 
37 
567 
581 
224 
248 
834 
797 
296 
504 
446 
784 
964 
164 
234 
716 
165 
516 
773 
82 
460 
785 
930 
968 
259 
1028 
295 
1006 
451 
283 
641 
609 
107 
586 
1046 
958 
375 
470 
617 
494 
197 
219 
251 
859 
812 
468 
456 
571 
4 
146 
518 
34 
557 
755 
355 
614 
961 
860 
178 
226 
269 
360 
817 
244 
792 
288 
1003 
228 
778 
634 
791 
429 
674 
209 
949 
765 
623 
996 
148 
602 
899 
893 
419 
393 
84 
300 
828 
396 
576 
937 
308 
552 
867 
94 
723 
769 
443 
275 
472 
320 
177 
204 
914 
151 
670 
116 
13 
587 
391 
238 
1032 
211 
227 
1011 
167 
717 
759 
479 
989 
655 
980 
901 
147 
38 
1001 
911 
596 
127 
384 
403 
505 
115 
647 
66 
697 
983 
314 
878 
836 
824 
705 
309 
678 
548 
426 
976 
788 
838 
603 
648 
128 
284 
740 
830 
71 
266 
155 
455 
95 
604 
756 
986 
1016 
574 
874 
286 
598 
922 
442 
500 
495 
335 
105 
917 
856 
452 
918 
159 
831 
411 
725 
618 
880 
78 
343 
992 
415 
458 
938 
344 
273 
627 
781 
380 
872 
770 
207 
810 
232 
789 
568 
861 
783 
800 
445 
928 
364 
988 
902 
855 
130 
453 
842 
119 
978 
753 
929 
91 
253 
108 
428 
280 
892 
926 
727 
274 
131 
106 
438 
233 
72 
693 
635 
486 
521 
947 
936 
700 
775 
437 
850 
563 
245 
434 
1020 
239 
278 
372 
963 
175 
972 
469 
484 
833 
497 
701 
931 
432 
528 
421 
99 
762 
524 
307 
427 
45 
187 
11 
184 
349 
777 
210 
791 
897 
547 
125 
987 
25 
663 
662 
388 
920 
341 
378 
359 
382 
477 
163 
562 
498 
804 
556 
719 
282 
107 
808 
612 
489 
1042 
572 
12 
276 
903 
56 
858 
539 
642 
24 
868 
1056 
57 
492 
732 
906 
821 
854 
1 
743 
87 
611 
995 
649 
110 
132 
799 
694 
80 
747 
220 
811 
916 
780 
93 
565 
15 
338 
533 
473 
815 
703 
347 
869 
840 
898 
267 
946 
111 
527 
263 
884 
385 
222 
250 
85 
835 
470 
345 
84 
395 
213 
709 
436 
1043 
608 
368 
483 
674 
711 
828 
148 
501 
1027 
630 
311 
1053 
65 
751 
300 
862 
271 
126 
664 
654 
621 
875 
142 
749 
606 
713 
193 
640 
409 
1007 
490 
166 
594 
739 
118 
885 
757 
177 
1022 
961 
281 
698 
959 
790 
2 
809 
923 
13 
190 
754 
168 
340 
702 
37 
98 
519 
156 
933 
953 
526 
1021 
292 
768 
262 
243 
95 
133 
585 
1014 
932 
137 
60 
20 
287 
157 
785 
915 
638 
178 
571 
619 
934 
921 
356 
44 
686 
23 
530 
646 
352 
512 
699 
782 
891 
601 
61 
599 
479 
201 
830 
738 
692 
905 
244 
373 
1059 
88 
814 
122 
578 
283 
982 
615 
456 
488 
550 
944 
890 
275 
92 
677 
485 
26 
258 
912 
209 
1061 
260 
942 
807 
233 
560 
644 
70 
66 
607 
628 
242 
820 
593 
672 
438 
561 
706 
108 
387 
520 
272 
795 
850 
817 
882 
430 
679 
645 
419 
529 
666 
894 
128 
109 
67 
361 
787 
531 
215 
117 
439 
384 
230 
508 
124 
538 
367 
483 
231 
296 
472 
457 
826 
856 
669 
444 
165 
221 
486 
382 
227 
800 
379 
251 
813 
54 
802 
235 
997 
196 
760 
680 
810 
493 
256 
803 
566 
34 
204 
889 
776 
852 
1006 
97 
886 
943 
12 
629 
1013 
22 
791 
237 
81 
228 
857 
280 
307 
470 
892 
766 
82 
7 
708 
301 
971 
304 
592 
935 
266 
357 
763 
1035 
1044 
1033 
161 
589 
719 
288 
510 
440 
552 
968 
72 
634 
240 
404 
844 
446 
737 
96 
1008 
721 
8 
864 
412 
17 
652 
966 
153 
883 
455 
999 
49 
303 
690 
743 
253 
179 
421 
746 
172 
846 
347 
664 
428 
169 
39 
551 
516 
223 
633 
306 
784 
1017 
1055 
125 
678 
248 
216 
1056 
278 
557 
241 
322 
788 
955 
973 
779 
833 
154 
635 
957 
665 
363 
104 
689 
509 
1058 
515 
320 
360 
30 
277 
770 
250 
824 
783 
183 
114 
362 
792 
188 
823 
917 
264 
853 
290 
598 
648 
46 
417 
586 
496 
403 
298 
724 
19 
393 
617 
1057 
1001 
555 
543 
191 
976 
90 
195 
896 
1007 
960 
217 
425 
57 
335 
705 
603 
556 
424 
606 
334 
573 
1052 
211 
269 
1030 
812 
383 
480 
76 
336 
1018 
214 
321 
693 
326 
710 
202 
1051 
542 
964 
143 
674 
1053 
866 
368 
675 
969 
961 
175 
514 
725 
500 
549 
860 
722 
868 
660 
876 
970 
38 
963 
56 
170 
398 
524 
1019 
588 
234 
831 
994 
569 
6 
148 
15 
129 
190 
897 
224 
744 
546 
503 
745 
780 
951 
314 
345 
1009 
265 
887 
998 
119 
914 
402 
1004 
1003 
699 
5 
83 
140 
888 
847 
91 
613 
517 
518 
765 
869 
465 
69 
64 
623 
399 
494 
902 
492 
451 
504 
974 
979 
923 
36 
329 
624 
144 
906 
178 
1037 
107 
244 
1 
985 
936 
681 
349 
105 
213 
536 
226 
1005 
513 
615 
113 
696 
559 
986 
14 
276 
881 
950 
313 
350 
929 
741 
332 
475 
444 
611 
775 
975 
882 
463 
1031 
192 
354 
731 
819 
778 
255 
420 
40 
379 
181 
871 
80 
263 
25 
827 
411 
679 
512 
706 
718 
272 
797 
118 
182 
222 
688 
838 
261 
884 
418 
717 
1046 
388 
909 
626 
52 
375 
423 
477 
530 
614 
201 
289 
351 
325 
980 
71 
502 
13 
806 
23 
639 
858 
462 
843 
649 
735 
474 
560 
972 
996 
209 
85 
452 
684 
903 
926 
562 
147 
165 
416 
328 
809 
199 
625 
341 
533 
595 
460 
310 
571 
4 
815 
525 
317 
212 
67 
405 
93 
180 
312 
742 
3 
41 
442 
589 
794 
389 
747 
608 
207 
791 
593 
987 
640 
59 
995 
457 
977 
409 
609 
954 
545 
150 
156 
716 
878 
700 
908 
768 
499 
921 
343 
274 
242 
666 
359 
694 
87 
282 
58 
177 
232 
294 
813 
854 
130 
108 
867 
925 
1015 
132 
898 
1006 
414 
789 
89 
505 
179 
984 
137 
653 
60 
529 
958 
377 
873 
805 
698 
368 
581 
527 
541 
790 
978 
669 
149 
241 
834 
394 
470 
905 
599 
44 
459 
454 
406 
932 
772 
554 
247 
435 
999 
832 
848 
75 
31 
506 
1008 
348 
353 
323 
528 
965 
732 
911 
1047 
94 
1057 
773 
285 
468 
88 
979 
271 
544 
62 
469 
705 
1012 
135 
737 
346 
385 
1059 
395 
1020 
540 
451 
2 
682 
114 
197 
330 
446 
890 
219 
1001 
535 
638 
637 
443 
258 
111 
859 
47 
756 
922 
801 
45 
246 
939 
166 
20 
268 
675 
668 
249 
171 
43 
590 
840 
305 
764 
265 
298 
158 
691 
392 
552 
1048 
96 
393 
652 
919 
69 
449 
245 
304 
302 
1021 
501 
538 
15 
670 
295 
800 
163 
913 
1014 
8 
808 
522 
103 
490 
99 
78 
957 
962 
326 
143 
288 
315 
654 
659 
573 
635 
889 
441 
783 
1017 
901 
693 
155 
628 
861 
988 
410 
407 
48 
128 
727 
51 
126 
820 
481 
146 
826 
21 
90 
267 
548 
482 
981 
949 
604 
910 
1029 
1036 
713 
273 
118 
754 
358 
170 
1010 
537 
205 
61 
616 
329 
627 
961 
1013 
278 
641 
418 
935 
26 
779 
508 
127 
427 
507 
686 
122 
598 
738 
22 
120 
167 
318 
500 
722 
526 
1058 
1000 
145 
662 
591 
758 
799 
782 
928 
214 
497 
357 
347 
334 
455 
379 
463 
362 
235 
774 
89 
519 
632 
833 
971 
371 
514 
131 
485 
931 
202 
877 
1052 
739 
765 
869 
324 
1028 
1027 
704 
646 
564 
71 
837 
55 
360 
467 
543 
142 
221 
914 
28 
888 
189 
112 
660 
744 
261 
17 
263 
757 
642 
174 
1026 
322 
1040 
401 
303 
436 
428 
475 
609 
841 
948 
220 
164 
741 
992 
183 
411 
398 
730 
237 
536 
196 
446 
778 
336 
372 
1039 
44 
54 
629 
579 
656 
818 
556 
1009 
811 
947 
307 
559 
487 
231 
954 
243 
277 
134 
93 
709 
687 
178 
290 
860 
951 
430 
520 
412 
785 
25 
868 
858 
1049 
585 
211 
480 
950 
851 
648 
587 
27 
879 
1042 
450 
420 
821 
926 
804 
399 
73 
154 
312 
79 
141 
1034 
924 
980 
714 
447 
558 
829 
254 
489 
125 
85 
194 
695 
416 
471 
14 
495 
46 
291 
937 
768 
718 
483 
168 
883 
225 
240 
153 
835 
707 
998 
354 
284 
975 
1061 
875 
465 
250 
562 
606 
266 
711 
1054 
864 
983 
780 
777 
747 
107 
10 
337 
789 
900 
1021 
715 
775 
716 
615 
195 
597 
637 
776 
276 
76 
242 
279 
199 
685 
366 
945 
200 
119 
986 
224 
232 
370 
57 
580 
274 
41 
1018 
302 
1044 
433 
292 
439 
531 
502 
339 
645 
479 
753 
856 
661 
907 
67 
391 
1035 
903 
925 
794 
639 
405 
939 
34 
518 
101 
409 
234 
472 
814 
423 
137 
461 
1041 
1050 
532 
968 
367 
831 
867 
952 
198 
748 
1023 
124 
256 
216 
223 
1024 
684 
171 
239 
210 
961 
613 
229 
241 
327 
631 
376 
566 
547 
672 
680 
969 
438 
498 
188 
40 
84 
822 
363 
594 
966 
589 
102 
1030 
92 
982 
732 
228 
665 
634 
1 
62 
1013 
121 
378 
836 
793 
12 
129 
956 
958 
652 
83 
572 
569 
641 
488 
32 
658 
791 
432 
878 
691 
6 
184 
454 
735 
182 
713 
861 
185 
784 
599 
999 
810 
799 
595 
664 
874 
743 
396 
742 
839 
809 
877 
169 
81 
470 
696 
702 
26 
320 
790 
74 
521 
540 
133 
289 
190 
985 
316 
674 
288 
1020 
451 
397 
933 
574 
380 
233 
308 
1010 
108 
33 
802 
909 
1016 
156 
136 
296 
113 
192 
434 
203 
751 
722 
59 
746 
953 
733 
355 
820 
382 
258 
457 
703 
270 
860 
322 
774 
414 
749 
253 
89 
592 
709 
504 
769 
890 
837 
1045 
27 
48 
620 
1039 
881 
618 
180 
967 
1059 
625 
353 
250 
970 
286 
931 
334 
374 
805 
862 
424 
165 
373 
24 
65 
377 
647 
143 
723 
319 
590 
598 
18 
755 
725 
873 
23 
1011 
698 
179 
995 
910 
11 
237 
372 
626 
525 
838 
1033 
892 
25 
221 
364 
717 
132 
147 
1058 
392 
994 
205 
1061 
648 
381 
712 
530 
537 
786 
927 
972 
600 
217 
887 
456 
879 
976 
989 
330 
849 
455 
146 
87 
207 
697 
471 
889 
447 
159 
202 
763 
268 
262 
987 
514 
587 
45 
183 
845 
2 
130 
7 
801 
1025 
1031 
135 
144 
757 
474 
303 
467 
895 
56 
152 
868 
690 
710 
359 
663 
375 
453 
343 
517 
17 
580 
443 
528 
554 
567 
1014 
315 
366 
622 
428 
164 
787 
484 
232 
591 
271 
998 
103 
67 
957 
80 
212 
263 
979 
166 
683 
737 
608 
188 
793 
681 
47 
779 
361 
611 
930 
1037 
240 
323 
705 
992 
494 
508 
667 
729 
277 
292 
597 
101 
291 
632 
646 
186 
193 
370 
468 
53 
922 
299 
1023 
610 
527 
415 
813 
629 
194 
635 
965 
452 
225 
58 
981 
86 
584 
784 
111 
652 
254 
566 
656 
304 
1007 
300 
422 
489 
840 
496 
660 
529 
50 
141 
833 
628 
854 
791 
999 
788 
21 
350 
753 
588 
125 
548 
940 
627 
649 
736 
688 
1006 
870 
1056 
1050 
227 
400 
311 
81 
479 
865 
317 
1017 
75 
387 
39 
108 
513 
1020 
211 
942 
104 
342 
606 
341 
1001 
501 
31 
684 
503 
1048 
959 
747 
204 
855 
977 
260 
1011 
170 
409 
923 
408 
905 
187 
451 
116 
109 
991 
969 
703 
267 
382 
851 
328 
702 
743 
616 
812 
825 
344 
218 
314 
461 
978 
72 
297 
191 
848 
604 
8 
692 
1003 
0 
249 
735 
229 
472 
516 
993 
102 
545 
607 
837 
772 
645 
27 
860 
174 
13 
85 
954 
79 
583 
941 
74 
487 
255 
816 
176 
483 
97 
343 
1012 
385 
213 
12 
896 
603 
285 
238 
324 
348 
259 
824 
384 
444 
859 
768 
309 
41 
431 
510 
401 
282 
223 
924 
799 
235 
192 
60 
535 
100 
291 
987 
203 
741 
820 
834 
883 
46 
122 
442 
714 
1021 
305 
419 
915 
340 
886 
949 
755 
145 
405 
336 
264 
643 
983 
1018 
844 
106 
523 
22 
117 
457 
128 
696 
744 
265 
585 
648 
697 
1060 
790 
202 
463 
220 
712 
250 
815 
332 
415 
453 
420 
37 
316 
900 
693 
345 
654 
36 
80 
57 
574 
492 
507 
150 
363 
470 
835 
140 
486 
397 
811 
160 
796 
42 
78 
359 
426 
745 
373 
709 
868 
68 
972 
775 
787 
519 
766 
371 
694 
481 
964 
944 
909 
10 
1002 
577 
995 
327 
509 
270 
244 
390 
822 
425 
767 
18 
917 
609 
424 
92 
96 
454 
602 
300 
398 
539 
83 
445 
576 
808 
986 
88 
159 
498 
776 
725 
95 
199 
119 
478 
852 
667 
572 
620 
133 
971 
554 
330 
794 
402 
936 
67 
596 
734 
237 
669 
807 
349 
1029 
325 
785 
432 
921 
488 
410 
307 
278 
880 
580 
491 
188 
680 
233 
632 
171 
288 
582 
148 
551 
153 
241 
418 
169 
630 
578 
289 
530 
1044 
994 
130 
739 
625 
742 
89 
806 
556 
505 
951 
963 
515 
929 
981 
131 
759 
1051 
604 
976 
296 
911 
511 
417 
103 
271 
555 
730 
615 
1055 
375 
881 
339 
671 
688 
817 
43 
438 
189 
500 
165 
495 
142 
710 
35 
709 
841 
248 
476 
581 
1033 
195 
940 
484 
324 
178 
183 
109 
637 
389 
141 
814 
380 
107 
351 
54 
198 
771 
887 
227 
474 
938 
884 
752 
121 
146 
60 
66 
1009 
279 
14 
52 
1013 
6 
152 
368 
151 
217 
84 
631 
125 
259 
464 
20 
1025 
456 
660 
292 
179 
449 
346 
502 
610 
369 
873 
966 
294 
638 
970 
144 
503 
377 
769 
644 
462 
29 
587 
943 
1010 
534 
518 
726 
1 
1047 
21 
791 
157 
482 
849 
477 
614 
413 
1060 
692 
804 
266 
427 
341 
154 
446 
711 
872 
560 
33 
483 
691 
893 
840 
1021 
599 
589 
590 
1038 
982 
297 
885 
1036 
925 
318 
56 
797 
928 
1008 
535 
803 
501 
358 
1005 
230 
699 
211 
295 
499 
991 
869 
657 
110 
489 
487 
300 
391 
860 
597 
891 
967 
314 
549 
713 
619 
214 
216 
1050 
796 
846 
693 
204 
419 
586 
922 
451 
931 
251 
51 
331 
434 
624 
356 
992 
531 
772 
378 
430 
674 
722 
90 
192 
448 
850 
244 
255 
858 
205 
754 
334 
764 
432 
1037 
224 
74 
871 
1012 
194 
222 
257 
452 
394 
436 
512 
167 
119 
898 
1023 
919 
148 
527 
550 
466 
9 
471 
874 
111 
843 
40 
915 
799 
682 
423 
428 
611 
954 
727 
861 
58 
136 
782 
276 
392 
46 
439 
519 
249 
853 
247 
816 
91 
371 
63 
681 
899 
975 
1034 
11 
703 
4 
191 
303 
196 
533 
529 
325 
473 
656 
1044 
143 
461 
1056 
55 
475 
825 
986 
654 
286 
27 
494 
123 
317 
942 
979 
42 
993 
340 
740 
344 
777 
239 
479 
941 
591 
744 
117 
814 
636 
264 
917 
302 
719 
733 
665 
900 
972 
795 
366 
32 
342 
407 
23 
151 
558 
577 
786 
485 
675 
540 
887 
851 
296 
301 
354 
844 
1027 
876 
523 
700 
735 
521 
71 
823 
940 
937 
291 
59 
1022 
57 
623 
999 
964 
1054 
561 
48 
525 
508 
664 
373 
424 
829 
138 
481 
834 
890 
513 
421 
687 
1049 
236 
69 
827 
776 
921 
863 
641 
299 
784 
92 
287 
520 
588 
913 
450 
773 
447 
557 
387 
738 
934 
355 
7 
266 
746 
41 
24 
617 
672 
85 
467 
385 
837 
518 
1011 
267 
174 
720 
842 
912 
328 
219 
197 
343 
188 
524 
988 
80 
543 
852 
751 
47 
819 
440 
894 
668 
831 
179 
75 
429 
61 
856 
106 
146 
22 
122 
175 
331 
60 
150 
932 
504 
628 
771 
273 
411 
1007 
596 
405 
997 
410 
544 
815 
330 
180 
799 
372 
916 
397 
1031 
563 
441 
270 
193 
926 
428 
739 
398 
584 
985 
416 
509 
539 
488 
725 
386 
705 
374 
77 
95 
132 
902 
306 
816 
25 
476 
958 
53 
478 
435 
715 
209 
807 
788 
721 
875 
250 
14 
820 
908 
974 
326 
723 
536 
640 
110 
496 
811 
580 
669 
880 
838 
510 
396 
818 
127 
101 
895 
808 
403 
925 
445 
256 
446 
186 
204 
254 
532 
487 
680 
320 
928 
165 
635 
466 
709 
214 
587 
50 
230 
1010 
235 
480 
158 
257 
88 
233 
882 
368 
443 
1006 
626 
333 
379 
854 
753 
789 
1030 
243 
500 
315 
64 
351 
199 
10 
457 
686 
1018 
414 
801 
1008 
156 
161 
319 
502 
115 
770 
853 
202 
361 
160 
769 
109 
575 
337 
262 
969 
774 
181 
357 
609 
338 
568 
241 
828 
360 
1051 
133 
107 
558 
675 
251 
56 
533 
460 
743 
878 
341 
980 
463 
451 
464 
989 
470 
1026 
610 
649 
965 
247 
423 
868 
280 
497 
565 
283 
749 
100 
758 
437 
961 
993 
124 
636 
303 
576 
618 
246 
489 
835 
514 
608 
632 
302 
220 
957 
29 
747 
857 
249 
155 
452 
791 
285 
845 
562 
216 
600 
339 
792 
661 
859 
170 
140 
402 
537 
701 
992 
475 
284 
469 
548 
112 
623 
768 
84 
135 
45 
201 
905 
917 
695 
710 
153 
910 
48 
821 
755 
528 
984 
872 
349 
809 
200 
515 
540 
551 
790 
290 
593 
196 
213 
643 
630 
639 
73 
314 
684 
432 
951 
364 
621 
909 
49 
359 
536 
335 
1005 
646 
477 
67 
465 
1024 
356 
173 
316 
420 
674 
471 
419 
411 
975 
833 
744 
151 
79 
278 
657 
484 
163 
995 
5 
760 
637 
972 
784 
384 
559 
1060 
629 
1029 
22 
228 
190 
1 
94 
277 
373 
267 
840 
955 
17 
449 
799 
782 
991 
89 
274 
493 
848 
439 
44 
12 
545 
66 
813 
229 
923 
139 
224 
590 
212 
841 
378 
370 
827 
526 
942 
746 
125 
873 
522 
916 
829 
288 
805 
380 
427 
877 
239 
1020 
665 
667 
399 
482 
58 
468 
434 
82 
949 
550 
511 
39 
258 
162 
547 
8 
334 
1056 
893 
945 
999 
429 
506 
436 
541 
549 
225 
142 
330 
404 
503 
702 
973 
203 
191 
696 
881 
756 
1045 
54 
831 
448 
462 
979 
374 
938 
231 
47 
499 
223 
690 
1004 
624 
102 
215 
217 
467 
268 
398 
732 
495 
538 
602 
176 
810 
731 
742 
815 
531 
668 
20 
498 
882 
136 
834 
650 
218 
369 
704 
2 
579 
1048 
733 
76 
564 
184 
485 
543 
240 
178 
206 
645 
1018 
921 
371 
433 
34 
794 
988 
907 
933 
395 
773 
46 
641 
237 
1039 
552 
901 
953 
1042 
431 
544 
724 
472 
649 
854 
560 
336 
110 
396 
571 
90 
104 
926 
377 
158 
599 
1032 
137 
832 
344 
683 
207 
1054 
250 
941 
753 
107 
929 
0 
556 
987 
227 
269 
966 
523 
652 
947 
496 
581 
607 
367 
935 
1024 
333 
238 
122 
309 
1047 
416 
418 
777 
915 
42 
605 
99 
165 
298 
300 
226 
505 
57 
347 
37 
451 
719 
817 
445 
60 
578 
960 
540 
124 
204 
161 
851 
199 
811 
210 
642 
222 
407 
604 
978 
989 
234 
189 
993 
197 
943 
393 
855 
995 
85 
1025 
986 
192 
289 
310 
359 
681 
971 
254 
715 
792 
806 
567 
705 
800 
852 
4 
1023 
867 
983 
970 
660 
729 
814 
655 
890 
318 
706 
146 
632 
80 
825 
722 
707 
964 
388 
424 
888 
1000 
71 
177 
301 
763 
357 
774 
11 
791 
41 
635 
601 
721 
741 
470 
151 
1017 
829 
885 
21 
830 
457 
675 
426 
628 
593 
586 
797 
77 
466 
56 
73 
981 
522 
36 
555 
994 
454 
62 
769 
346 
397 
244 
43 
998 
342 
409 
1033 
710 
340 
380 
55 
282 
955 
748 
904 
911 
487 
97 
471 
209 
554 
673 
893 
343 
392 
846 
1037 
428 
61 
687 
821 
497 
918 
17 
758 
356 
889 
743 
102 
279 
636 
789 
876 
913 
984 
188 
512 
784 
839 
490 
546 
365 
1031 
868 
647 
728 
150 
818 
841 
10 
761 
997 
511 
181 
656 
771 
53 
163 
1060 
196 
402 
718 
488 
688 
870 
891 
1004 
661 
840 
441 
709 
1009 
912 
266 
211 
587 
180 
70 
140 
96 
672 
13 
948 
24 
303 
157 
689 
999 
250 
401 
414 
421 
312 
314 
634 
1016 
663 
865 
1041 
677 
1014 
79 
711 
595 
1020 
394 
896 
990 
167 
698 
590 
148 
138 
217 
200 
308 
382 
717 
233 
614 
508 
45 
666 
526 
757 
256 
1050 
631 
52 
329 
377 
714 
307 
919 
103 
48 
241 
322 
410 
950 
1038 
149 
649 
162 
25 
659 
952 
833 
220 
625 
369 
810 
18 
1015 
739 
638 
513 
633 
665 
59 
252 
283 
875 
440 
183 
579 
1008 
700 
584 
237 
249 
326 
1055 
330 
532 
802 
691 
439 
115 
597 
610 
469 
111 
128 
982 
525 
267 
1024 
527 
1012 
630 
519 
668 
667 
582 
1028 
450 
589 
300 
922 
903 
122 
969 
60 
539 
752 
936 
842 
215 
856 
724 
476 
850 
348 
459 
204 
898 
257 
107 
494 
754 
8 
736 
385 
456 
605 
858 
350 
360 
187 
520 
259 
287 
40 
781 
376 
905 
158 
238 
168 
404 
674 
801 
992 
1036 
15 
978 
996 
988 
733 
315 
804 
432 
35 
751 
877 
3 
917 
14 
74 
268 
134 
928 
899 
929 
171 
548 
44 
174 
968 
57 
126 
958 
592 
347 
1003 
213 
263 
820 
573 
1047 
811 
750 
166 
815 
475 
461 
317 
6 
19 
205 
837 
826 
280 
813 
557 
641 
1046 
349 
1048 
574 
806 
218 
622 
1045 
381 
940 
861 
789 
848 
105 
1029 
565 
577 
552 
555 
20 
472 
121 
503 
777 
85 
147 
483 
882 
1039 
943 
681 
87 
489 
650 
1016 
773 
949 
980 
463 
731 
113 
246 
786 
746 
550 
232 
1035 
540 
932 
131 
624 
42 
697 
431 
843 
994 
265 
110 
289 
534 
536 
713 
89 
64 
499 
109 
413 
796 
753 
792 
192 
710 
767 
335 
699 
517 
190 
607 
224 
742 
67 
182 
528 
358 
974 
395 
1011 
368 
151 
416 
209 
853 
297 
118 
320 
359 
504 
762 
686 
353 
258 
872 
36 
862 
10 
137 
924 
653 
538 
643 
831 
102 
671 
541 
144 
738 
642 
129 
966 
651 
854 
235 
1007 
29 
406 
323 
370 
704 
491 
388 
892 
56 
65 
186 
447 
1000 
479 
1041 
570 
384 
689 
372 
652 
954 
748 
840 
81 
551 
714 
436 
485 
343 
722 
292 
383 
245 
441 
502 
709 
467 
766 
256 
838 
879 
386 
939 
272 
106 
496 
39 
505 
82 
791 
959 
202 
239 
962 
797 
240 
301 
893 
886 
344 
23 
286 
768 
313 
902 
623 
139 
316 
894 
362 
99 
222 
694 
216 
798 
937 
578 
176 
211 
1 
264 
61 
403 
1052 
90 
427 
688 
645 
470 
561 
542 
262 
1025 
115 
125 
529 
183 
271 
379 
164 
438 
621 
247 
802 
814 
726 
942 
822 
836 
559 
124 
620 
302 
901 
291 
122 
449 
991 
864 
805 
58 
734 
526 
711 
670 
107 
587 
446 
513 
279 
429 
916 
749 
755 
133 
684 
488 
821 
705 
501 
1009 
1048 
850 
127 
736 
500 
1033 
912 
832 
93 
757 
727 
681 
934 
374 
761 
432 
878 
873 
37 
774 
253 
404 
794 
875 
2 
927 
398 
34 
358 
756 
560 
613 
589 
188 
347 
455 
582 
92 
459 
248 
523 
583 
626 
330 
382 
896 
350 
242 
903 
829 
162 
812 
480 
298 
327 
60 
1043 
569 
907 
732 
518 
135 
377 
387 
440 
173 
931 
428 
925 
525 
751 
145 
657 
839 
741 
819 
1014 
407 
212 
419 
408 
826 
592 
784 
50 
723 
78 
205 
319 
51 
371 
453 
326 
799 
308 
715 
516 
381 
321 
116 
41 
737 
618 
273 
742 
813 
760 
1029 
504 
911 
947 
780 
910 
950 
259 
484 
778 
1055 
951 
938 
606 
388 
892 
848 
617 
65 
905 
515 
126 
165 
640 
28 
357 
338 
445 
341 
909 
491 
312 
108 
856 
461 
704 
586 
120 
182 
1 
721 
889 
263 
643 
507 
941 
361 
527 
820 
55 
70 
847 
465 
517 
648 
682 
745 
399 
849 
104 
300 
921 
644 
1058 
208 
718 
915 
393 
333 
830 
102 
697 
952 
807 
464 
487 
466 
317 
403 
36 
258 
923 
114 
883 
309 
187 
635 
494 
239 
1051 
456 
448 
534 
843 
422 
420 
140 
510 
97 
1049 
32 
920 
472 
990 
454 
394 
768 
866 
246 
725 
949 
506 
861 
775 
785 
639 
384 
307 
1003 
960 
214 
759 
172 
474 
773 
651 
1030 
316 
884 
827 
691 
1026 
228 
103 
1039 
68 
796 
963 
904 
552 
267 
1019 
303 
658 
289 
322 
133 
481 
574 
96 
342 
1005 
335 
509 
370 
1022 
838 
6 
260 
255 
771 
476 
709 
378 
630 
966 
945 
391 
988 
562 
810 
779 
781 
519 
659 
693 
62 
368 
842 
783 
302 
77 
349 
130 
953 
980 
351 
1054 
71 
580 
628 
158 
800 
967 
257 
623 
859 
482 
106 
330 
585 
359 
117 
220 
680 
318 
473 
112 
431 
637 
969 
495 
567 
672 
197 
589 
1061 
730 
469 
78 
332 
243 
458 
425 
946 
20 
922 
687 
209 
823 
1009 
157 
128 
1001 
327 
665 
786 
683 
428 
1015 
45 
1011 
616 
105 
497 
134 
407 
902 
195 
418 
345 
189 
69 
1006 
942 
30 
188 
279 
193 
791 
518 
53 
964 
815 
463 
615 
207 
550 
180 
84 
699 
701 
631 
858 
38 
72 
553 
852 
478 
924 
146 
25 
591 
770 
451 
577 
974 
432 
31 
1037 
694 
328 
542 
758 
430 
700 
143 
593 
584 
278 
1017 
613 
566 
795 
828 
937 
986 
238 
887 
406 
324 
756 
803 
817 
769 
1021 
51 
715 
74 
845 
107 
712 
457 
826 
608 
702 
875 
331 
190 
402 
880 
657 
653 
950 
22 
594 
339 
864 
236 
501 
222 
447 
110 
836 
893 
822 
555 
540 
679 
334 
475 
936 
1051 
264 
792 
213 
35 
968 
363 
736 
132 
296 
520 
27 
941 
19 
663 
292 
23 
191 
502 
224 
199 
166 
183 
596 
358 
773 
387 
265 
587 
973 
137 
374 
369 
987 
115 
675 
819 
886 
670 
394 
396 
434 
794 
204 
306 
830 
881 
414 
401 
839 
946 
326 
673 
865 
805 
614 
155 
386 
415 
453 
404 
957 
50 
217 
517 
1052 
24 
131 
972 
910 
219 
252 
939 
922 
212 
249 
94 
619 
259 
348 
917 
646 
927 
266 
276 
395 
738 
3 
216 
295 
21 
1012 
522 
125 
100 
288 
754 
625 
1024 
649 
413 
196 
156 
97 
707 
579 
1031 
717 
314 
548 
638 
743 
372 
1048 
267 
75 
73 
716 
210 
777 
640 
1034 
365 
36 
15 
202 
231 
498 
445 
157 
176 
971 
92 
547 
602 
575 
192 
755 
572 
767 
141 
352 
1023 
272 
812 
63 
760 
96 
121 
129 
629 
976 
965 
908 
20 
284 
281 
26 
844 
317 
567 
403 
541 
1049 
479 
921 
627 
590 
978 
570 
480 
811 
416 
797 
998 
546 
400 
248 
377 
688 
466 
933 
661 
313 
319 
847 
329 
361 
1027 
1013 
1044 
645 
725 
896 
722 
781 
55 
80 
214 
851 
364 
747 
237 
66 
238 
1059 
902 
926 
159 
294 
255 
280 
303 
240 
885 
383 
576 
366 
907 
93 
225 
287 
948 
39 
796 
103 
153 
410 
723 
1025 
54 
686 
727 
514 
859 
934 
554 
558 
766 
648 
862 
633 
930 
642 
586 
47 
360 
955 
29 
601 
853 
263 
1050 
32 
145 
481 
699 
1002 
86 
490 
438 
469 
878 
583 
835 
538 
741 
871 
258 
1043 
253 
574 
16 
644 
994 
58 
1028 
35 
429 
960 
446 
565 
179 
690 
76 
932 
215 
564 
803 
139 
903 
9 
585 
621 
465 
918 
277 
1060 
56 
1000 
879 
856 
920 
1041 
70 
667 
40 
719 
362 
1032 
816 
195 
116 
350 
901 
592 
46 
537 
724 
529 
905 
981 
1020 
218 
524 
784 
776 
150 
966 
969 
573 
459 
831 
970 
660 
435 
589 
18 
793 
454 
836 
1056 
742 
863 
881 
385 
242 
676 
500 
936 
344 
370 
730 
312 
593 
197 
808 
243 
478 
154 
802 
354 
753 
945 
1030 
557 
140 
1017 
146 
695 
508 
666 
814 
1 
1037 
342 
791 
323 
25 
993 
1040 
112 
553 
497 
418 
904 
206 
846 
568 
825 
2 
461 
709 
798 
875 
883 
944 
614 
985 
720 
580 
681 
310 
942 
89 
423 
106 
618 
726 
935 
467 
941 
52 
892 
1003 
458 
245 
961 
734 
674 
906 
426 
587 
974 
173 
340 
417 
503 
64 
522 
703 
441 
713 
845 
381 
609 
987 
504 
327 
597 
84 
405 
407 
763 
770 
149 
353 
1021 
603 
729 
612 
177 
290 
43 
451 
737 
142 
186 
512 
489 
420 
402 
772 
90 
72 
119 
0 
861 
968 
711 
771 
324 
516 
1029 
954 
185 
333 
216 
1022 
358 
963 
266 
696 
762 
735 
305 
109 
506 
626 
647 
967 
914 
297 
832 
999 
624 
163 
824 
444 
526 
477 
493 
704 
804 
1044 
120 
143 
677 
1035 
949 
415 
336 
571 
900 
443 
259 
540 
472 
927 
138 
380 
492 
326 
510 
839 
125 
627 
464 
81 
307 
738 
320 
388 
638 
1026 
1042 
929 
605 
708 
747 
732 
298 
88 
268 
205 
607 
42 
153 
49 
496 
41 
499 
157 
715 
635 
36 
379 
113 
100 
743 
413 
7 
178 
170 
131 
293 
102 
530 
1014 
375 
829 
408 
716 
746 
807 
870 
562 
386 
345 
637 
134 
203 
309 
623 
222 
678 
196 
13 
228 
838 
680 
433 
664 
594 
160 
287 
8 
60 
471 
1047 
972 
671 
606 
662 
700 
406 
757 
155 
479 
501 
1023 
786 
368 
482 
714 
283 
1046 
429 
500 
437 
848 
172 
446 
281 
101 
733 
299 
1032 
840 
421 
47 
992 
176 
470 
751 
241 
331 
133 
857 
99 
1061 
14 
19 
396 
167 
975 
183 
868 
260 
481 
546 
233 
876 
780 
1058 
1007 
476 
795 
428 
863 
229 
880 
648 
855 
302 
860 
742 
96 
826 
920 
265 
718 
699 
529 
629 
249 
348 
95 
122 
65 
897 
313 
264 
127 
1 
888 
140 
184 
22 
843 
964 
535 
922 
220 
225 
17 
351 
207 
334 
1025 
768 
1049 
572 
370 
879 
589 
800 
374 
67 
550 
601 
436 
766 
91 
557 
156 
986 
997 
797 
971 
995 
31 
59 
223 
77 
346 
554 
584 
523 
1016 
74 
361 
970 
3 
382 
931 
783 
709 
820 
380 
811 
182 
684 
1000 
581 
51 
710 
705 
1021 
549 
532 
270 
966 
389 
1001 
1052 
915 
209 
295 
246 
730 
777 
26 
976 
643 
962 
352 
740 
885 
799 
192 
930 
48 
808 
752 
232 
325 
103 
691 
49 
775 
991 
555 
494 
147 
977 
276 
12 
238 
892 
965 
66 
174 
312 
850 
990 
906 
852 
306 
322 
524 
1039 
1020 
1059 
83 
702 
791 
853 
731 
277 
875 
81 
969 
198 
135 
489 
144 
85 
919 
559 
984 
585 
35 
42 
563 
602 
739 
30 
927 
239 
541 
999 
80 
517 
693 
947 
720 
345 
774 
317 
736 
282 
1008 
76 
634 
633 
25 
267 
552 
623 
62 
190 
408 
266 
438 
245 
670 
911 
46 
818 
415 
114 
893 
500 
347 
441 
40 
496 
849 
171 
716 
221 
667 
960 
502 
678 
859 
529 
683 
937 
790 
344 
909 
688 
895 
894 
760 
835 
102 
789 
320 
982 
793 
646 
405 
1053 
612 
721 
515 
607 
865 
587 
1022 
542 
369 
392 
227 
450 
761 
335 
230 
404 
141 
326 
741 
485 
928 
353 
575 
658 
565 
511 
940 
416 
873 
468 
830 
407 
625 
275 
570 
290 
742 
355 
577 
884 
738 
1019 
423 
578 
495 
590 
992 
772 
1034 
298 
806 
129 
424 
847 
112 
842 
531 
508 
412 
70 
304 
839 
87 
804 
897 
812 
864 
292 
493 
203 
640 
507 
767 
279 
967 
863 
20 
663 
668 
948 
516 
44 
545 
449 
11 
381 
534 
1061 
758 
980 
943 
814 
455 
619 
737 
933 
169 
410 
845 
604 
425 
817 
199 
400 
638 
175 
435 
231 
836 
773 
580 
458 
610 
798 
596 
829 
154 
719 
1013 
91 
164 
518 
22 
45 
15 
38 
208 
912 
5 
896 
1028 
975 
687 
676 
337 
877 
138 
880 
973 
236 
725 
611 
708 
642 
586 
310 
791 
744 
881 
631 
79 
36 
397 
981 
120 
998 
934 
232 
1043 
119 
704 
23 
447 
210 
759 
1023 
324 
745 
308 
556 
259 
735 
914 
995 
1016 
256 
328 
894 
821 
827 
838 
56 
748 
97 
595 
1035 
376 
160 
351 
421 
329 
514 
692 
597 
554 
939 
869 
481 
709 
293 
671 
929 
809 
54 
788 
555 
988 
345 
486 
792 
898 
588 
715 
153 
363 
244 
851 
727 
39 
334 
861 
993 
105 
110 
921 
96 
113 
223 
505 
55 
1009 
705 
527 
413 
51 
553 
341 
98 
78 
608 
235 
776 
218 
229 
1053 
31 
624 
417 
473 
194 
316 
418 
757 
547 
388 
278 
796 
673 
982 
398 
65 
471 
722 
432 
444 
978 
616 
738 
188 
470 
765 
124 
339 
1002 
566 
712 
720 
67 
594 
684 
730 
81 
519 
1054 
307 
678 
262 
811 
537 
686 
637 
591 
860 
53 
543 
971 
627 
755 
818 
479 
609 
808 
405 
509 
593 
703 
648 
512 
938 
313 
44 
170 
846 
639 
457 
101 
426 
1008 
605 
9 
952 
902 
428 
890 
629 
700 
173 
497 
922 
47 
114 
841 
389 
696 
37 
86 
600 
239 
220 
548 
614 
406 
1046 
873 
856 
299 
848 
92 
6 
1045 
681 
283 
302 
833 
407 
296 
185 
503 
184 
478 
305 
784 
172 
24 
285 
248 
879 
919 
643 
186 
26 
253 
786 
819 
891 
835 
355 
602 
682 
949 
523 
823 
834 
484 
132 
215 
72 
601 
265 
592 
152 
343 
1012 
564 
206 
574 
317 
180 
282 
267 
272 
641 
599 
612 
926 
913 
222 
636 
915 
233 
434 
12 
450 
375 
141 
912 
476 
288 
716 
880 
271 
147 
500 
33 
662 
491 
917 
983 
843 
855 
920 
379 
1028 
976 
870 
899 
71 
820 
1050 
717 
769 
82 
965 
415 
140 
177 
41 
654 
603 
466 
1055 
698 
550 
216 
300 
377 
1041 
874 
1026 
84 
488 
1051 
176 
107 
576 
790 
530 
587 
702 
193 
590 
513 
580 
836 
487 
986 
668 
378 
807 
660 
174 
494 
346 
707 
327 
410 
529 
211 
202 
827 
1027 
642 
725 
721 
390 
492 
502 
619 
687 
706 
442 
750 
158 
412 
214 
691 
14 
499 
2 
743 
909 
999 
5 
443 
969 
472 
985 
238 
163 
373 
77 
328 
353 
560 
889 
315 
813 
123 
205 
760 
42 
708 
80 
562 
655 
680 
847 
775 
853 
449 
911 
862 
957 
914 
718 
130 
872 
728 
585 
664 
411 
437 
255 
498 
699 
634 
713 
359 
385 
1047 
429 
225 
794 
844 
456 
555 
368 
764 
332 
984 
111 
504 
726 
803 
156 
763 
886 
38 
1036 
730 
297 
878 
611 
998 
424 
357 
51 
245 
793 
208 
868 
946 
615 
567 
935 
55 
710 
905 
87 
414 
227 
858 
422 
425 
604 
1061 
964 
830 
1031 
230 
349 
825 
241 
508 
982 
335 
118 
298 
366 
646 
362 
45 
114 
440 
774 
907 
27 
342 
528 
88 
565 
85 
672 
73 
150 
937 
842 
115 
387 
692 
185 
757 
142 
143 
175 
295 
70 
1011 
25 
804 
814 
877 
617 
705 
626 
477 
673 
535 
7 
578 
117 
213 
1038 
620 
645 
382 
688 
417 
454 
48 
988 
135 
151 
0 
209 
452 
1015 
569 
3 
771 
921 
1010 
257 
293 
465 
882 
996 
901 
785 
284 
557 
419 
277 
416 
669 
66 
653 
333 
240 
652 
613 
773 
961 
832 
835 
558 
796 
506 
949 
131 
931 
90 
776 
358 
1044 
10 
490 
86 
864 
251 
356 
103 
243 
1058 
559 
351 
865 
491 
595 
767 
201 
78 
514 
940 
976 
829 
734 
675 
759 
218 
136 
372 
918 
495 
460 
747 
854 
183 
232 
956 
144 
995 
229 
463 
1014 
786 
627 
719 
712 
784 
133 
455 
396 
451 
840 
944 
34 
79 
323 
888 
435 
720 
779 
148 
591 
792 
917 
18 
782 
1056 
1003 
457 
303 
480 
482 
727 
4 
898 
628 
650 
630 
805 
590 
895 
1012 
354 
610 
219 
352 
512 
306 
380 
1009 
228 
237 
246 
433 
250 
65 
516 
494 
636 
880 
1018 
434 
696 
605 
798 
932 
1017 
35 
309 
990 
36 
746 
885 
100 
1008 
1019 
447 
534 
222 
278 
1032 
741 
308 
438 
892 
9 
58 
364 
568 
264 
384 
1054 
846 
643 
22 
483 
476 
420 
827 
912 
19 
954 
108 
325 
481 
254 
836 
1021 
674 
938 
687 
403 
121 
371 
196 
445 
89 
772 
817 
586 
1020 
484 
848 
405 
807 
896 
247 
94 
408 
31 
701 
588 
729 
833 
44 
283 
953 
546 
584 
21 
511 
671 
305 
575 
532 
722 
879 
275 
489 
106 
370 
877 
369 
552 
688 
955 
690 
376 
190 
339 
566 
752 
1004 
443 
906 
2 
377 
269 
522 
535 
349 
134 
942 
105 
1050 
948 
259 
621 
726 
963 
812 
889 
553 
899 
29 
507 
424 
715 
294 
258 
360 
426 
119 
185 
268 
52 
168 
304 
769 
820 
744 
589 
819 
519 
997 
267 
1059 
167 
191 
357 
620 
147 
163 
611 
793 
662 
413 
92 
378 
340 
359 
113 
883 
657 
758 
319 
1013 
677 
266 
442 
80 
797 
806 
82 
591 
923 
439 
929 
861 
1053 
597 
233 
711 
509 
458 
406 
855 
125 
195 
964 
170 
925 
947 
550 
510 
1035 
606 
670 
686 
156 
245 
894 
214 
362 
1041 
466 
685 
337 
453 
174 
628 
908 
796 
718 
15 
346 
810 
992 
993 
1010 
4 
414 
98 
128 
5 
150 
347 
517 
111 
37 
523 
225 
161 
49 
1005 
1029 
271 
991 
40 
1042 
754 
857 
631 
914 
1060 
188 
1025 
760 
984 
950 
869 
698 
392 
71 
693 
279 
281 
910 
141 
542 
823 
842 
500 
561 
59 
261 
755 
144 
399 
791 
416 
471 
404 
425 
528 
664 
756 
697 
957 
930 
351 
22 
178 
110 
395 
915 
736 
461 
780 
99 
396 
988 
625 
344 
603 
456 
573 
1033 
808 
7 
907 
289 
485 
759 
492 
587 
813 
1000 
455 
181 
239 
1047 
544 
909 
317 
14 
428 
155 
802 
222 
700 
234 
809 
965 
330 
557 
211 
127 
856 
1040 
39 
437 
32 
63 
464 
753 
526 
687 
282 
569 
419 
779 
329 
321 
1016 
343 
774 
265 
518 
379 
1030 
376 
180 
887 
89 
382 
709 
242 
507 
23 
931 
298 
989 
254 
154 
444 
742 
256 
891 
371 
629 
142 
205 
695 
287 
872 
336 
3 
35 
692 
210 
201 
659 
383 
514 
790 
945 
733 
508 
803 
1054 
373 
160 
410 
51 
212 
200 
969 
781 
16 
515 
845 
900 
438 
381 
614 
577 
219 
863 
794 
197 
849 
132 
868 
966 
961 
483 
472 
859 
497 
608 
105 
278 
202 
741 
1021 
993 
949 
208 
936 
702 
648 
291 
581 
613 
58 
85 
358 
732 
12 
13 
331 
785 
637 
654 
387 
183 
673 
541 
830 
131 
537 
363 
696 
956 
236 
424 
844 
958 
1008 
103 
531 
1048 
980 
357 
725 
886 
730 
78 
24 
538 
826 
87 
1049 
90 
243 
924 
270 
590 
345 
933 
421 
147 
678 
752 
878 
679 
951 
176 
551 
586 
833 
789 
866 
194 
196 
607 
453 
543 
883 
895 
228 
651 
372 
308 
319 
726 
795 
429 
17 
115 
566 
334 
426 
919 
765 
413 
867 
597 
255 
1055 
680 
229 
667 
402 
384 
411 
600 
793 
1022 
1058 
950 
465 
490 
955 
93 
161 
303 
231 
141 
299 
974 
5 
1046 
506 
1044 
43 
589 
276 
8 
98 
433 
482 
734 
62 
397 
209 
831 
221 
492 
1052 
689 
769 
1019 
1051 
297 
536 
623 
976 
53 
954 
899 
938 
301 
241 
520 
582 
646 
56 
427 
999 
639 
699 
417 
122 
280 
972 
230 
44 
684 
865 
188 
400 
452 
749 
908 
940 
985 
614 
874 
522 
550 
787 
642 
799 
953 
486 
290 
700 
165 
782 
800 
910 
963 
754 
858 
747 
515 
728 
827 
580 
84 
337 
763 
968 
326 
761 
65 
399 
445 
121 
824 
69 
596 
892 
1032 
311 
104 
644 
454 
877 
944 
195 
26 
609 
622 
378 
524 
484 
808 
253 
851 
606 
478 
1041 
1 
921 
388 
437 
706 
559 
798 
630 
584 
1009 
565 
523 
773 
287 
916 
306 
959 
770 
907 
605 
876 
560 
443 
227 
527 
775 
124 
245 
305 
155 
818 
1006 
562 
683 
377 
901 
771 
655 
861 
812 
80 
618 
1020 
164 
512 
519 
835 
450 
264 
533 
598 
714 
767 
885 
817 
652 
585 
549 
81 
36 
356 
146 
75 
216 
505 
611 
977 
184 
784 
2 
1005 
140 
261 
588 
698 
613 
1014 
996 
1036 
451 
152 
271 
37 
822 
143 
487 
686 
225 
612 
1025 
197 
1047 
507 
418 
514 
177 
647 
22 
474 
937 
839 
309 
15 
608 
958 
846 
79 
339 
894 
1029 
407 
672 
900 
448 
760 
934 
702 
1011 
242 
947 
41 
1034 
991 
167 
254 
226 
77 
364 
841 
199 
268 
67 
758 
320 
852 
210 
163 
296 
106 
72 
945 
35 
324 
189 
713 
715 
620 
502 
880 
591 
181 
676 
169 
881 
60 
439 
678 
117 
1030 
422 
188 
669 
63 
540 
638 
989 
57 
497 
546 
757 
494 
466 
390 
743 
659 
932 
513 
539 
776 
417 
872 
654 
277 
359 
392 
637 
83 
786 
251 
740 
829 
363 
1010 
444 
756 
969 
1023 
574 
473 
854 
521 
774 
883 
731 
467 
481 
943 
284 
40 
904 
232 
374 
62 
333 
401 
525 
298 
21 
222 
814 
516 
656 
203 
142 
563 
218 
228 
369 
666 
410 
928 
387 
719 
145 
399 
879 
1054 
13 
745 
914 
310 
366 
594 
577 
764 
674 
520 
648 
941 
593 
998 
495 
147 
446 
780 
51 
68 
375 
488 
687 
721 
898 
604 
803 
567 
253 
691 
393 
936 
186 
367 
600 
176 
86 
939 
317 
404 
548 
285 
477 
986 
31 
105 
191 
834 
727 
415 
797 
1017 
911 
198 
7 
712 
144 
138 
482 
724 
112 
204 
385 
874 
1013 
485 
395 
29 
193 
530 
709 
827 
955 
157 
627 
899 
557 
1021 
249 
533 
988 
267 
318 
130 
269 
890 
348 
837 
665 
1053 
431 
11 
997 
308 
219 
463 
270 
660 
483 
223 
966 
55 
716 
888 
960 
301 
499 
710 
214 
457 
1018 
65 
113 
806 
290 
19 
804 
927 
54 
1016 
592 
811 
64 
49 
243 
384 
408 
458 
779 
85 
938 
864 
967 
681 
528 
963 
718 
862 
847 
137 
122 
636 
208 
250 
615 
576 
749 
704 
629 
1009 
416 
134 
196 
205 
851 
597 
980 
959 
125 
1046 
902 
449 
570 
261 
365 
418 
751 
1 
492 
690 
632 
475 
1035 
20 
342 
372 
775 
180 
18 
160 
441 
725 
207 
564 
96 
1007 
984 
565 
1051 
535 
164 
741 
460 
1058 
291 
732 
330 
496 
500 
148 
282 
268 
685 
50 
486 
1004 
206 
699 
4 
910 
289 
321 
801 
153 
870 
639 
701 
217 
568 
653 
621 
829 
314 
200 
252 
231 
84 
956 
183 
663 
619 
37 
299 
958 
179 
264 
787 
631 
216 
669 
693 
818 
970 
275 
946 
614 
12 
39 
82 
45 
405 
906 
189 
0 
262 
257 
107 
823 
700 
479 
411 
306 
916 
822 
336 
381 
672 
975 
850 
419 
584 
608 
828 
211 
702 
869 
43 
643 
156 
514 
977 
670 
327 
407 
931 
953 
167 
711 
28 
452 
432 
755 
971 
876 
949 
272 
26 
846 
611 
802 
875 
644 
754 
15 
985 
909 
647 
146 
450 
487 
1005 
292 
103 
858 
1028 
961 
325 
78 
199 
878 
901 
589 
120 
921 
259 
303 
752 
472 
852 
238 
553 
857 
905 
785 
616 
645 
844 
585 
274 
758 
56 
178 
13 
542 
793 
8 
507 
999 
630 
927 
606 
119 
686 
440 
1045 
824 
351 
89 
667 
944 
311 
355 
545 
508 
229 
1012 
610 
895 
766 
130 
380 
42 
285 
794 
662 
1043 
885 
128 
866 
1025 
512 
598 
197 
882 
63 
1042 
339 
263 
547 
939 
41 
698 
526 
141 
560 
1014 
112 
748 
313 
666 
842 
190 
54 
536 
722 
826 
315 
715 
792 
920 
676 
258 
66 
917 
408 
694 
412 
734 
57 
729 
1032 
659 
720 
48 
53 
378 
44 
506 
191 
1035 
184 
880 
235 
456 
860 
981 
781 
127 
237 
174 
887 
307 
429 
201 
926 
32 
38 
344 
945 
912 
187 
1052 
724 
522 
825 
139 
477 
815 
808 
988 
203 
111 
176 
132 
420 
601 
334 
799 
637 
338 
972 
524 
679 
1008 
97 
233 
227 
335 
900 
510 
995 
717 
242 
375 
150 
937 
414 
170 
177 
320 
352 
1029 
417 
769 
195 
305 
236 
484 
628 
137 
599 
567 
343 
648 
664 
889 
494 
230 
533 
903 
295 
998 
269 
1046 
513 
678 
0 
672 
854 
171 
638 
387 
849 
5 
955 
874 
801 
933 
1061 
856 
252 
974 
564 
395 
36 
654 
552 
947 
1023 
760 
389 
982 
1034 
483 
23 
367 
1013 
1031 
424 
768 
445 
957 
485 
687 
319 
935 
435 
807 
838 
671 
970 
234 
403 
612 
94 
989 
833 
531 
911 
411 
779 
409 
1038 
466 
976 
922 
776 
81 
385 
168 
282 
934 
134 
872 
277 
839 
850 
829 
20 
147 
634 
588 
341 
940 
87 
209 
428 
772 
213 
77 
443 
1027 
432 
179 
431 
442 
906 
925 
373 
68 
1048 
675 
1036 
587 
689 
67 
321 
943 
604 
218 
76 
818 
267 
447 
113 
884 
345 
985 
496 
138 
735 
1017 
869 
770 
287 
819 
9 
301 
984 
254 
158 
405 
61 
505 
987 
1060 
983 
216 
658 
400 
486 
963 
616 
246 
60 
30 
65 
966 
710 
668 
795 
759 
904 
700 
590 
58 
161 
886 
1039 
529 
997 
1026 
731 
172 
426 
893 
73 
730 
199 
653 
585 
72 
711 
157 
830 
843 
721 
18 
953 
202 
160 
601 
716 
898 
885 
533 
286 
774 
1010 
596 
745 
221 
544 
534 
873 
123 
594 
532 
430 
881 
241 
1053 
128 
941 
122 
371 
728 
942 
186 
2 
786 
39 
407 
828 
789 
433 
762 
978 
303 
17 
727 
19 
365 
1006 
928 
348 
557 
576 
226 
608 
600 
699 
438 
109 
41 
545 
793 
63 
764 
129 
449 
799 
993 
404 
270 
526 
1032 
215 
1047 
553 
1044 
397 
817 
176 
422 
766 
726 
53 
164 
14 
964 
97 
121 
350 
475 
877 
369 
12 
80 
968 
446 
370 
444 
821 
324 
1057 
322 
243 
621 
741 
704 
517 
733 
436 
469 
555 
309 
75 
1041 
478 
542 
34 
749 
317 
868 
154 
196 
117 
223 
802 
386 
921 
416 
849 
114 
334 
981 
1016 
22 
691 
812 
461 
378 
206 
537 
756 
973 
335 
476 
460 
510 
649 
999 
572 
337 
384 
302 
583 
124 
271 
44 
980 
305 
554 
415 
107 
135 
592 
325 
88 
615 
956 
880 
961 
133 
791 
470 
815 
1056 
879 
539 
441 
902 
1003 
905 
513 
1004 
948 
56 
488 
833 
353 
897 
932 
1030 
901 
380 
910 
85 
702 
6 
934 
865 
835 
1013 
677 
66 
957 
992 
715 
765 
969 
100 
360 
126 
136 
285 
169 
283 
402 
916 
845 
342 
336 
440 
247 
515 
181 
819 
917 
686 
775 
178 
296 
976 
719 
531 
988 
996 
143 
1021 
462 
757 
125 
307 
813 
499 
521 
931 
77 
119 
149 
393 
464 
508 
914 
777 
642 
984 
187 
628 
1002 
108 
448 
57 
512 
454 
895 
144 
1014 
429 
748 
669 
763 
238 
192 
21 
872 
250 
312 
892 
1019 
720 
787 
551 
177 
798 
159 
671 
782 
291 
190 
861 
578 
139 
711 
3 
871 
200 
421 
654 
541 
594 
253 
547 
118 
939 
709 
863 
1049 
142 
530 
687 
366 
614 
800 
660 
823 
301 
627 
290 
202 
788 
331 
806 
972 
399 
465 
960 
376 
744 
1059 
278 
313 
680 
666 
308 
500 
725 
252 
205 
81 
229 
466 
527 
760 
1018 
672 
838 
571 
406 
754 
1033 
407 
832 
645 
648 
214 
224 
608 
662 
610 
87 
351 
575 
411 
753 
801 
1011 
637 
92 
39 
848 
625 
152 
304 
889 
1016 
289 
459 
16 
1025 
825 
619 
771 
341 
783 
816 
797 
400 
477 
123 
392 
381 
742 
183 
8 
965 
109 
629 
138 
840 
785 
221 
70 
591 
633 
774 
858 
403 
786 
408 
433 
985 
856 
486 
570 
490 
193 
698 
537 
211 
951 
1022 
724 
936 
634 
626 
853 
472 
641 
899 
212 
274 
807 
593 
867 
639 
20 
339 
151 
405 
794 
197 
362 
525 
535 
962 
978 
524 
102 
995 
945 
1015 
17 
841 
140 
688 
732 
302 
461 
689 
106 
332 
1020 
385 
831 
40 
888 
690 
132 
263 
182 
293 
438 
327 
946 
277 
969 
276 
717 
971 
324 
557 
883 
496 
306 
1001 
708 
112 
910 
282 
884 
733 
507 
615 
770 
947 
194 
191 
796 
678 
129 
743 
185 
468 
474 
1055 
762 
792 
958 
684 
656 
511 
62 
862 
866 
219 
250 
565 
338 
352 
354 
31 
893 
548 
1038 
921 
142 
210 
949 
367 
779 
598 
685 
756 
646 
860 
279 
955 
323 
134 
91 
621 
1045 
355 
45 
13 
686 
492 
27 
95 
335 
549 
247 
655 
1052 
552 
592 
820 
750 
483 
836 
437 
876 
990 
980 
23 
595 
93 
166 
997 
98 
605 
631 
846 
90 
481 
255 
749 
442 
286 
9 
868 
890 
447 
374 
74 
42 
670 
155 
372 
695 
784 
928 
923 
540 
417 
414 
163 
244 
388 
38 
404 
588 
642 
195 
56 
782 
554 
953 
426 
431 
925 
751 
94 
898 
658 
517 
99 
1003 
696 
497 
519 
225 
154 
199 
983 
827 
915 
687 
965 
847 
987 
697 
864 
65 
716 
871 
810 
16 
803 
223 
489 
931 
1035 
257 
43 
19 
566 
113 
275 
457 
679 
259 
772 
290 
96 
167 
814 
809 
235 
157 
12 
996 
561 
986 
136 
463 
908 
544 
903 
635 
773 
222 
55 
648 
103 
632 
156 
196 
1053 
126 
305 
401 
234 
1011 
700 
934 
941 
672 
313 
237 
246 
29 
909 
261 
443 
242 
297 
419 
312 
896 
320 
599 
768 
190 
833 
342 
617 
57 
369 
1029 
692 
859 
85 
240 
464 
1059 
216 
590 
89 
70 
671 
200 
775 
303 
885 
992 
526 
849 
360 
86 
1047 
529 
123 
614 
241 
731 
601 
364 
793 
596 
665 
453 
477 
1060 
201 
239 
1013 
734 
867 
667 
72 
829 
744 
63 
330 
1006 
669 
1043 
100 
677 
310 
603 
886 
357 
34 
375 
158 
383 
10 
125 
506 
586 
865 
226 
343 
11 
444 
930 
711 
981 
752 
380 
1044 
523 
877 
1051 
394 
525 
611 
501 
630 
1057 
705 
991 
736 
1010 
21 
430 
1036 
644 
14 
28 
919 
922 
738 
1031 
386 
393 
75 
138 
174 
67 
945 
954 
683 
236 
902 
612 
620 
891 
982 
345 
252 
623 
559 
542 
957 
76 
198 
628 
1046 
356 
879 
232 
824 
256 
288 
848 
254 
150 
553 
49 
878 
471 
470 
819 
950 
269 
253 
53 
476 
354 
839 
806 
162 
875 
785 
1019 
531 
892 
317 
663 
625 
578 
887 
284 
344 
984 
781 
715 
807 
739 
209 
951 
413 
556 
873 
346 
720 
391 
880 
120 
455 
706 
713 
441 
2 
114 
197 
547 
410 
486 
46 
292 
860 
44 
56 
449 
823 
721 
646 
858 
265 
774 
4 
882 
910 
1041 
87 
815 
137 
550 
664 
535 
927 
729 
897 
952 
484 
321 
90 
894 
188 
460 
411 
513 
760 
420 
340 
421 
144 
69 
99 
291 
645 
974 
249 
452 
199 
924 
192 
335 
135 
434 
813 
450 
489 
856 
771 
245 
755 
212 
800 
461 
22 
812 
608 
640 
171 
560 
850 
1035 
938 
264 
31 
299 
660 
336 
456 
302 
180 
613 
921 
187 
649 
748 
390 
480 
905 
155 
237 
688 
639 
433 
319 
422 
539 
1005 
204 
404 
573 
297 
493 
294 
29 
202 
376 
316 
512 
18 
274 
841 
631 
170 
109 
280 
977 
845 
605 
589 
270 
367 
778 
389 
670 
577 
13 
907 
988 
175 
398 
497 
968 
1014 
716 
514 
659 
746 
719 
855 
59 
915 
485 
23 
419 
955 
424 
104 
780 
227 
961 
467 
146 
871 
763 
19 
1022 
503 
474 
932 
466 
246 
618 
830 
661 
71 
562 
373 
749 
92 
703 
51 
218 
244 
473 
242 
912 
88 
994 
840 
594 
250 
491 
762 
183 
903 
833 
208 
1054 
361 
415 
164 
260 
783 
78 
970 
225 
724 
342 
509 
447 
339 
866 
1042 
385 
26 
7 
117 
702 
223 
288 
118 
720 
791 
150 
283 
483 
95 
1012 
986 
377 
687 
991 
110 
499 
621 
426 
998 
602 
1038 
75 
969 
523 
729 
94 
686 
98 
985 
287 
730 
14 
975 
425 
654 
128 
521 
312 
432 
219 
468 
113 
313 
930 
768 
979 
827 
717 
413 
347 
696 
852 
437 
76 
159 
668 
798 
592 
705 
879 
747 
1033 
595 
1003 
276 
352 
888 
669 
586 
826 
457 
591 
152 
66 
803 
428 
920 
939 
1043 
766 
207 
681 
993 
80 
1044 
330 
82 
885 
989 
194 
356 
264 
805 
350 
1032 
24 
561 
819 
752 
486 
444 
327 
767 
1 
306 
615 
893 
451 
198 
304 
952 
787 
251 
557 
978 
472 
123 
869 
1013 
599 
531 
252 
933 
439 
707 
829 
1047 
272 
341 
57 
522 
549 
612 
394 
495 
753 
814 
255 
567 
667 
904 
325 
85 
108 
518 
305 
1034 
351 
91 
186 
1006 
324 
951 
423 
937 
126 
675 
84 
476 
534 
1056 
314 
931 
954 
333 
274 
680 
632 
172 
613 
914 
706 
292 
4 
235 
404 
617 
510 
609 
336 
741 
448 
507 
265 
50 
801 
804 
643 
808 
270 
517 
820 
245 
396 
125 
65 
174 
810 
742 
781 
47 
116 
657 
770 
281 
550 
532 
236 
182 
463 
102 
711 
585 
576 
1009 
185 
137 
273 
140 
853 
461 
663 
107 
850 
335 
947 
949 
15 
320 
17 
100 
422 
148 
190 
722 
862 
982 
1014 
36 
750 
835 
641 
610 
693 
411 
887 
240 
645 
16 
873 
626 
233 
795 
332 
205 
429 
788 
412 
390 
520 
745 
1020 
135 
997 
604 
843 
864 
727 
392 
41 
483 
417 
479 
832 
180 
1023 
103 
906 
467 
343 
18 
1004 
60 
597 
317 
821 
11 
269 
263 
774 
153 
234 
733 
383 
963 
519 
42 
769 
191 
689 
754 
197 
545 
334 
957 
924 
167 
704 
731 
30 
1037 
838 
51 
766 
470 
33 
298 
62 
616 
391 
794 
863 
877 
388 
88 
910 
3 
178 
994 
302 
732 
64 
661 
226 
1010 
648 
354 
376 
462 
815 
839 
1035 
266 
907 
1048 
339 
556 
710 
28 
1019 
671 
773 
450 
7 
1061 
241 
400 
579 
974 
475 
90 
698 
800 
529 
406 
331 
891 
861 
528 
559 
763 
437 
1028 
898 
909 
156 
578 
246 
328 
816 
420 
682 
141 
206 
111 
757 
27 
242 
660 
214 
991 
859 
9 
623 
267 
796 
22 
43 
97 
728 
598 
715 
