0.012800 
0.021400 
0.021800 
0.024300 
0.024900 
0.027500 
0.027800 
0.029300 
0.031300 
0.031800 
0.032200 
0.033500 
0.039400 
0.040300 
0.044100 
0.047800 
0.048700 
0.050900 
0.053200 
0.053200 
0.053300 
0.055900 
0.058000 
0.059700 
0.069000 
0.071300 
0.075500 
0.077200 
0.082000 
0.082800 
0.083000 
0.085300 
0.085400 
0.085500 
0.085600 
0.086100 
0.088200 
0.088700 
0.089600 
0.090800 
0.098600 
0.099500 
0.103200 
0.104200 
0.112300 
0.119200 
0.124300 
0.125500 
0.125600 
0.127800 
0.128600 
0.130100 
0.134600 
0.138800 
0.138800 
0.146500 
0.146500 
0.148500 
0.150000 
0.156500 
0.157000 
0.157900 
0.159100 
0.159300 
0.162400 
0.163900 
0.169500 
0.169800 
0.170300 
0.170800 
0.171200 
0.172900 
0.173000 
0.173800 
0.177300 
0.178200 
0.178400 
0.179500 
0.179600 
0.180300 
0.181400 
0.182100 
0.182300 
0.183200 
0.184500 
0.185400 
0.186100 
0.189100 
0.191200 
0.196400 
0.196700 
0.198700 
0.198900 
0.200600 
0.201900 
0.204800 
0.207200 
0.216000 
0.216900 
0.219200 
0.219900 
0.220200 
0.221100 
0.221400 
0.223200 
0.228600 
0.231200 
0.231300 
0.233600 
0.234500 
0.238100 
0.240600 
0.243700 
0.248100 
0.249600 
0.251400 
0.254400 
0.254500 
0.257900 
0.261400 
0.264500 
0.269100 
0.272400 
0.272500 
0.273100 
0.274800 
0.276900 
0.277400 
0.285700 
0.287000 
0.287700 
0.287800 
0.289600 
0.291700 
0.292700 
0.293500 
0.294300 
0.294600 
0.295800 
0.296200 
0.297900 
0.302800 
0.304500 
0.305600 
0.307800 
0.309000 
0.309000 
0.309200 
0.310700 
0.315000 
0.321400 
0.322100 
0.323600 
0.329600 
0.330100 
0.332400 
0.333800 
0.335900 
0.337800 
0.340400 
0.341000 
0.341700 
0.344200 
0.347200 
0.351000 
0.354900 
0.355900 
0.356400 
0.357600 
0.361000 
0.361500 
0.367200 
0.370500 
0.370600 
0.372100 
0.372200 
0.375300 
0.376800 
0.377100 
0.381300 
0.381500 
0.385100 
0.387700 
0.389400 
0.391600 
0.391800 
0.392000 
0.393400 
0.393700 
0.396400 
0.396500 
0.399200 
0.400400 
0.410200 
0.411200 
0.415400 
0.415800 
0.416400 
0.417900 
0.418100 
0.419400 
0.422400 
0.423300 
0.424900 
0.426200 
0.427900 
0.429400 
0.432600 
0.433600 
0.436800 
0.439000 
0.442800 
0.447600 
0.452500 
0.453100 
0.454700 
0.455400 
0.455600 
0.458100 
0.458400 
0.460700 
0.463300 
0.469400 
0.469500 
0.470000 
0.471100 
0.472900 
0.480100 
0.481100 
0.481500 
0.485500 
0.486800 
0.487300 
0.491800 
0.492100 
0.497000 
0.497100 
0.497600 
0.499300 
0.500400 
0.501600 
0.505700 
0.506600 
0.506900 
0.507000 
0.508600 
0.515300 
0.515500 
0.515700 
0.518200 
0.518200 
0.523000 
0.525200 
0.527300 
0.534000 
0.536500 
0.536600 
0.539000 
0.541100 
0.544500 
0.544800 
0.545400 
0.548700 
0.550800 
0.552200 
0.553600 
0.555200 
0.559000 
0.559100 
0.560100 
0.560900 
0.561900 
0.562900 
0.567700 
0.570200 
0.571500 
0.572600 
0.572700 
0.575600 
0.577400 
0.578100 
0.579200 
0.579400 
0.579600 
0.580500 
0.584200 
0.585500 
0.586100 
0.589100 
0.589700 
0.590800 
0.591800 
0.594300 
0.599700 
0.601400 
0.603100 
0.604200 
0.604800 
0.607000 
0.609600 
0.614700 
0.615400 
0.617100 
0.617400 
0.619200 
0.620800 
0.624400 
0.624900 
0.626700 
0.627500 
0.630400 
0.630600 
0.633600 
0.634100 
0.637400 
0.637900 
0.643200 
0.647500 
0.648000 
0.650900 
0.652200 
0.654400 
0.654900 
0.656400 
0.657900 
0.661800 
0.662000 
0.663000 
0.663400 
0.665500 
0.669000 
0.669100 
0.669200 
0.669500 
0.673900 
0.675300 
0.680500 
0.680800 
0.683300 
0.683600 
0.686800 
0.691900 
0.693100 
0.693100 
0.705300 
0.706500 
0.708300 
0.708500 
0.709300 
0.710500 
0.711600 
0.717500 
0.719000 
0.719400 
0.719800 
0.720100 
0.721200 
0.722400 
0.725500 
0.726500 
0.732300 
0.735400 
0.737600 
0.740100 
0.740400 
0.740800 
0.749000 
0.753000 
0.754500 
0.756000 
0.758700 
0.759400 
0.760500 
0.760500 
0.760900 
0.764500 
0.765000 
0.768800 
0.769200 
0.770200 
0.770300 
0.776900 
0.779400 
0.780600 
0.781200 
0.783900 
0.785600 
0.785600 
0.786800 
0.788000 
0.792400 
0.793000 
0.796200 
0.796400 
0.801300 
0.805100 
0.807700 
0.812500 
0.813800 
0.815000 
0.815200 
0.815700 
0.818200 
0.818400 
0.821200 
0.821800 
0.821900 
0.822700 
0.823000 
0.824600 
0.824600 
0.825000 
0.825200 
0.827200 
0.828300 
0.829900 
0.833600 
0.835300 
0.835600 
0.836600 
0.837700 
0.839700 
0.840400 
0.840900 
0.841900 
0.843600 
0.844900 
0.846100 
0.849100 
0.850000 
0.851500 
0.853000 
0.853700 
0.859200 
0.860900 
0.862100 
0.864200 
0.866000 
0.869600 
0.871900 
0.872900 
0.878500 
0.882500 
0.882700 
0.884100 
0.892300 
0.893200 
0.893400 
0.893700 
0.895000 
0.895900 
0.896600 
0.897100 
0.898100 
0.898600 
0.900500 
0.905200 
0.912000 
0.912000 
0.912900 
0.914700 
0.918400 
0.923400 
0.927700 
0.929900 
0.935800 
0.936200 
0.938400 
0.939200 
0.940000 
0.940900 
0.942100 
0.943400 
0.943900 
0.947100 
0.947100 
0.948200 
0.948400 
0.948800 
0.956000 
0.956500 
0.956700 
0.958300 
0.959600 
0.962900 
0.964400 
0.965800 
0.965900 
0.966400 
0.967200 
0.968500 
0.970700 
0.972000 
0.974700 
0.978200 
0.980600 
0.989500 
0.989600 
0.991800 
0.992800 
0.996300 
1.001000 
1.006000 
1.007400 
1.011000 
1.015300 
1.016600 
1.017300 
1.023800 
1.024100 
1.025100 
1.026600 
1.027200 
1.032700 
1.034500 
1.035500 
1.035600 
1.035600 
1.036900 
1.038100 
1.039500 
1.046300 
1.046700 
1.046800 
1.047300 
1.047600 
1.050200 
1.051000 
1.051800 
1.051900 
1.052200 
1.057100 
1.058200 
1.058800 
1.059300 
1.060300 
1.062700 
1.063300 
1.067000 
1.068600 
1.074200 
1.074700 
1.077900 
1.080500 
1.081400 
1.082300 
1.082400 
1.084800 
1.087400 
1.089400 
1.091400 
1.091400 
1.091700 
1.092300 
1.096300 
1.097600 
1.104500 
1.109800 
1.111000 
1.113400 
1.114900 
1.122500 
1.125800 
1.127200 
1.127700 
1.128900 
1.132000 
1.132800 
1.133100 
1.134100 
1.140000 
1.141200 
1.142900 
1.144100 
1.148500 
1.148800 
1.150800 
1.154400 
1.155000 
1.155200 
1.155500 
1.156400 
1.160400 
1.161600 
1.162600 
1.164300 
1.167100 
1.167200 
1.169700 
1.171600 
1.171600 
1.171800 
1.174400 
1.176400 
1.179900 
1.180400 
1.185500 
1.186500 
1.187300 
1.190900 
1.193000 
1.195600 
1.195700 
1.195900 
1.196000 
1.196100 
1.196100 
1.196800 
1.200600 
1.200900 
1.203700 
1.204000 
1.206700 
1.209000 
1.211800 
1.211900 
1.212200 
1.214600 
1.215300 
1.217500 
1.219400 
1.219900 
1.224500 
1.225000 
1.228200 
1.229300 
1.230100 
1.233100 
1.235100 
1.235700 
1.237200 
1.238500 
1.239000 
1.240700 
1.244300 
1.245200 
1.246200 
1.247500 
1.249300 
1.250000 
1.251000 
1.252100 
1.252400 
1.254500 
1.255000 
1.259300 
1.260400 
1.269000 
1.271000 
1.274900 
1.275500 
1.275700 
1.277000 
1.277200 
1.277800 
1.283100 
1.283500 
1.287400 
1.288000 
1.291000 
1.291700 
1.293500 
1.294600 
1.299600 
1.300900 
1.301200 
1.302300 
1.303600 
1.307800 
1.308900 
1.309200 
1.320100 
1.320900 
1.322200 
1.334800 
1.335600 
1.336900 
1.337700 
1.345400 
1.347300 
1.348600 
1.350100 
1.350800 
1.354100 
1.357900 
1.358900 
1.360800 
1.361100 
1.363400 
1.363600 
1.366700 
1.367500 
1.369700 
1.377600 
1.377700 
1.379100 
1.379200 
1.379300 
1.379500 
1.379500 
1.381500 
1.385100 
1.386200 
1.386500 
1.390700 
1.390700 
1.390900 
1.394100 
1.395800 
1.402100 
1.402900 
1.402900 
1.405300 
1.407000 
1.407000 
1.407500 
1.413200 
1.414500 
1.415200 
1.415800 
1.416700 
1.418400 
1.419300 
1.419800 
1.423700 
1.426300 
1.428500 
1.428700 
1.430400 
1.430900 
1.432200 
1.432500 
1.432500 
1.432600 
1.433700 
1.434100 
1.436100 
1.438700 
1.440000 
1.440200 
1.440900 
1.441600 
1.442400 
1.446000 
1.448200 
1.449200 
1.450000 
1.450200 
1.450500 
1.456000 
1.456600 
1.459100 
1.459600 
1.460500 
1.461100 
1.463000 
1.465200 
1.465800 
1.466800 
1.467100 
1.472200 
1.472900 
1.473800 
1.474800 
1.475400 
1.477100 
1.477200 
1.477500 
1.485100 
1.487500 
1.488700 
1.489300 
1.493200 
1.493200 
1.493500 
1.493600 
1.495900 
1.497300 
1.497800 
1.498900 
1.499700 
1.500100 
1.503600 
1.508400 
1.509100 
1.510100 
1.510800 
1.511300 
1.511900 
1.513300 
1.515200 
1.517500 
1.517800 
1.518400 
1.518800 
1.524400 
1.525800 
1.529100 
1.532600 
1.533600 
1.536100 
1.537500 
1.540900 
1.544200 
1.544800 
1.545100 
1.548500 
1.550700 
1.550800 
1.551400 
1.553800 
1.554100 
1.557600 
1.557900 
1.561300 
1.561800 
1.562200 
1.574300 
1.574800 
1.576200 
1.577600 
1.581100 
1.582600 
1.583500 
1.585400 
1.587100 
1.587300 
1.587400 
1.587800 
1.589300 
1.590100 
1.595500 
1.596100 
1.602700 
1.606300 
1.607900 
1.608100 
1.608200 
1.609000 
1.612100 
1.614100 
1.616700 
1.621000 
1.622200 
1.623900 
1.625500 
1.625600 
1.626900 
1.632600 
1.635100 
1.643300 
1.643600 
1.644500 
1.647400 
1.647900 
1.648500 
1.649100 
1.649900 
1.650300 
1.651600 
1.653200 
1.654100 
1.655000 
1.658100 
1.660500 
1.663300 
1.665600 
1.665600 
1.666600 
1.669800 
1.672400 
1.672900 
1.674900 
1.680300 
1.684400 
1.684500 
1.685900 
1.688100 
1.689300 
1.689800 
1.693000 
1.694200 
1.694400 
1.695700 
1.701700 
1.704800 
1.706600 
1.707100 
1.708500 
1.710900 
1.711000 
1.711700 
1.713100 
1.714000 
1.715200 
1.716600 
1.717100 
1.718600 
1.720200 
1.721500 
1.722000 
1.723200 
1.728000 
1.730600 
1.732300 
1.733100 
1.733700 
1.736400 
1.736900 
1.737700 
1.737900 
1.739700 
1.740700 
1.743300 
1.744300 
1.745000 
1.749200 
1.751000 
1.754000 
1.756000 
1.756400 
1.756700 
1.756800 
1.758800 
1.759800 
1.760000 
1.760300 
1.761500 
1.762200 
1.763400 
1.763600 
1.763800 
1.763900 
1.764200 
1.766300 
1.766700 
1.768300 
1.768400 
1.779400 
1.780500 
1.781400 
1.782100 
1.783000 
1.785700 
1.785900 
1.788700 
1.789600 
1.790000 
1.790100 
1.790600 
1.793500 
1.796000 
1.796900 
1.804200 
1.806300 
1.806500 
1.808800 
1.809800 
1.813400 
1.814600 
1.819700 
1.820400 
1.825300 
1.831300 
1.835100 
1.837200 
1.837700 
1.837800 
1.838800 
1.839400 
1.840300 
1.840300 
1.841300 
1.841500 
1.842100 
1.846800 
1.850500 
1.851500 
1.851600 
1.852000 
1.852000 
1.852500 
1.859900 
1.860200 
1.860400 
1.864500 
1.866800 
1.866800 
1.867300 
1.868100 
1.868400 
1.872300 
1.873200 
1.874900 
1.878100 
1.882200 
1.883200 
1.884700 
1.884900 
1.886100 
1.894400 
1.895000 
1.897700 
1.899700 
1.901200 
1.902100 
1.903000 
1.905200 
1.907100 
1.909300 
1.909600 
1.911800 
1.913600 
1.914700 
1.918200 
1.920500 
1.923500 
1.926100 
1.926200 
1.927600 
1.933700 
1.933700 
1.937900 
1.940400 
1.940700 
1.944100 
1.944200 
1.944700 
1.947600 
1.950100 
1.952300 
1.956000 
1.957500 
1.959000 
1.960100 
1.961400 
1.961500 
1.962400 
1.963200 
1.964800 
1.965100 
1.965300 
1.966900 
1.969100 
1.974600 
1.977300 
1.977900 
1.979800 
1.982700 
1.983700 
1.991100 
1.995100 
1.995100 
1.996200 
1.997900 
1.999900 
2.000100 
2.002800 
2.007900 
2.008100 
2.016200 
2.018300 
2.020500 
2.023800 
2.027400 
2.027800 
2.028500 
2.029300 
2.029600 
2.030800 
2.032000 
2.033000 
2.037200 
2.038600 
2.042100 
2.042200 
2.044100 
2.044600 
2.046700 
2.048900 
2.048900 
2.049100 
2.055100 
2.055700 
2.057400 
2.057700 
2.058300 
2.058600 
2.059800 
2.060300 
2.063700 
2.064800 
2.065500 
2.066800 
2.071200 
2.071600 
2.072800 
2.073500 
2.074800 
2.076100 
2.082600 
2.082900 
2.083500 
2.083900 
2.084200 
2.088300 
2.093200 
2.096200 
2.097400 
2.101200 
2.101400 
2.102300 
2.103900 
2.104100 
2.104600 
2.104900 
2.105800 
2.107600 
2.108800 
2.111400 
2.111800 
2.115700 
2.120400 
2.120600 
2.123800 
2.124000 
2.124200 
2.126500 
2.131100 
2.131300 
2.133500 
2.135900 
2.138800 
2.138900 
2.139600 
2.141100 
2.141500 
2.142400 
2.142800 
2.144300 
2.145600 
2.146900 
2.147600 
2.147800 
2.148600 
2.148800 
2.149100 
2.149700 
2.155700 
2.155900 
2.156000 
2.157100 
2.157600 
2.157800 
2.159400 
2.159400 
2.160500 
2.161400 
2.161900 
2.164200 
2.164500 
2.167700 
2.170300 
2.171400 
2.173800 
2.174200 
2.174300 
2.177200 
2.177700 
2.183000 
2.185100 
2.190600 
2.190700 
2.191700 
2.192100 
2.192100 
2.192600 
2.193000 
2.193200 
2.194500 
2.196400 
2.198400 
2.199000 
2.201500 
2.202000 
2.208700 
2.210600 
2.211100 
2.215200 
2.216500 
2.220500 
2.221000 
2.222500 
2.224500 
2.225900 
2.227500 
2.228800 
2.231800 
2.232800 
2.234800 
2.236800 
2.237700 
2.238100 
2.239400 
2.241400 
2.242300 
2.243000 
2.243500 
2.244000 
2.244800 
2.244800 
2.244900 
2.245100 
2.245200 
2.245200 
2.248100 
2.248400 
2.252200 
2.252500 
2.254300 
2.258900 
2.262100 
2.264700 
2.265800 
2.265800 
2.271700 
2.272600 
2.273900 
2.275300 
2.275600 
2.276700 
2.276800 
2.283300 
2.284200 
2.290300 
2.290900 
2.292400 
2.294300 
2.295300 
2.297000 
2.297400 
2.299000 
2.304200 
2.306500 
2.307500 
2.309400 
2.309800 
2.310500 
2.310700 
2.311000 
2.312300 
2.314300 
2.316300 
2.319400 
2.320900 
2.321200 
2.325500 
2.325500 
2.325700 
2.327300 
2.327600 
2.334800 
2.336200 
2.341600 
2.345700 
2.346200 
2.346500 
2.348900 
2.352700 
2.352700 
2.353000 
2.354200 
2.357000 
2.360500 
2.362000 
2.362300 
2.362400 
2.363500 
2.367000 
2.369400 
2.369800 
2.371000 
2.371900 
2.372700 
2.374000 
2.375400 
2.377000 
2.381900 
2.382300 
2.382600 
2.383700 
2.390800 
2.391600 
2.392100 
2.392200 
2.394000 
2.396500 
2.398200 
2.401400 
2.402500 
2.403000 
2.407100 
2.408700 
2.410700 
2.411400 
2.413700 
2.415100 
2.415300 
2.416200 
2.417700 
2.418700 
2.426300 
2.426300 
2.431000 
2.434800 
2.434800 
2.435500 
2.436000 
2.437000 
2.439300 
2.439600 
2.440600 
2.441900 
2.441900 
2.447700 
2.447900 
2.449800 
2.452700 
2.453300 
2.453300 
2.455300 
2.456400 
2.458000 
2.459500 
2.465000 
2.466700 
2.466800 
2.472000 
2.473100 
2.476000 
2.479700 
2.483500 
2.486400 
2.489600 
2.489700 
2.490000 
2.490300 
2.491500 
2.493200 
2.493600 
2.494500 
2.495300 
2.496900 
2.499400 
2.500800 
2.501500 
2.501800 
2.503400 
2.508400 
2.508700 
2.512900 
2.514000 
2.514500 
2.515400 
2.515600 
2.518700 
2.520100 
2.520400 
2.521600 
2.521600 
2.521900 
2.527700 
2.531200 
2.533000 
2.533700 
2.533900 
2.534800 
2.536400 
2.537000 
2.537800 
2.539600 
2.540900 
2.552300 
2.554500 
2.555100 
2.560200 
2.560400 
2.560800 
2.561500 
2.561800 
2.562100 
2.562400 
2.562600 
2.566000 
2.567100 
2.570100 
2.576200 
2.576500 
2.578200 
2.579400 
2.580600 
2.583200 
2.584000 
2.584400 
2.588300 
2.590100 
2.594200 
2.595100 
2.595100 
2.597700 
2.603600 
2.606900 
2.608400 
2.609400 
2.610100 
2.611500 
2.612300 
2.616300 
2.617000 
2.618100 
2.627900 
2.632200 
2.635600 
2.635700 
2.637800 
2.638000 
2.642700 
2.648600 
2.648800 
2.652700 
2.654500 
2.657800 
2.658300 
2.659800 
2.659900 
2.661100 
2.662000 
2.662000 
2.663100 
2.663600 
2.665300 
2.665500 
2.665700 
2.667500 
2.669000 
2.669800 
2.671900 
2.673800 
2.677500 
2.677900 
2.678900 
2.681200 
2.684400 
2.694000 
2.695200 
2.696700 
2.700700 
2.702200 
2.703800 
2.707200 
2.708700 
2.712700 
2.713500 
2.714900 
2.719900 
2.720400 
2.721700 
2.723800 
2.725200 
2.725800 
2.726000 
2.727500 
2.729000 
2.729500 
2.733400 
2.739600 
2.741200 
2.742600 
2.748100 
2.748100 
2.748800 
2.751900 
2.752100 
2.753100 
2.753200 
2.753500 
2.757100 
2.757200 
2.758100 
2.761300 
2.761600 
2.763100 
2.763300 
2.765100 
2.765300 
2.766400 
2.768500 
2.770900 
2.771700 
2.773900 
2.774600 
2.775000 
2.775200 
2.777600 
2.780000 
2.780300 
2.782500 
2.785800 
2.786700 
2.790300 
2.790900 
2.791400 
2.792000 
2.792000 
2.792500 
2.793000 
2.796100 
2.796300 
2.796400 
2.798200 
2.802800 
2.803600 
2.804200 
2.805400 
2.806300 
2.807900 
2.809700 
2.810600 
2.811100 
2.811600 
2.813500 
2.814900 
2.816400 
2.819300 
2.820800 
2.821300 
2.824100 
2.824800 
2.828000 
2.828700 
2.829200 
2.830300 
2.830400 
2.832800 
2.836200 
2.836200 
2.836400 
2.837400 
2.839000 
2.840800 
2.843900 
2.846000 
2.848400 
2.848800 
2.850400 
2.851500 
2.851800 
2.854700 
2.855600 
2.857300 
2.859400 
2.859900 
2.860500 
2.862200 
2.865500 
2.865600 
2.867300 
2.869300 
2.871700 
2.872700 
2.872900 
2.877700 
2.879500 
2.880100 
2.884100 
2.885300 
2.885300 
2.886000 
2.886300 
2.888700 
2.891200 
2.892000 
2.894500 
2.896800 
2.896800 
2.896900 
2.898000 
2.902800 
2.903300 
2.906700 
2.913200 
2.914300 
2.914900 
2.914900 
2.915500 
2.916900 
2.920200 
2.921100 
2.923400 
2.924800 
2.926800 
2.927200 
2.929700 
2.931000 
2.931400 
2.931800 
2.933500 
2.934700 
2.936300 
2.936400 
2.938000 
2.938200 
2.942400 
2.942800 
2.944300 
2.945700 
2.945900 
2.946300 
2.946500 
2.947800 
2.950900 
2.954500 
2.954600 
2.955200 
2.955700 
2.956600 
2.961400 
2.962300 
2.964800 
2.964800 
2.966300 
2.966800 
2.967000 
2.967200 
2.970000 
2.970600 
2.971100 
2.972200 
2.978100 
2.978300 
2.978700 
2.980000 
2.981500 
2.981700 
2.984200 
2.987500 
2.987600 
2.989400 
2.991200 
2.991200 
2.991300 
2.992100 
2.992800 
2.997500 
2.997700 
3.007600 
3.007800 
3.008000 
3.011600 
3.013800 
3.016000 
3.017100 
3.018000 
3.020400 
3.021000 
3.022600 
3.024200 
3.024400 
3.025200 
3.026900 
3.027500 
3.031100 
3.031400 
3.032400 
3.035100 
3.035600 
3.041300 
3.043700 
3.046700 
3.046900 
3.046900 
3.047800 
3.050500 
3.050700 
3.052100 
3.053600 
3.055100 
3.056100 
3.057800 
3.059200 
3.059300 
3.061800 
3.063000 
3.063100 
3.064200 
3.065000 
3.065700 
3.066100 
3.068700 
3.071000 
3.073000 
3.073700 
3.074600 
3.076600 
3.076700 
3.077100 
3.077900 
3.079700 
3.081100 
3.088000 
3.088200 
3.089400 
3.091500 
3.095600 
3.097000 
3.100800 
3.100800 
3.101400 
3.101500 
3.108600 
3.109300 
3.112800 
3.113700 
3.114600 
3.115600 
3.118100 
3.121600 
3.123300 
3.123700 
3.123700 
3.125500 
3.126700 
3.129000 
3.129100 
3.130000 
3.132100 
3.135100 
3.137700 
3.137900 
3.137900 
3.142000 
3.145800 
3.151300 
3.151600 
3.159900 
3.160100 
3.161200 
3.162500 
3.165000 
3.165100 
3.165600 
3.166200 
3.167800 
3.168400 
3.171800 
3.173100 
3.178400 
3.179100 
3.182700 
3.183900 
3.185500 
3.186600 
3.186800 
3.187900 
3.189000 
3.190400 
3.192500 
3.193600 
3.193800 
3.194300 
3.196300 
3.199600 
3.200300 
3.201200 
3.202800 
3.203000 
3.203400 
3.204400 
3.206400 
3.208200 
3.211800 
3.212600 
3.213700 
3.216200 
3.216200 
3.217700 
3.218400 
3.218900 
3.220200 
3.224500 
3.227500 
3.227500 
3.227500 
3.228200 
3.228800 
3.232700 
3.232700 
3.235700 
3.237800 
3.239900 
3.243200 
3.243200 
3.246700 
3.248200 
3.251300 
3.254700 
3.256000 
3.256600 
3.257900 
3.258000 
3.260400 
3.260900 
3.261900 
3.264100 
3.265000 
3.265900 
3.267300 
3.268500 
3.272800 
3.280800 
3.282600 
3.283100 
3.283400 
3.285100 
3.292300 
3.294500 
3.295900 
3.301400 
3.302300 
3.302800 
3.303700 
3.304400 
3.304600 
3.306100 
3.306700 
3.310500 
3.311200 
3.314900 
3.315000 
3.315500 
3.315800 
3.316400 
3.318300 
3.319800 
3.324300 
3.325200 
3.329900 
3.330600 
3.331100 
3.332400 
3.332800 
3.338200 
3.339400 
3.344400 
3.344600 
3.345800 
3.346400 
3.346900 
3.348900 
3.349500 
3.349700 
3.353400 
3.355100 
3.360300 
3.362300 
3.363400 
3.368900 
3.370100 
3.372500 
3.373900 
3.376500 
3.378100 
3.380700 
3.381400 
3.383800 
3.385300 
3.385700 
3.385700 
3.387800 
3.389500 
3.391100 
3.391800 
3.392500 
3.393300 
3.394800 
3.396700 
3.398500 
3.400300 
3.401200 
3.402500 
3.407300 
3.410700 
3.413400 
3.415600 
3.417600 
3.420100 
3.420400 
3.421100 
3.423600 
3.424900 
3.427000 
3.431200 
3.432800 
3.438500 
3.441200 
3.441700 
3.443400 
3.445200 
3.446200 
3.446500 
3.449000 
3.450100 
3.452600 
3.453800 
3.454000 
3.455500 
3.456700 
3.458000 
3.459700 
3.460600 
3.461000 
3.461100 
3.462900 
3.464200 
3.467200 
3.468400 
3.469200 
3.472900 
3.476300 
3.480700 
3.481500 
3.485100 
3.485800 
3.489200 
3.491000 
3.491400 
3.493000 
3.493200 
3.493400 
3.494500 
3.497100 
3.497100 
3.499600 
3.501600 
3.503600 
3.503900 
3.506400 
3.507900 
3.512700 
3.513700 
3.514700 
3.515100 
3.515600 
3.516700 
3.518400 
3.518600 
3.520500 
3.522500 
3.525000 
3.525800 
3.527100 
3.528900 
3.529500 
3.529700 
3.530900 
3.531400 
3.536500 
3.536800 
3.537000 
3.537700 
3.539700 
3.540200 
3.540900 
3.541400 
3.541800 
3.542200 
3.543800 
3.544400 
3.544900 
3.544900 
3.545200 
3.548200 
3.551200 
3.554100 
3.559700 
3.560200 
3.561900 
3.563300 
3.566400 
3.568100 
3.569600 
3.570400 
3.572700 
3.573700 
3.576800 
3.578200 
3.579100 
3.581300 
3.584300 
3.586600 
3.587500 
3.589500 
3.591200 
3.594200 
3.595400 
3.596700 
3.598300 
3.600900 
3.601000 
3.603900 
3.604200 
3.604700 
3.604900 
3.605600 
3.607000 
3.607300 
3.607500 
3.609700 
3.610500 
3.610700 
3.611200 
3.621000 
3.621600 
3.624700 
3.625300 
3.625500 
3.628200 
3.629200 
3.633300 
3.633300 
3.634400 
3.635700 
3.637600 
3.639700 
3.641500 
3.641600 
3.641600 
3.648400 
3.649300 
3.651200 
3.652600 
3.654300 
3.655500 
3.666500 
3.668400 
3.668600 
3.672800 
3.676400 
3.676700 
3.677100 
3.677400 
3.678500 
3.681500 
3.682200 
3.684000 
3.685200 
3.685500 
3.685900 
3.686400 
3.686800 
3.689500 
3.691100 
3.693100 
3.700100 
3.701700 
3.703600 
3.710000 
3.711100 
3.715300 
3.717200 
3.718900 
3.720100 
3.723500 
3.728500 
3.733600 
3.735000 
3.738600 
3.740300 
3.740700 
3.748200 
3.752500 
3.754200 
3.754600 
3.757100 
3.760000 
3.763500 
3.764700 
3.766200 
3.769200 
3.770900 
3.772700 
3.772900 
3.774400 
3.778100 
3.778700 
3.783600 
3.787500 
3.788100 
3.791900 
3.791900 
3.796300 
3.796800 
3.800300 
3.801800 
3.802200 
3.805200 
3.805500 
3.805500 
3.806100 
3.806400 
3.809300 
3.810800 
3.813600 
3.815200 
3.818300 
3.818700 
3.821000 
3.821900 
3.823500 
3.825700 
3.827400 
3.827800 
3.831900 
3.834700 
3.836900 
3.839700 
3.841900 
3.843300 
3.846700 
3.846700 
3.848900 
3.850800 
3.851300 
3.853300 
3.853400 
3.854000 
3.854100 
3.856000 
3.856900 
3.858400 
3.858700 
3.862400 
3.865400 
3.867000 
3.871000 
3.872400 
3.876100 
3.876600 
3.877600 
3.878300 
3.880300 
3.882300 
3.883500 
3.890900 
3.892100 
3.894700 
3.895200 
3.898500 
3.902000 
3.904800 
3.906200 
3.909200 
3.909500 
3.911400 
3.918300 
3.918800 
3.919300 
3.919800 
3.921000 
3.921400 
3.923300 
3.923900 
3.924400 
3.924600 
3.926900 
3.928300 
3.929400 
3.930900 
3.931900 
3.932500 
3.938300 
3.940000 
3.941300 
3.943800 
3.944300 
3.945400 
3.954100 
3.955100 
3.955900 
3.956100 
3.960000 
3.961400 
3.966500 
3.967000 
3.967000 
3.968900 
3.971500 
3.971900 
3.972200 
3.974600 
3.976900 
3.978700 
3.980100 
3.983100 
3.983100 
3.983300 
3.986500 
3.989000 
3.989300 
3.989900 
3.991400 
3.991600 
3.994400 
3.995400 
3.996300 
