0.012800 
0.020700 
0.024400 
0.030100 
0.037600 
0.037800 
0.038200 
0.038600 
0.038900 
0.040000 
0.040600 
0.042800 
0.043700 
0.043900 
0.045800 
0.048200 
0.049100 
0.054300 
0.054800 
0.055500 
0.056400 
0.058600 
0.064400 
0.065100 
0.065400 
0.067200 
0.069500 
0.070200 
0.072300 
0.073100 
0.076100 
0.079800 
0.085700 
0.086300 
0.091400 
0.091600 
0.092700 
0.095700 
0.096800 
0.096900 
0.099000 
0.100500 
0.100700 
0.104600 
0.109200 
0.112400 
0.112800 
0.112800 
0.114500 
0.115300 
0.117100 
0.127000 
0.130500 
0.135200 
0.139700 
0.141300 
0.142900 
0.143400 
0.146400 
0.147600 
0.148100 
0.151500 
0.153400 
0.153600 
0.153900 
0.159100 
0.160100 
0.160300 
0.161300 
0.161700 
0.162300 
0.167300 
0.169800 
0.170200 
0.176000 
0.181300 
0.187100 
0.189300 
0.190300 
0.191300 
0.194300 
0.194800 
0.194900 
0.198900 
0.200400 
0.200700 
0.202700 
0.203400 
0.206200 
0.209300 
0.210100 
0.213400 
0.217400 
0.220300 
0.221300 
0.221800 
0.223600 
0.227100 
0.227300 
0.228700 
0.229500 
0.230100 
0.235700 
0.244600 
0.246000 
0.248500 
0.249700 
0.254600 
0.258100 
0.258700 
0.258900 
0.259400 
0.260100 
0.264400 
0.267500 
0.270400 
0.271200 
0.271500 
0.271500 
0.276500 
0.276800 
0.278500 
0.279100 
0.280700 
0.281900 
0.284200 
0.284200 
0.287700 
0.290100 
0.290400 
0.290500 
0.290500 
0.292300 
0.294000 
0.297000 
0.298600 
0.299300 
0.300400 
0.300400 
0.300500 
0.302900 
0.304400 
0.308900 
0.312000 
0.312000 
0.315800 
0.317700 
0.319500 
0.323700 
0.327000 
0.329500 
0.330100 
0.336000 
0.336600 
0.337200 
0.338600 
0.340600 
0.346400 
0.348600 
0.350000 
0.359300 
0.366600 
0.368000 
0.372300 
0.373800 
0.374000 
0.374200 
0.374700 
0.376300 
0.378600 
0.380500 
0.383400 
0.385500 
0.385800 
0.388200 
0.388200 
0.388200 
0.388800 
0.389900 
0.390200 
0.390600 
0.390800 
0.393900 
0.395900 
0.397400 
0.400000 
0.402100 
0.407000 
0.411700 
0.413200 
0.416400 
0.416600 
0.417600 
0.419800 
0.424000 
0.425100 
0.425300 
0.427100 
0.428900 
0.429500 
0.433400 
0.435300 
0.436300 
0.436700 
0.439100 
0.443600 
0.445200 
0.454400 
0.454600 
0.454900 
0.455000 
0.455300 
0.456100 
0.457400 
0.458500 
0.458700 
0.459600 
0.462800 
0.471800 
0.472800 
0.472900 
0.475700 
0.476100 
0.477100 
0.478700 
0.479100 
0.479100 
0.482000 
0.482100 
0.482900 
0.484800 
0.489300 
0.490700 
0.495200 
0.495300 
0.498500 
0.505300 
0.506400 
0.507500 
0.507600 
0.507700 
0.508500 
0.508900 
0.512200 
0.513100 
0.513500 
0.514800 
0.518900 
0.518900 
0.521200 
0.522600 
0.528000 
0.529100 
0.529700 
0.529900 
0.530500 
0.533700 
0.535600 
0.535900 
0.536000 
0.541900 
0.543200 
0.555000 
0.556700 
0.557200 
0.560100 
0.560900 
0.561300 
0.561500 
0.566500 
0.569200 
0.570400 
0.573400 
0.576500 
0.578000 
0.585000 
0.585200 
0.585900 
0.587100 
0.587900 
0.588000 
0.588600 
0.589300 
0.589800 
0.591000 
0.592300 
0.593300 
0.594800 
0.597700 
0.597900 
0.599200 
0.602900 
0.607900 
0.608300 
0.608700 
0.609200 
0.609200 
0.610100 
0.613500 
0.614100 
0.614600 
0.616500 
0.619000 
0.620100 
0.621700 
0.629700 
0.630100 
0.632700 
0.632700 
0.634500 
0.636100 
0.639100 
0.641400 
0.648800 
0.650000 
0.652000 
0.656000 
0.661200 
0.666400 
0.667300 
0.675000 
0.675500 
0.680300 
0.681000 
0.681800 
0.681900 
0.682000 
0.682400 
0.685100 
0.686200 
0.687500 
0.688400 
0.689800 
0.690200 
0.691000 
0.691300 
0.693600 
0.695000 
0.696100 
0.696400 
0.699800 
0.700900 
0.703800 
0.704200 
0.704500 
0.706300 
0.706300 
0.706700 
0.707100 
0.707900 
0.708700 
0.712500 
0.713000 
0.714500 
0.714700 
0.715200 
0.715200 
0.718100 
0.718700 
0.721400 
0.723600 
0.725500 
0.728600 
0.730600 
0.730900 
0.739400 
0.739700 
0.744000 
0.744800 
0.745700 
0.746900 
0.749500 
0.749700 
0.753000 
0.754800 
0.756000 
0.757700 
0.758500 
0.759900 
0.760000 
0.762200 
0.765800 
0.768700 
0.769900 
0.770600 
0.771300 
0.772700 
0.772800 
0.774700 
0.777100 
0.778200 
0.779300 
0.781300 
0.784000 
0.784500 
0.785000 
0.785400 
0.785400 
0.785900 
0.786900 
0.790700 
0.792600 
0.792600 
0.797500 
0.798000 
0.798600 
0.802800 
0.803000 
0.810700 
0.811100 
0.811300 
0.811300 
0.813000 
0.814200 
0.816000 
0.817500 
0.818000 
0.818000 
0.822700 
0.824300 
0.829400 
0.829800 
0.830200 
0.830500 
0.830700 
0.833600 
0.835800 
0.840200 
0.842400 
0.844800 
0.844800 
0.850500 
0.851100 
0.853300 
0.854800 
0.857500 
0.859600 
0.861100 
0.863900 
0.869300 
0.871500 
0.873300 
0.874100 
0.879100 
0.880000 
0.880600 
0.884300 
0.886600 
0.887600 
0.888000 
0.892500 
0.895900 
0.897800 
0.900800 
0.905800 
0.906200 
0.907000 
0.907100 
0.907700 
0.908600 
0.912400 
0.912600 
0.914500 
0.918300 
0.923800 
0.925800 
0.928100 
0.928300 
0.929200 
0.930500 
0.931700 
0.932600 
0.934300 
0.935700 
0.937200 
0.939100 
0.942500 
0.945900 
0.946300 
0.946900 
0.947400 
0.948900 
0.951500 
0.952600 
0.952600 
0.953200 
0.955300 
0.957000 
0.959400 
0.960700 
0.962200 
0.963400 
0.964000 
0.964200 
0.965200 
0.969500 
0.970500 
0.970800 
0.971000 
0.973500 
0.977900 
0.979700 
0.980500 
0.981300 
0.986500 
0.989100 
0.990800 
0.993300 
0.993800 
0.995400 
0.995800 
0.996200 
0.997600 
0.998700 
1.002400 
1.004900 
1.006000 
1.009700 
1.010800 
1.012300 
1.012400 
1.014600 
1.016200 
1.019100 
1.020300 
1.022200 
1.022900 
1.023900 
1.024100 
1.024700 
1.025100 
1.025100 
1.026000 
1.026700 
1.027500 
1.028600 
1.028800 
1.029100 
1.029300 
1.029800 
1.030200 
1.030600 
1.034400 
1.034500 
1.035100 
1.035400 
1.036200 
1.036500 
1.036500 
1.037200 
1.037600 
1.038600 
1.039600 
1.039700 
1.040900 
1.041200 
1.041600 
1.042800 
1.044500 
1.044600 
1.044900 
1.046000 
1.048700 
1.049700 
1.050200 
1.050500 
1.050900 
1.051500 
1.053100 
1.053300 
1.053500 
1.054300 
1.054400 
1.056300 
1.056300 
1.059400 
1.061400 
1.062500 
1.062800 
1.063100 
1.063700 
1.065300 
1.065300 
1.065700 
1.066500 
1.067000 
1.067400 
1.067800 
1.068600 
1.069700 
1.070000 
1.070100 
1.070500 
1.071200 
1.071800 
1.072500 
1.073100 
1.074000 
1.074200 
1.075000 
1.075500 
1.076100 
1.076200 
1.076300 
1.077100 
1.077600 
1.077700 
1.078100 
1.079900 
1.080700 
1.082700 
1.083200 
1.084400 
1.084800 
1.085200 
1.085800 
1.086000 
1.087300 
1.087400 
1.088400 
1.089100 
1.089700 
1.089800 
1.092200 
1.092200 
1.093000 
1.093800 
1.094700 
1.095500 
1.097900 
1.098000 
1.098100 
1.100000 
1.100200 
1.100800 
1.101500 
1.102000 
1.102200 
1.106000 
1.106700 
1.106900 
1.107000 
1.108200 
1.108200 
1.108400 
1.108400 
1.109800 
1.109900 
1.110100 
1.110200 
1.110700 
1.110700 
1.112200 
1.112400 
1.113000 
1.114100 
1.116000 
1.116100 
1.116300 
1.116500 
1.117100 
1.117200 
1.117200 
1.117600 
1.119000 
1.119400 
1.119600 
1.120900 
1.121300 
1.121800 
1.122000 
1.122200 
1.122400 
1.123100 
1.123100 
1.123400 
1.123700 
1.126800 
1.127200 
1.127400 
1.127400 
1.127600 
1.127700 
1.128000 
1.128300 
1.128400 
1.129000 
1.129300 
1.129700 
1.129900 
1.130500 
1.131900 
1.132200 
1.132400 
1.132700 
1.134100 
1.134700 
1.135300 
1.135300 
1.135800 
1.137300 
1.137400 
1.137900 
1.138100 
1.138400 
1.139400 
1.141100 
1.141500 
1.141900 
1.142300 
1.142400 
1.142500 
1.143300 
1.143800 
1.144800 
1.145900 
1.146100 
1.146700 
1.147700 
1.147900 
1.148100 
1.149400 
1.149900 
1.150800 
1.150900 
1.151300 
1.151800 
1.152000 
1.152100 
1.152500 
1.153000 
1.153000 
1.153500 
1.154900 
1.155400 
1.155800 
1.156000 
1.158100 
1.159300 
1.160500 
1.160900 
1.161400 
1.161400 
1.161500 
1.161700 
1.162300 
1.162600 
1.163600 
1.163800 
1.163800 
1.164200 
1.164600 
1.164900 
1.164900 
1.165500 
1.166100 
1.166100 
1.166900 
1.167100 
1.168100 
1.168800 
1.168900 
1.168900 
1.169800 
1.170000 
1.170000 
1.170500 
1.170600 
1.173100 
1.174100 
1.174800 
1.175000 
1.175600 
1.176100 
1.176300 
1.177300 
1.178100 
1.178200 
1.178300 
1.179500 
1.180100 
1.181100 
1.181100 
1.181200 
1.181400 
1.181600 
1.182000 
1.182100 
1.182500 
1.182600 
1.184400 
1.184700 
1.184700 
1.185300 
1.186800 
1.186900 
1.187000 
1.187700 
1.188000 
1.188000 
1.188200 
1.188700 
1.189800 
1.193500 
1.193600 
1.194200 
1.194400 
1.194400 
1.194500 
1.194700 
1.195100 
1.195200 
1.197100 
1.197700 
1.198100 
1.199200 
1.199700 
1.200200 
1.200600 
1.200800 
1.201500 
1.202500 
1.202600 
1.202700 
1.202800 
1.203400 
1.204100 
1.204100 
1.204400 
1.204900 
1.205700 
1.206600 
1.206600 
1.207400 
1.208000 
1.208300 
1.208800 
1.208900 
1.209200 
1.209400 
1.211100 
1.212100 
1.214000 
1.214200 
1.214500 
1.215100 
1.216000 
1.216100 
1.216700 
1.216800 
1.218200 
1.220300 
1.220300 
1.220300 
1.221600 
1.223500 
1.224200 
1.224500 
1.224600 
1.225000 
1.225900 
1.226300 
1.226800 
1.227100 
1.227200 
1.228400 
1.228700 
1.229100 
1.229200 
1.229700 
1.229800 
1.229800 
1.230800 
1.231000 
1.231100 
1.232400 
1.234500 
1.234900 
1.235600 
1.236100 
1.236300 
1.236300 
1.237100 
1.237200 
1.239200 
1.239400 
1.240200 
1.241700 
1.242800 
1.244800 
1.245800 
1.245900 
1.246800 
1.247000 
1.247300 
1.248100 
1.249400 
1.249500 
1.250000 
1.250500 
1.250600 
1.252600 
1.252700 
1.253400 
1.253900 
1.254600 
1.255100 
1.255100 
1.255200 
1.255600 
1.256000 
1.256400 
1.257300 
1.258100 
1.259300 
1.259400 
1.259600 
1.260100 
1.260200 
1.260900 
1.261300 
1.263400 
1.263900 
1.264200 
1.264400 
1.265000 
1.265700 
1.266000 
1.266700 
1.267000 
1.267300 
1.267600 
1.268300 
1.268500 
1.268900 
1.269000 
1.269100 
1.269400 
1.269900 
1.270500 
1.271400 
1.272500 
1.273500 
1.273600 
1.273900 
1.275100 
1.275200 
1.275300 
1.276700 
1.277200 
1.277200 
1.278200 
1.278900 
1.279600 
1.279900 
1.281400 
1.281500 
1.281700 
1.282200 
1.282700 
1.283200 
1.283700 
1.285400 
1.287300 
1.287400 
1.287600 
1.287800 
1.288300 
1.288500 
1.289600 
1.289900 
1.290700 
1.291800 
1.292800 
1.293100 
1.293400 
1.294300 
1.295500 
1.295700 
1.298400 
1.299400 
1.299700 
1.299800 
1.300000 
1.300100 
1.300300 
1.300300 
1.300500 
1.300500 
1.302400 
1.302800 
1.304800 
1.305700 
1.306300 
1.306700 
1.308100 
1.308500 
1.308600 
1.310100 
1.310200 
1.311300 
1.312400 
1.312600 
1.313000 
1.313100 
1.313700 
1.314100 
1.314700 
1.315300 
1.316400 
1.317100 
1.317400 
1.318100 
1.319700 
1.319800 
1.320500 
1.320800 
1.321000 
1.321400 
1.323600 
1.323800 
1.324000 
1.324800 
1.325300 
1.327300 
1.328800 
1.328900 
1.329300 
1.330200 
1.331500 
1.332100 
1.332500 
1.332800 
1.333000 
1.333600 
1.334000 
1.334500 
1.334700 
1.334800 
1.334900 
1.335100 
1.335100 
1.335100 
1.335400 
1.335900 
1.337200 
1.337600 
1.337800 
1.338100 
1.338600 
1.339300 
1.339800 
1.340200 
1.340600 
1.340800 
1.342800 
1.343000 
1.344300 
1.345100 
1.345900 
1.346100 
1.346700 
1.348200 
1.348600 
1.348900 
1.348900 
1.350400 
1.351600 
1.351600 
1.352100 
1.353800 
1.354600 
1.355000 
1.355100 
1.355200 
1.355700 
1.356200 
1.356500 
1.356600 
1.357600 
1.358500 
1.358900 
1.359900 
1.361400 
1.361900 
1.362100 
1.362200 
1.362200 
1.362900 
1.364000 
1.364100 
1.366500 
1.366600 
1.368700 
1.369000 
1.369900 
1.370900 
1.371200 
1.372300 
1.372300 
1.375000 
1.375400 
1.375400 
1.376300 
1.376400 
1.377000 
1.377600 
1.377900 
1.381900 
1.382400 
1.382700 
1.382800 
1.383700 
1.383800 
1.383900 
1.384600 
1.385500 
1.386400 
1.388800 
1.389000 
1.389100 
1.389100 
1.389200 
1.389800 
1.390000 
1.390400 
1.390400 
1.390800 
1.391200 
1.391700 
1.392100 
1.392800 
1.393200 
1.393600 
1.393900 
1.393900 
1.394400 
1.394600 
1.394600 
1.394600 
1.394600 
1.395500 
1.396300 
1.396400 
1.397500 
1.397800 
1.398300 
1.398400 
1.398600 
1.399800 
1.400300 
1.401700 
1.402400 
1.402700 
1.403400 
1.404000 
1.405400 
1.406600 
1.406900 
1.407300 
1.407700 
1.408000 
1.408400 
1.411300 
1.412000 
1.412200 
1.412700 
1.412900 
1.414100 
1.414100 
1.414400 
1.415700 
1.415900 
1.416900 
1.418000 
1.419100 
1.419100 
1.419500 
1.419700 
1.420000 
1.420600 
1.421600 
1.422300 
1.422700 
1.422700 
1.423700 
1.423900 
1.426300 
1.427000 
1.427400 
1.428500 
1.430100 
1.430500 
1.431100 
1.431100 
1.432400 
1.432500 
1.432800 
1.433000 
1.433700 
1.433700 
1.434100 
1.434300 
1.434900 
1.435000 
1.435100 
1.437500 
1.437600 
1.439000 
1.440700 
1.441500 
1.442000 
1.442700 
1.442900 
1.443000 
1.444100 
1.444100 
1.444400 
1.445200 
1.445700 
1.445700 
1.445800 
1.446000 
1.447000 
1.448700 
1.449100 
1.449400 
1.449800 
1.450500 
1.452000 
1.452500 
1.452600 
1.452900 
1.453900 
1.454000 
1.454800 
1.455600 
1.456100 
1.456300 
1.456900 
1.457300 
1.458000 
1.458400 
1.460500 
1.460600 
1.464100 
1.465900 
1.467000 
1.467100 
1.468000 
1.468200 
1.468200 
1.468300 
1.468900 
1.469600 
1.469900 
1.470500 
1.471400 
1.471900 
1.472200 
1.472300 
1.472400 
1.472800 
1.473500 
1.473800 
1.475100 
1.475200 
1.475500 
1.475600 
1.475600 
1.475800 
1.475900 
1.478600 
1.479100 
1.479700 
1.479900 
1.480200 
1.481300 
1.481700 
1.481700 
1.481900 
1.482600 
1.483700 
1.484300 
1.484600 
1.484900 
1.485800 
1.486100 
1.486300 
1.486600 
1.486900 
1.487100 
1.487400 
1.488900 
1.489100 
1.489200 
1.489200 
1.490400 
1.491100 
1.491400 
1.492100 
1.493800 
1.493900 
1.494300 
1.494400 
1.495200 
1.495300 
1.497400 
1.497500 
1.498300 
1.498700 
1.500100 
1.500800 
1.500900 
1.503000 
1.503000 
1.503900 
1.504100 
1.504300 
1.504800 
1.505100 
1.505300 
1.507200 
1.507400 
1.507600 
1.507800 
1.507900 
1.508500 
1.509200 
1.509600 
1.509900 
1.510300 
1.510500 
1.510600 
1.512000 
1.512700 
1.513000 
1.513800 
1.514600 
1.515700 
1.516000 
1.516100 
1.516700 
1.517900 
1.518000 
1.518500 
1.519200 
1.519400 
1.519400 
1.519900 
1.520200 
1.520500 
1.520500 
1.522200 
1.523800 
1.524000 
1.524100 
1.526000 
1.527700 
1.528600 
1.528600 
1.529900 
1.530100 
1.530900 
1.531400 
1.531500 
1.533300 
1.534700 
1.535500 
1.536100 
1.536300 
1.538700 
1.539400 
1.539600 
1.539800 
1.539800 
1.541600 
1.541800 
1.541900 
1.541900 
1.543000 
1.543600 
1.544300 
1.544400 
1.545200 
1.545500 
1.545600 
1.545700 
1.546400 
1.546800 
1.547000 
1.547100 
1.547400 
1.547700 
1.548400 
1.548500 
1.548800 
1.549000 
1.549400 
1.550200 
1.551500 
1.551800 
1.552600 
1.552900 
1.553000 
1.554300 
1.555300 
1.556100 
1.556900 
1.557700 
1.559400 
1.560300 
1.560500 
1.561200 
1.562900 
1.563200 
1.563400 
1.564600 
1.564800 
1.565100 
1.566300 
1.567000 
1.567300 
1.569100 
1.570200 
1.570800 
1.570900 
1.572000 
1.572300 
1.572300 
1.573700 
1.574300 
1.574800 
1.575400 
1.575500 
1.575700 
1.575900 
1.576300 
1.577300 
1.577800 
1.578700 
1.578800 
1.578900 
1.579400 
1.579900 
1.580700 
1.581700 
1.582000 
1.582600 
1.582900 
1.583800 
1.584300 
1.584400 
1.584500 
1.585200 
1.585600 
1.586100 
1.586400 
1.586500 
1.589800 
1.590300 
1.590600 
1.590600 
1.592200 
1.592700 
1.593000 
1.593200 
1.593300 
1.593900 
1.595200 
1.596300 
1.596700 
1.597900 
1.598800 
1.598900 
1.599300 
1.599500 
1.599700 
1.602500 
1.602600 
1.603300 
1.603600 
1.603700 
1.604000 
1.606100 
1.607000 
1.608000 
1.608200 
1.608400 
1.608500 
1.608800 
1.609200 
1.609300 
1.609300 
1.609400 
1.609600 
1.609900 
1.610000 
1.610400 
1.616300 
1.616500 
1.616900 
1.617000 
1.617200 
1.617500 
1.617500 
1.618900 
1.619700 
1.620600 
1.621200 
1.621800 
1.624000 
1.624600 
1.625400 
1.625500 
1.625600 
1.625700 
1.626000 
1.626100 
1.626400 
1.626500 
1.626600 
1.626800 
1.627300 
1.628600 
1.628600 
1.629000 
1.631000 
1.631500 
1.631900 
1.632000 
1.632500 
1.633300 
1.634400 
1.634600 
1.634800 
1.636000 
1.636000 
1.636600 
1.638300 
1.641900 
1.643100 
1.643100 
1.645000 
1.646000 
1.646100 
1.646200 
1.646400 
1.647800 
1.650100 
1.650400 
1.650900 
1.651200 
1.651600 
1.653300 
1.654200 
1.654300 
1.654800 
1.655400 
1.656100 
1.657000 
1.657100 
1.657600 
1.658100 
1.658300 
1.659000 
1.659900 
1.660000 
1.660700 
1.660800 
1.661600 
1.661800 
1.661900 
1.662500 
1.662600 
1.663100 
1.664900 
1.664900 
1.666200 
1.666800 
1.667100 
1.667900 
1.668400 
1.668800 
1.669200 
1.669900 
1.671500 
1.672400 
1.672500 
1.674900 
1.675500 
1.675600 
1.675600 
1.675600 
1.675700 
1.676300 
1.676300 
1.676400 
1.677700 
1.678600 
1.679200 
1.680600 
1.680700 
1.681200 
1.681400 
1.682300 
1.685000 
1.688600 
1.689400 
1.689600 
1.690300 
1.690600 
1.690700 
1.691800 
1.692300 
1.693100 
1.694000 
1.694300 
1.694400 
1.694600 
1.695100 
1.695500 
1.695900 
1.697300 
1.698100 
1.699900 
1.701200 
1.701700 
1.703100 
1.703300 
1.703800 
1.704200 
1.704200 
1.704400 
1.704900 
1.705100 
1.705300 
1.705600 
1.706900 
1.707200 
1.707300 
1.708100 
1.709000 
1.709100 
1.709300 
1.710200 
1.710600 
1.710700 
1.712000 
1.712400 
1.713400 
1.713500 
1.713600 
1.714000 
1.714900 
1.717200 
1.720500 
1.721000 
1.721200 
1.721300 
1.722400 
1.723600 
1.724100 
1.724300 
1.724400 
1.724900 
1.725700 
1.726600 
1.726800 
1.727300 
1.727400 
1.727700 
1.728100 
1.728300 
1.728400 
1.728500 
1.728500 
1.729200 
1.729300 
1.730400 
1.730500 
1.732000 
1.732100 
1.732900 
1.734100 
1.734700 
1.735000 
1.735700 
1.735800 
1.736500 
1.736800 
1.737100 
1.738900 
1.739000 
1.739300 
1.740100 
1.741600 
1.741700 
1.742300 
1.742400 
1.742700 
1.743500 
1.743700 
1.744000 
1.744800 
1.745000 
1.746500 
1.746900 
1.747300 
1.747600 
1.748400 
1.749200 
1.752400 
1.753700 
1.754400 
1.755800 
1.756300 
1.756800 
1.757100 
1.757200 
1.757500 
1.757700 
1.758200 
1.758700 
1.758800 
1.759200 
1.760400 
1.760600 
1.760700 
1.761000 
1.761500 
1.761800 
1.762900 
1.764700 
1.765500 
1.765600 
1.765900 
1.766800 
1.767300 
1.767600 
1.768300 
1.768400 
1.769500 
1.769700 
1.769700 
1.771600 
1.772200 
1.772700 
1.772800 
1.773500 
1.773600 
1.774000 
1.774000 
1.774100 
1.774300 
1.775100 
1.775500 
1.775700 
1.776300 
1.777000 
1.777800 
1.780300 
1.781100 
1.782100 
1.782300 
1.783400 
1.784200 
1.784300 
1.784900 
1.786400 
1.786600 
1.787600 
1.788200 
1.789300 
1.789300 
1.791100 
1.791800 
1.792700 
1.793000 
1.794900 
1.795100 
1.795200 
1.796000 
1.796200 
1.797200 
1.797300 
1.797400 
1.797400 
1.797800 
1.798900 
1.799100 
1.800200 
1.800600 
1.800700 
1.801000 
1.801000 
1.802600 
1.802800 
1.803000 
1.803100 
1.803500 
1.804700 
1.805200 
1.806100 
1.806600 
1.808900 
1.809300 
1.810600 
1.810900 
1.811100 
1.811400 
1.813000 
1.813200 
1.813400 
1.813400 
1.813600 
1.813700 
1.815500 
1.815800 
1.816200 
1.816800 
1.817000 
1.817000 
1.817400 
1.818000 
1.819100 
1.819200 
1.819500 
1.820900 
1.821500 
1.822200 
1.822700 
1.823500 
1.823500 
1.824000 
1.824700 
1.825400 
1.826100 
1.826600 
1.827500 
1.828500 
1.829200 
1.830000 
1.831900 
1.832300 
1.833300 
1.833700 
1.834900 
1.836600 
1.836800 
1.836900 
1.837200 
1.838400 
1.838800 
1.838900 
1.840800 
1.841400 
1.841700 
1.841800 
1.842500 
1.843000 
1.843800 
1.844100 
1.844200 
1.845200 
1.845800 
1.846800 
1.847100 
1.847400 
1.848400 
1.848900 
1.851100 
1.851100 
1.852800 
1.853000 
1.853300 
1.853900 
1.854300 
1.854800 
1.855900 
1.856100 
1.856600 
1.856600 
1.857300 
1.858300 
1.858500 
1.860200 
1.860900 
1.861100 
1.861200 
1.862600 
1.863100 
1.863700 
1.864200 
1.865400 
1.866600 
1.867300 
1.867900 
1.868400 
1.871400 
1.871600 
1.871800 
1.872300 
1.872900 
1.873100 
1.873500 
1.873800 
1.874200 
1.874600 
1.874700 
1.874900 
1.875500 
1.875700 
1.875900 
1.876100 
1.876200 
1.876500 
1.878100 
1.878500 
1.879000 
1.879600 
1.879900 
1.881200 
1.882100 
1.882100 
1.882800 
1.882800 
1.883000 
1.883100 
1.883400 
1.885100 
1.886000 
1.886400 
1.886400 
1.886800 
1.887100 
1.887300 
1.887600 
1.888100 
1.889100 
1.889100 
1.889200 
1.890200 
1.891900 
1.892100 
1.893400 
1.894200 
1.894300 
1.895000 
1.895100 
1.895300 
1.896100 
1.896600 
1.898000 
1.898800 
1.901100 
1.901300 
1.902800 
1.903000 
1.903200 
1.904700 
1.905000 
1.905100 
1.905200 
1.905600 
1.906000 
1.906300 
1.906700 
1.908100 
1.910600 
1.911000 
1.911700 
1.911700 
1.912600 
1.913300 
1.913600 
1.914700 
1.915100 
1.916000 
1.916800 
1.917100 
1.917200 
1.917200 
1.917500 
1.918300 
1.918300 
1.918400 
1.918600 
1.918600 
1.918700 
1.918900 
1.919100 
1.919800 
1.920400 
1.920500 
1.920600 
1.922100 
1.922800 
1.923900 
1.924500 
1.924600 
1.925400 
1.926700 
1.926900 
1.927900 
1.929100 
1.929200 
1.929400 
1.930000 
1.933500 
1.933700 
1.933700 
1.934800 
1.934900 
1.935000 
1.935500 
1.936500 
1.937100 
1.937700 
1.937700 
1.938500 
1.938500 
1.938800 
1.939200 
1.939600 
1.939700 
1.939700 
1.939900 
1.940200 
1.941000 
1.941800 
1.942000 
1.942100 
1.942400 
1.944600 
1.945300 
1.945800 
1.946500 
1.947800 
1.950200 
1.951700 
1.951700 
1.952600 
1.953200 
1.953400 
1.953700 
1.953900 
1.954300 
1.954600 
1.954900 
1.955400 
1.955800 
1.956100 
1.957100 
1.957600 
1.958000 
1.958200 
1.960500 
1.961100 
1.961800 
1.962400 
1.962600 
1.963100 
1.963200 
1.963300 
1.963300 
1.963500 
1.963600 
1.963600 
1.963800 
1.964200 
1.964200 
1.964800 
1.965500 
1.966100 
1.966300 
1.966600 
1.968200 
1.968300 
1.969400 
1.970400 
1.970600 
1.971300 
1.971700 
1.973300 
1.973300 
1.973800 
1.973800 
1.976100 
1.976800 
1.977400 
1.978800 
1.979200 
1.979200 
1.979500 
1.980800 
1.981800 
1.982500 
1.983100 
1.983700 
1.983800 
1.984400 
1.985300 
1.985500 
1.986200 
1.987200 
1.987300 
1.987300 
1.988700 
1.989600 
1.990800 
1.992000 
1.992800 
1.994500 
1.994500 
1.994600 
1.994900 
1.995000 
1.996500 
1.998900 
1.999100 
1.999800 
2.000400 
2.000400 
2.000800 
2.001300 
2.001900 
2.002500 
2.002700 
2.003400 
2.003500 
2.004300 
2.004700 
2.006000 
2.006200 
2.006200 
2.007100 
2.007100 
2.007100 
2.007100 
2.007200 
2.007400 
2.007600 
2.007900 
2.008300 
2.008600 
2.008700 
2.010000 
2.011000 
2.012600 
2.012900 
2.014100 
2.014200 
2.015000 
2.015100 
2.015100 
2.016400 
2.018200 
2.018800 
2.019300 
2.019300 
2.019400 
2.019600 
2.019700 
2.019900 
2.022600 
2.022700 
2.023000 
2.023100 
2.024300 
2.025000 
2.025000 
2.025600 
2.025700 
2.027000 
2.028100 
2.028200 
2.030300 
2.030500 
2.031800 
2.032000 
2.032800 
2.033800 
2.034100 
2.035500 
2.037800 
2.037900 
2.038300 
2.038400 
2.038900 
2.039300 
2.039500 
2.040100 
2.040300 
2.040600 
2.042100 
2.042300 
2.042400 
2.042900 
2.042900 
2.043100 
2.043800 
2.044200 
2.045200 
2.045800 
2.046300 
2.046600 
2.047400 
2.047600 
2.047600 
2.047700 
2.047700 
2.047800 
2.048000 
2.048600 
2.048900 
2.048900 
2.049500 
2.049900 
2.050200 
2.050300 
2.051000 
2.051100 
2.051400 
2.052400 
2.052500 
2.053100 
2.053900 
2.055000 
2.055300 
2.055900 
2.056700 
2.056900 
2.057600 
2.057600 
2.058100 
2.058300 
2.058400 
2.059400 
2.059700 
2.059700 
2.060500 
2.060500 
2.060800 
2.061100 
2.061900 
2.061900 
2.062000 
2.062000 
2.062000 
2.062500 
2.063500 
2.064200 
2.065200 
2.065900 
2.066700 
2.068300 
2.068400 
2.069000 
2.070200 
2.070700 
2.070700 
2.072900 
2.073600 
2.073600 
2.073700 
2.073900 
2.074600 
2.075300 
2.075500 
2.075600 
2.075600 
2.075700 
2.076900 
2.076900 
2.077000 
2.077200 
2.078000 
2.078500 
2.078500 
2.078800 
2.078900 
2.079100 
2.079200 
2.079400 
2.082800 
2.083000 
2.083600 
2.083800 
2.084200 
2.085100 
2.085400 
2.085900 
2.086200 
2.086800 
2.086800 
2.087100 
2.087300 
2.087900 
2.088300 
2.088300 
2.088400 
2.088400 
2.088500 
2.088700 
2.089200 
2.089800 
2.091000 
2.091300 
2.091600 
2.091800 
2.092200 
2.093200 
2.093400 
2.096100 
2.096900 
2.097500 
2.099200 
2.099300 
2.099300 
2.099400 
2.100200 
2.100600 
2.101100 
2.101100 
2.101700 
2.101900 
2.103000 
2.103400 
2.104300 
2.104600 
2.105200 
2.105400 
2.105500 
2.106400 
2.106400 
2.108100 
2.108300 
2.108500 
2.108600 
2.109000 
2.109500 
2.109600 
2.110300 
2.110500 
2.111300 
2.111800 
2.112100 
2.112500 
2.114100 
2.114100 
2.114900 
2.115500 
2.116500 
2.116900 
2.118200 
2.118400 
2.118500 
2.119600 
2.119800 
2.119900 
2.121400 
2.122300 
2.122400 
2.122400 
2.123400 
2.123700 
2.123900 
2.124200 
2.125400 
2.125900 
2.126000 
2.126300 
2.126500 
2.127300 
2.128000 
2.128100 
2.128400 
2.128500 
2.128700 
2.128800 
2.129000 
2.130200 
2.131100 
2.132200 
2.133400 
2.133900 
2.133900 
2.134100 
2.134200 
2.134900 
2.135500 
2.136800 
2.136900 
2.137000 
2.137600 
2.138100 
2.138600 
2.139800 
2.140600 
2.140700 
2.141000 
2.141900 
2.142900 
2.143000 
2.143500 
2.144300 
2.145500 
2.146700 
2.146700 
2.148000 
2.148300 
2.149900 
2.150200 
2.151000 
2.152100 
2.152500 
2.152800 
2.153000 
2.153600 
2.153800 
2.154000 
2.154500 
2.154800 
2.155000 
2.155100 
2.156000 
2.156400 
2.156500 
2.156900 
2.157000 
2.157700 
2.157800 
2.158000 
2.158500 
2.158700 
2.159800 
2.160300 
2.160600 
2.160700 
2.161900 
2.162500 
2.162800 
2.162900 
2.163000 
2.163200 
2.163600 
2.164400 
2.165700 
2.166000 
2.166300 
2.166300 
2.168200 
2.169300 
2.170500 
2.170800 
2.171200 
2.171200 
2.171200 
2.171800 
2.174200 
2.175000 
2.175000 
2.175400 
2.176800 
2.178200 
2.178200 
2.178400 
2.178600 
2.179000 
2.179000 
2.179100 
2.179400 
2.182100 
2.182500 
2.182700 
2.183000 
2.183400 
2.183700 
2.183900 
2.184700 
2.185400 
2.185700 
2.185900 
2.186100 
2.186300 
2.187000 
2.187100 
2.187800 
2.188000 
2.188100 
2.188900 
2.189000 
2.189100 
2.189300 
2.189400 
2.189800 
2.189800 
2.190100 
2.191200 
2.191400 
2.193200 
2.193600 
2.194100 
2.194900 
2.195000 
2.196300 
2.196400 
2.197400 
2.197500 
2.198000 
2.198100 
2.198900 
2.200100 
2.200200 
2.201500 
2.202200 
2.205100 
2.205100 
2.205400 
2.206700 
2.207500 
2.207800 
2.207900 
2.208700 
2.209500 
2.210800 
2.211100 
2.211800 
2.212100 
2.213100 
2.213900 
2.214100 
2.214900 
2.215200 
2.216800 
2.217800 
2.218200 
2.218400 
2.218500 
2.218800 
2.219900 
2.220300 
2.220800 
2.222200 
2.222600 
2.223400 
2.223600 
2.223800 
2.224100 
2.224400 
2.224600 
2.224700 
2.225600 
2.225700 
2.226200 
2.228800 
2.228800 
2.229700 
2.230100 
2.230400 
2.230700 
2.232800 
2.233600 
2.234200 
2.234400 
2.235300 
2.235500 
2.236300 
2.236300 
2.236700 
2.236700 
2.236900 
2.236900 
2.237000 
2.238200 
2.238500 
2.241200 
2.241300 
2.241900 
2.242200 
2.242700 
2.243500 
2.243700 
2.243900 
2.243900 
2.244000 
2.244400 
2.245000 
2.245500 
2.245500 
2.245500 
2.246400 
2.246500 
2.247200 
2.247300 
2.247500 
2.248200 
2.248400 
2.248400 
2.248600 
2.250900 
2.251500 
2.251900 
2.253000 
2.253900 
2.255100 
2.255500 
2.256300 
2.257000 
2.257000 
2.257300 
2.257300 
2.257700 
2.258000 
2.258600 
2.258700 
2.259000 
2.259200 
2.259300 
2.259400 
2.259400 
2.259800 
2.259900 
2.260400 
2.260900 
2.262600 
2.263500 
2.263700 
2.264000 
2.264200 
2.265100 
2.266300 
2.267300 
2.267800 
2.267900 
2.268000 
2.268400 
2.268500 
2.268800 
2.270000 
2.270700 
2.271300 
2.271700 
2.271900 
2.272800 
2.272800 
2.273200 
2.273600 
2.275600 
2.277000 
2.277300 
2.277900 
2.278100 
2.279600 
2.280200 
2.280500 
2.281500 
2.281900 
2.282400 
2.283600 
2.285100 
2.285100 
2.285300 
2.285400 
2.285800 
2.286100 
2.288000 
2.288100 
2.288600 
2.288800 
2.289800 
2.290400 
2.290700 
2.292000 
2.292600 
2.292600 
2.292800 
2.294300 
2.294600 
2.294900 
2.297600 
2.298200 
2.298600 
2.298900 
2.299900 
2.301400 
2.302800 
2.303400 
2.304800 
2.305200 
2.305300 
2.305800 
2.305900 
2.306400 
2.306700 
2.307000 
2.307900 
2.307900 
2.308500 
2.309100 
2.309700 
2.309800 
2.310700 
2.311200 
2.311300 
2.311400 
2.312300 
2.312600 
2.313200 
2.313300 
2.313700 
2.313800 
2.314300 
2.314600 
2.316300 
2.316600 
2.317400 
2.318100 
2.321300 
2.321400 
2.322400 
2.322600 
2.322700 
2.322800 
2.323900 
2.324300 
2.324500 
2.324700 
2.325200 
2.325500 
2.325800 
2.326600 
2.326800 
2.327400 
2.327700 
2.329500 
2.329800 
2.331300 
2.331400 
2.331700 
2.333200 
2.333400 
2.333500 
2.333900 
2.335000 
2.335600 
2.336300 
2.336400 
2.337100 
2.337400 
2.337900 
2.339400 
2.339500 
2.340500 
2.341100 
2.342200 
2.342600 
2.345600 
2.346500 
2.346800 
2.347800 
2.347900 
2.349300 
2.349300 
2.349400 
2.349600 
2.349600 
2.349700 
2.349800 
2.351200 
2.351300 
2.351400 
2.353000 
2.353100 
2.354600 
2.354700 
2.354800 
2.355000 
2.355000 
2.356000 
2.356200 
2.356300 
2.357900 
2.358500 
2.358700 
2.358700 
2.360300 
2.361700 
2.362200 
2.363600 
2.364000 
2.364400 
2.364400 
2.364500 
2.364800 
2.365700 
2.365700 
2.365800 
2.366400 
2.366900 
2.367200 
2.368800 
2.370400 
2.370800 
2.371100 
2.371300 
2.372800 
2.373000 
2.374500 
2.376300 
2.376400 
2.376900 
2.378100 
2.379200 
2.382500 
2.382500 
2.382600 
2.383400 
2.383700 
2.384100 
2.384700 
2.384800 
2.384900 
2.385500 
2.385700 
2.386200 
2.386800 
2.386800 
2.387000 
2.387900 
2.388000 
2.388600 
2.388600 
2.390200 
2.390800 
2.391100 
2.392200 
2.392600 
2.393100 
2.393400 
2.393800 
2.394100 
2.395000 
2.395000 
2.395000 
2.395700 
2.397200 
2.397700 
2.398100 
2.399300 
2.399600 
2.400400 
2.401100 
2.401900 
2.402500 
2.402600 
2.403200 
2.403800 
2.405400 
2.405500 
2.405800 
2.405800 
2.406000 
2.406700 
2.407900 
2.408100 
2.409600 
2.410000 
2.410100 
2.410200 
2.411400 
2.411500 
2.411900 
2.413100 
2.413300 
2.413600 
2.416200 
2.416500 
2.417000 
2.417800 
2.418300 
2.418600 
2.418800 
2.419000 
2.420800 
2.420900 
2.421400 
2.421500 
2.421600 
2.422000 
2.423400 
2.423800 
2.424200 
2.424400 
2.424600 
2.425100 
2.425500 
2.425700 
2.426400 
2.427200 
2.427500 
2.427900 
2.428500 
2.428700 
2.429100 
2.429600 
2.430500 
2.431500 
2.432000 
2.432400 
2.432700 
2.433700 
2.434000 
2.435600 
2.436200 
2.438100 
2.438200 
2.438500 
2.438800 
2.438900 
2.440500 
2.441000 
2.441200 
2.441300 
2.442400 
2.442700 
2.442900 
2.442900 
2.443300 
2.443700 
2.444500 
2.444800 
2.445200 
2.445500 
2.446200 
2.446500 
2.446800 
2.447300 
2.447300 
2.448100 
2.448600 
2.448800 
2.448900 
2.449700 
2.450700 
2.450900 
2.451000 
2.451200 
2.451300 
2.451300 
2.451500 
2.451600 
2.453100 
2.453400 
2.453500 
2.454300 
2.455100 
2.455500 
2.455600 
2.456000 
2.457500 
2.457700 
2.458500 
2.458600 
2.459700 
2.460000 
2.461000 
2.461100 
2.461400 
2.462100 
2.463800 
2.465600 
2.466100 
2.466400 
2.466500 
2.466600 
2.466800 
2.466900 
2.467600 
2.467800 
2.468100 
2.469100 
2.469300 
2.470900 
2.472200 
2.472900 
2.473200 
2.474200 
2.475000 
2.476500 
2.476900 
2.477000 
2.477100 
2.477800 
2.477900 
2.478500 
2.479500 
2.479900 
2.480600 
2.481800 
2.482200 
2.483300 
2.483400 
2.483500 
2.484000 
2.484100 
2.484600 
2.485200 
2.486200 
2.487300 
2.488100 
2.488200 
2.489300 
2.489700 
2.490000 
2.490900 
2.491100 
2.491200 
2.492700 
2.494000 
2.494400 
2.494700 
2.494800 
2.495400 
2.495500 
2.495900 
2.496900 
2.498900 
2.499600 
2.499700 
2.499700 
2.500700 
2.502400 
2.503200 
2.503500 
2.504500 
2.505000 
2.505100 
2.505400 
2.505600 
2.505900 
2.506200 
2.506200 
2.506300 
2.507000 
2.508300 
2.509300 
2.509700 
2.509800 
2.510200 
2.510600 
2.511500 
2.511900 
2.512200 
2.512700 
2.513000 
2.513000 
2.513600 
2.514600 
2.516300 
2.516800 
2.517000 
2.519700 
2.520100 
2.522700 
2.522900 
2.523000 
2.523200 
2.523600 
2.524900 
2.525300 
2.525500 
2.527000 
2.527500 
2.528400 
2.531500 
2.533000 
2.533200 
2.533600 
2.534000 
2.534700 
2.534900 
2.536000 
2.536100 
2.536400 
2.536600 
2.537700 
2.537700 
2.538100 
2.538200 
2.538400 
2.538700 
2.538900 
2.539500 
2.539900 
2.540100 
2.541000 
2.542700 
2.543700 
2.545100 
2.545700 
2.545800 
2.546000 
2.546200 
2.546500 
2.547800 
2.548000 
2.548000 
2.548800 
2.549000 
2.550300 
2.550400 
2.550900 
2.553500 
2.554300 
2.555000 
2.555800 
2.556000 
2.557000 
2.558700 
2.558700 
2.559000 
2.559600 
2.559800 
2.559800 
2.560900 
2.561500 
2.562100 
2.563600 
2.563700 
2.565100 
2.565300 
2.565300 
2.565400 
2.566000 
2.567900 
2.568200 
2.568300 
2.568800 
2.569100 
2.569200 
2.569300 
2.569400 
2.569700 
2.570400 
2.570700 
2.571600 
2.571700 
2.571900 
2.572700 
2.572700 
2.574000 
2.576500 
2.576600 
2.577200 
2.577300 
2.578000 
2.578300 
2.579500 
2.580100 
2.582600 
2.584100 
2.585000 
2.585200 
2.586100 
2.586200 
2.586500 
2.586700 
2.587200 
2.587300 
2.587600 
2.588100 
2.588200 
2.588800 
2.589000 
2.589200 
2.589400 
2.590400 
2.590900 
2.591600 
2.591800 
2.592400 
2.592900 
2.593400 
2.593900 
2.594000 
2.594200 
2.594500 
2.594600 
2.594800 
2.595000 
2.596400 
2.596400 
2.597300 
2.597800 
2.598600 
2.599100 
2.599300 
2.600100 
2.601400 
2.601700 
2.601900 
2.602400 
2.602500 
2.602700 
2.603200 
2.603300 
2.603800 
2.604200 
2.605000 
2.605100 
2.606400 
2.607500 
2.608100 
2.608600 
2.610700 
2.612200 
2.612300 
2.612400 
2.612600 
2.613900 
2.614200 
2.615100 
2.615200 
2.616400 
2.616500 
2.617100 
2.617300 
2.617500 
2.618600 
2.618700 
2.619100 
2.619500 
2.619600 
2.619700 
2.621400 
2.622900 
2.623500 
2.623600 
2.624100 
2.624300 
2.624600 
2.624900 
2.625400 
2.626800 
2.627300 
2.627900 
2.628200 
2.628500 
2.629900 
2.630400 
2.630500 
2.630700 
2.631500 
2.632000 
2.632500 
2.633900 
2.634100 
2.634400 
2.634800 
2.636000 
2.636400 
2.636600 
2.637900 
2.638200 
2.638700 
2.638800 
2.638800 
2.639000 
2.639800 
2.640700 
2.641200 
2.641500 
2.642000 
2.642300 
2.642600 
2.642600 
2.642600 
2.642700 
2.642700 
2.642800 
2.642900 
2.643700 
2.643700 
2.644200 
2.644800 
2.644900 
2.644900 
2.645800 
2.647300 
2.647400 
2.647800 
2.648200 
2.649000 
2.649600 
2.649800 
2.650200 
2.650900 
2.652500 
2.652700 
2.653400 
2.653600 
2.653800 
2.654300 
2.655900 
2.658900 
2.659200 
2.659200 
2.659400 
2.660400 
2.660600 
2.660600 
2.660700 
2.661300 
2.661300 
2.661300 
2.661500 
2.662000 
2.662300 
2.664600 
2.666200 
2.667100 
2.667200 
2.667300 
2.668300 
2.668900 
2.669600 
2.671000 
2.671900 
2.672700 
2.675800 
2.675900 
2.676100 
2.676700 
2.677300 
2.678000 
2.680200 
2.680400 
2.680700 
2.683300 
2.683600 
2.683900 
2.684300 
2.686600 
2.686900 
2.687200 
2.687500 
2.687600 
2.687700 
2.688400 
2.688400 
2.688500 
2.690300 
2.690300 
2.690400 
2.690900 
2.691600 
2.692200 
2.692300 
2.693300 
2.694000 
2.694400 
2.694500 
2.694900 
2.695500 
2.696800 
2.697600 
2.698000 
2.698200 
2.698700 
2.698800 
2.699100 
2.699100 
2.700300 
2.703200 
2.703300 
2.703300 
2.703900 
2.704500 
2.705900 
2.706800 
2.707300 
2.710500 
2.711300 
2.712100 
2.712400 
2.712600 
2.712800 
2.713100 
2.713200 
2.714700 
2.715000 
2.715900 
2.717400 
2.718200 
2.718300 
2.718800 
2.719200 
2.719700 
2.720400 
2.721200 
2.721200 
2.721500 
2.722300 
2.722700 
2.723000 
2.723800 
2.725100 
2.725200 
2.725200 
2.725600 
2.726000 
2.726000 
2.726100 
2.726800 
2.728300 
2.728500 
2.728900 
2.729100 
2.730800 
2.731100 
2.731400 
2.731400 
2.731900 
2.731900 
2.732200 
2.732400 
2.732600 
2.733100 
2.734200 
2.734500 
2.734800 
2.735200 
2.735500 
2.737800 
2.738100 
2.738400 
2.741700 
2.742600 
2.743500 
2.744200 
2.744300 
2.745000 
2.745600 
2.748200 
2.748600 
2.748600 
2.749100 
2.749500 
2.749700 
2.749800 
2.750500 
2.750600 
2.750800 
2.753800 
2.754300 
2.755000 
2.755800 
2.756900 
2.758900 
2.759100 
2.759300 
2.760100 
2.760500 
2.761300 
2.762000 
2.762400 
2.763400 
2.764100 
2.764600 
2.764600 
2.765100 
2.766500 
2.768300 
2.769300 
2.769500 
2.770300 
2.770600 
2.770900 
2.771100 
2.771400 
2.773100 
2.773300 
2.773700 
2.774400 
2.775800 
2.776100 
2.776100 
2.776400 
2.777000 
2.777100 
2.779000 
2.779800 
2.779900 
2.782400 
2.782500 
2.782900 
2.783500 
2.785200 
2.785300 
2.785600 
2.785900 
2.786400 
2.786600 
2.787000 
2.787100 
2.787200 
2.787600 
2.788500 
2.789800 
2.790000 
2.790800 
2.793600 
2.794000 
2.794800 
2.796100 
2.797300 
2.798900 
2.799700 
2.800800 
2.801200 
2.801400 
2.801400 
2.801500 
2.801800 
2.802500 
2.803000 
2.803100 
2.803800 
2.804300 
2.804800 
2.805800 
2.805900 
2.806100 
2.806100 
2.806300 
2.806300 
2.807100 
2.808000 
2.808300 
2.808400 
2.808500 
2.808700 
2.809000 
2.809600 
2.811600 
2.812000 
2.813100 
2.813800 
2.815400 
2.815700 
2.816300 
2.816500 
2.817300 
2.818800 
2.819100 
2.819600 
2.821100 
2.821700 
2.822700 
2.822700 
2.823500 
2.823500 
2.823800 
2.824300 
2.824800 
2.825100 
2.825300 
2.826000 
2.828100 
2.828300 
2.829600 
2.830100 
2.830800 
2.831200 
2.832300 
2.832500 
2.832700 
2.833200 
2.833900 
2.834000 
2.835100 
2.835800 
2.836200 
2.836200 
2.836700 
2.838100 
2.838100 
2.838600 
2.838800 
2.838900 
2.839500 
2.840500 
2.842500 
2.844500 
2.844600 
2.845100 
2.846000 
2.846500 
2.846700 
2.847300 
2.847400 
2.847700 
2.848000 
2.848000 
2.848400 
2.848500 
2.848600 
2.849000 
2.849200 
2.849600 
2.849800 
2.850100 
2.850300 
2.851800 
2.853200 
2.853700 
2.855200 
2.855300 
2.855500 
2.856300 
2.856600 
2.857000 
2.858100 
2.858100 
2.858200 
2.859000 
2.859300 
2.859500 
2.859600 
2.859700 
2.860400 
2.860700 
2.861200 
2.863500 
2.866000 
2.866500 
2.867500 
2.867800 
2.868200 
2.868700 
2.868800 
2.869100 
2.869200 
2.869900 
2.872600 
2.873100 
2.873300 
2.873500 
2.873900 
2.874000 
2.876900 
2.877100 
2.877300 
2.877600 
2.878000 
2.878900 
2.879100 
2.880000 
2.880300 
2.880900 
2.882200 
2.882300 
2.883000 
2.883500 
2.883800 
2.884200 
2.884400 
2.885300 
2.886600 
2.887000 
2.888200 
2.888700 
2.888900 
2.889900 
2.890400 
2.890600 
2.892300 
2.892300 
2.892800 
2.893400 
2.894000 
2.896900 
2.898100 
2.899000 
2.899600 
2.900400 
2.901000 
2.901700 
2.902400 
2.903400 
2.904400 
2.904700 
2.906000 
2.906100 
2.906200 
2.906300 
2.906900 
2.907100 
2.907300 
2.907500 
2.908400 
2.909300 
2.909400 
2.909800 
2.910000 
2.910200 
2.911500 
2.911600 
2.912200 
2.912800 
2.912900 
2.913700 
2.914400 
2.914400 
2.914500 
2.914600 
2.917100 
2.917500 
2.918100 
2.918300 
2.919300 
2.919400 
2.920400 
2.921000 
2.921100 
2.921300 
2.922700 
2.923500 
2.924100 
2.924500 
2.924900 
2.925000 
2.925600 
2.926000 
2.926600 
2.926600 
2.927300 
2.927700 
2.928200 
2.929500 
2.929900 
2.930800 
2.932800 
2.933100 
2.935300 
2.935500 
2.935700 
2.936600 
2.938000 
2.938300 
2.939700 
2.941700 
2.943900 
2.944400 
2.946800 
2.948100 
2.950300 
2.950700 
2.950900 
2.952700 
2.953000 
2.953200 
2.953600 
2.954700 
2.955700 
2.956700 
2.958800 
2.959900 
2.960200 
2.960500 
2.961100 
2.961300 
2.961500 
2.963400 
2.965000 
2.967300 
2.969400 
2.969600 
2.970100 
2.971500 
2.973100 
2.974400 
2.974600 
2.975500 
2.976100 
2.976500 
2.976500 
2.976600 
2.977000 
2.977400 
2.978000 
2.978100 
2.978300 
2.978300 
2.978700 
2.979000 
2.979000 
2.979700 
2.980500 
2.980500 
2.982200 
2.982400 
2.982600 
2.983300 
2.983500 
2.983500 
2.985600 
2.985800 
2.985800 
2.986900 
2.987200 
2.987400 
2.987600 
2.987800 
2.988800 
2.990100 
2.990100 
2.991700 
2.992000 
2.993200 
2.995500 
2.995600 
2.995600 
2.995800 
2.995900 
2.996000 
2.996200 
2.997000 
2.997600 
2.998600 
2.998700 
2.998700 
2.999100 
2.999200 
2.999700 
3.000300 
3.000500 
3.000600 
3.000800 
3.001100 
3.001700 
3.002300 
3.002500 
3.002500 
3.004700 
3.005100 
3.005600 
3.006300 
3.008400 
3.008400 
3.008800 
3.009500 
3.009500 
3.010300 
3.010600 
3.011000 
3.011300 
3.012700 
3.013100 
3.013800 
3.014000 
3.014400 
3.014900 
3.015600 
3.017200 
3.017300 
3.017600 
3.018400 
3.018700 
3.019400 
3.019600 
3.019800 
3.021300 
3.021800 
3.023500 
3.023800 
3.023900 
3.024000 
3.024700 
3.025700 
3.027300 
3.027400 
3.027700 
3.028600 
3.029000 
3.029500 
3.029700 
3.030300 
3.030700 
3.031500 
3.031700 
3.031800 
3.031900 
3.033400 
3.033500 
3.034200 
3.034600 
3.036300 
3.036600 
3.037100 
3.037500 
3.037700 
3.039100 
3.039400 
3.039700 
3.040000 
3.040300 
3.040700 
3.041200 
3.041200 
3.041800 
3.041800 
3.042200 
3.043300 
3.043500 
3.043700 
3.045100 
3.047600 
3.047700 
3.049300 
3.049500 
3.050400 
3.051100 
3.052400 
3.052600 
3.052700 
3.054900 
3.055000 
3.055300 
3.056200 
3.060200 
3.060700 
3.062500 
3.062700 
3.062900 
3.063000 
3.064300 
3.064400 
3.064700 
3.066800 
3.067700 
3.068000 
3.068100 
3.068400 
3.068400 
3.069000 
3.069100 
3.069400 
3.069400 
3.070200 
3.072200 
3.072500 
3.074600 
3.075900 
3.078300 
3.078900 
3.079400 
3.080300 
3.080500 
3.081700 
3.083600 
3.084300 
3.084600 
3.085300 
3.085500 
3.085900 
3.086500 
3.086500 
3.086900 
3.087800 
3.087900 
3.088800 
3.089900 
3.090100 
3.090900 
3.091200 
3.091200 
3.091300 
3.091600 
3.092600 
3.096000 
3.096000 
3.096700 
3.096900 
3.097700 
3.098700 
3.098700 
3.101600 
3.101900 
3.102400 
3.102600 
3.103000 
3.103100 
3.103200 
3.103400 
3.103800 
3.104900 
3.107000 
3.107400 
3.107700 
3.107800 
3.108200 
3.109800 
3.109900 
3.110500 
3.110700 
3.110800 
3.112100 
3.112700 
3.114500 
3.114800 
3.115200 
3.116400 
3.116600 
3.117200 
3.118400 
3.118600 
3.119700 
3.120800 
3.121100 
3.121300 
3.121400 
3.123100 
3.123300 
3.124700 
3.124900 
3.125100 
3.126300 
3.126700 
3.127700 
3.128400 
3.130100 
3.130800 
3.132000 
3.133200 
3.133800 
3.134000 
3.134600 
3.135200 
3.135800 
3.135900 
3.136400 
3.136600 
3.137100 
3.138800 
3.139000 
3.140700 
3.143000 
3.143100 
3.143200 
3.144200 
3.144300 
3.144400 
3.144600 
3.144700 
3.144800 
3.145000 
3.145400 
3.145600 
3.146400 
3.147800 
3.148200 
3.149000 
3.149200 
3.150500 
3.151200 
3.152100 
3.152700 
3.153100 
3.153400 
3.153500 
3.155300 
3.155600 
3.155800 
3.157600 
3.157700 
3.158100 
3.159400 
3.160100 
3.162100 
3.162200 
3.163300 
3.164900 
3.165100 
3.165500 
3.166700 
3.167100 
3.168000 
3.168400 
3.169900 
3.170000 
3.170200 
3.170500 
3.171100 
3.171600 
3.171700 
3.171800 
3.172400 
3.173100 
3.173600 
3.173800 
3.174000 
3.174300 
3.174400 
3.174400 
3.174500 
3.174900 
3.175500 
3.175600 
3.176400 
3.176800 
3.177300 
3.177900 
3.178400 
3.178700 
3.179300 
3.180000 
3.180300 
3.181200 
3.181700 
3.183200 
3.184200 
3.185600 
3.185900 
3.186700 
3.186700 
3.186900 
3.187100 
3.187600 
3.188700 
3.189300 
3.190500 
3.192300 
3.192400 
3.192700 
3.194700 
3.195000 
3.195100 
3.196600 
3.197100 
3.197200 
3.197600 
3.197700 
3.197800 
3.199600 
3.199700 
3.200300 
3.200700 
3.200900 
3.201000 
3.201400 
3.201800 
3.201900 
3.202600 
3.202800 
3.203700 
3.204300 
3.204300 
3.204400 
3.204700 
3.205100 
3.205300 
3.206000 
3.206100 
3.206900 
3.208100 
3.208400 
3.208400 
3.208500 
3.208600 
3.209200 
3.209200 
3.209800 
3.210500 
3.210900 
3.211200 
3.211200 
3.212100 
3.212800 
3.213400 
3.213500 
3.214300 
3.214400 
3.214400 
3.215300 
3.216700 
3.216700 
3.217800 
3.217900 
3.217900 
3.217900 
3.218300 
3.220000 
3.221300 
3.221900 
3.224000 
3.224200 
3.224300 
3.224500 
3.225600 
3.227200 
3.227300 
3.228300 
3.231100 
3.231600 
3.231600 
3.231700 
3.232200 
3.233600 
3.234300 
3.234800 
3.235100 
3.235400 
3.235800 
3.236100 
3.236700 
3.239200 
3.239200 
3.240000 
3.240000 
3.240000 
3.240700 
3.240700 
3.241400 
3.241500 
3.243400 
3.243600 
3.244700 
3.245800 
3.246100 
3.246600 
3.246700 
3.248300 
3.248800 
3.249000 
3.249100 
3.249200 
3.250500 
3.250800 
3.250900 
3.251700 
3.251700 
3.252300 
3.252700 
3.253300 
3.253400 
3.254700 
3.254800 
3.255300 
3.256100 
3.260900 
3.261300 
3.262200 
3.263300 
3.263700 
3.264400 
3.264500 
3.264900 
3.266100 
3.266200 
3.266200 
3.266400 
3.267400 
3.268100 
3.268700 
3.269100 
3.269800 
3.269900 
3.269900 
3.270300 
3.270300 
3.270700 
3.271800 
3.272700 
3.273800 
3.273900 
3.274100 
3.274300 
3.274600 
3.275700 
3.278400 
3.279200 
3.279400 
3.280000 
3.280000 
3.280100 
3.282700 
3.282900 
3.283200 
3.284300 
3.284600 
3.284700 
3.284800 
3.284900 
3.285000 
3.286400 
3.286400 
3.286700 
3.287200 
3.287800 
3.288000 
3.288800 
3.291100 
3.291700 
3.291900 
3.292200 
3.292400 
3.293700 
3.293800 
3.295200 
3.296000 
3.296300 
3.297500 
3.298200 
3.298400 
3.298800 
3.299100 
3.299100 
3.301000 
3.301100 
3.301500 
3.305900 
3.306400 
3.307200 
3.307500 
3.307800 
3.308000 
3.308800 
3.309000 
3.310200 
3.311300 
3.311400 
3.311800 
3.312000 
3.312100 
3.312900 
3.314200 
3.314400 
3.315600 
3.316200 
3.317300 
3.317500 
3.317800 
3.318000 
3.318200 
3.318300 
3.318500 
3.318700 
3.319500 
3.320000 
3.320700 
3.321000 
3.321800 
3.322000 
3.322700 
3.322800 
3.323400 
3.324800 
3.325900 
3.326100 
3.326400 
3.326800 
3.326800 
3.328900 
3.330400 
3.330900 
3.331800 
3.331900 
3.332000 
3.332400 
3.333600 
3.333700 
3.334400 
3.334500 
3.335100 
3.335300 
3.336100 
3.337600 
3.338100 
3.338200 
3.338200 
3.339300 
3.339400 
3.340100 
3.340700 
3.343000 
3.344500 
3.346000 
3.346900 
3.347200 
3.347400 
3.347600 
3.348000 
3.348500 
3.348800 
3.349000 
3.349100 
3.349500 
3.349900 
3.350200 
3.350400 
3.350700 
3.350700 
3.351000 
3.351100 
3.351100 
3.351100 
3.351600 
3.353000 
3.354000 
3.355100 
3.355200 
3.355500 
3.355600 
3.356700 
3.357000 
3.357800 
3.358100 
3.358700 
3.358900 
3.359100 
3.359700 
3.360000 
3.361900 
3.362100 
3.363300 
3.363700 
3.365700 
3.366200 
3.366200 
3.367200 
3.367500 
3.367500 
3.368300 
3.368400 
3.368800 
3.369200 
3.369700 
3.370200 
3.370300 
3.370400 
3.370400 
3.370600 
3.370600 
3.371800 
3.371900 
3.371900 
3.372500 
3.373100 
3.373600 
3.375200 
3.376100 
3.376600 
3.377600 
3.378800 
3.380500 
3.380700 
3.381300 
3.382000 
3.382300 
3.382900 
3.382900 
3.384400 
3.384500 
3.384500 
3.385000 
3.385100 
3.385600 
3.385800 
3.385900 
3.386300 
3.386600 
3.388000 
3.388000 
3.390600 
3.392700 
3.393200 
3.394000 
3.394300 
3.394700 
3.395200 
3.395400 
3.396100 
3.396500 
3.396600 
3.397900 
3.398900 
3.399500 
3.400700 
3.401100 
3.401700 
3.402000 
3.403100 
3.403400 
3.403400 
3.403800 
3.404000 
3.404800 
3.405900 
3.405900 
3.406600 
3.406900 
3.407200 
3.407700 
3.408100 
3.408400 
3.408800 
3.409000 
3.409000 
3.409400 
3.409600 
3.409800 
3.410000 
3.410500 
3.410600 
3.410900 
3.411500 
3.412000 
3.412200 
3.413500 
3.413900 
3.414200 
3.414900 
3.415100 
3.416100 
3.418100 
3.418800 
3.419200 
3.419800 
3.421700 
3.422300 
3.423200 
3.423600 
3.423700 
3.423800 
3.425200 
3.427200 
3.428300 
3.428300 
3.428900 
3.429200 
3.430200 
3.430400 
3.432000 
3.433400 
3.434300 
3.434300 
3.435300 
3.435300 
3.435800 
3.437100 
3.437800 
3.438200 
3.438300 
3.438900 
3.439500 
3.439700 
3.441900 
3.443900 
3.444400 
3.444600 
3.445300 
3.445300 
3.445700 
3.446600 
3.447500 
3.448000 
3.448300 
3.448800 
3.450200 
3.450300 
3.451000 
3.451000 
3.453400 
3.453500 
3.454400 
3.454500 
3.454500 
3.455300 
3.458000 
3.458100 
3.458300 
3.458400 
3.459500 
3.459800 
3.462200 
3.464100 
3.464400 
3.464600 
3.465000 
3.466400 
3.466700 
3.467200 
3.467800 
3.468700 
3.469200 
3.470600 
3.472000 
3.472900 
3.473500 
3.473600 
3.473800 
3.474000 
3.474000 
3.474200 
3.475100 
3.477800 
3.478500 
3.478600 
3.479300 
3.479400 
3.480100 
3.482200 
3.482700 
3.482700 
3.483100 
3.483800 
3.484400 
3.485200 
3.485900 
3.486300 
3.487000 
3.487500 
3.487700 
3.488100 
3.488700 
3.488900 
3.489600 
3.490100 
3.490400 
3.490600 
3.491000 
3.491500 
3.492100 
3.493000 
3.493600 
3.494000 
3.494500 
3.495300 
3.495900 
3.496300 
3.496300 
3.496700 
3.496800 
3.496900 
3.497700 
3.498700 
3.498900 
3.499300 
3.501000 
3.501400 
3.501600 
3.501800 
3.502300 
3.503300 
3.503600 
3.505000 
3.506000 
3.507200 
3.508500 
3.509300 
3.509900 
3.510300 
3.510700 
3.511100 
3.512000 
3.512400 
3.512500 
3.512700 
3.514000 
3.515200 
3.515300 
3.518500 
3.518500 
3.520300 
3.520800 
3.520800 
3.521100 
3.521300 
3.521900 
3.522100 
3.523200 
3.523500 
3.524000 
3.524100 
3.524300 
3.524400 
3.524600 
3.525600 
3.526000 
3.526100 
3.526800 
3.526900 
3.528800 
3.529200 
3.529300 
3.529600 
3.529900 
3.530600 
3.531900 
3.532800 
3.533700 
3.533800 
3.534000 
3.536700 
3.537300 
3.537400 
3.537700 
3.538200 
3.538400 
3.538700 
3.538800 
3.538900 
3.539000 
3.539100 
3.539400 
3.539600 
3.539800 
3.540400 
3.545700 
3.545800 
3.547000 
3.547800 
3.548100 
3.548100 
3.548600 
3.548600 
3.549300 
3.550100 
3.550500 
3.551200 
3.552100 
3.552100 
3.554600 
3.555200 
3.555600 
3.555800 
3.556000 
3.556300 
3.556500 
3.558500 
3.558800 
3.559300 
3.559300 
3.559800 
3.560000 
3.561300 
3.561600 
3.561700 
3.562200 
3.562600 
3.562900 
3.563200 
3.565500 
3.566000 
3.567700 
3.567900 
3.568600 
3.568900 
3.569100 
3.570500 
3.570700 
3.570800 
3.571800 
3.571900 
3.572500 
3.573000 
3.573700 
3.574900 
3.575300 
3.575600 
3.576100 
3.576300 
3.576300 
3.576700 
3.577700 
3.577700 
3.577900 
3.578300 
3.578500 
3.578800 
3.579600 
3.579800 
3.580100 
3.581100 
3.581400 
3.582700 
3.583300 
3.583400 
3.584200 
3.584800 
3.585100 
3.586900 
3.590100 
3.590200 
3.591000 
3.591100 
3.591100 
3.592300 
3.592500 
3.593800 
3.594000 
3.594500 
3.595300 
3.595700 
3.596000 
3.596000 
3.596800 
3.598500 
3.598600 
3.599100 
3.599400 
3.599700 
3.599900 
3.600500 
3.600600 
3.601000 
3.602100 
3.603500 
3.604400 
3.604600 
3.605400 
3.605500 
3.606200 
3.608000 
3.609300 
3.609400 
3.610400 
3.612000 
3.612200 
3.613200 
3.613200 
3.613900 
3.614800 
3.615100 
3.615500 
3.615500 
3.615600 
3.615600 
3.616100 
3.616800 
3.617300 
3.618500 
3.619400 
3.619400 
3.620400 
3.621700 
3.623500 
3.624200 
3.624400 
3.625400 
3.626800 
3.627600 
3.627700 
3.628600 
3.629400 
3.629600 
3.629700 
3.630500 
3.631200 
3.631300 
3.631400 
3.631500 
3.631700 
3.631800 
3.632100 
3.632700 
3.632800 
3.633200 
3.633200 
3.633600 
3.635200 
3.635400 
3.636800 
3.638300 
3.638900 
3.639200 
3.639800 
3.640000 
3.640200 
3.641400 
3.643400 
3.644000 
3.644100 
3.644600 
3.645400 
3.646000 
3.646100 
3.646300 
3.646600 
3.646800 
3.648100 
3.648200 
3.648300 
3.648500 
3.649600 
3.650000 
3.651000 
3.651800 
3.653500 
3.653500 
3.654300 
3.654800 
3.655500 
3.656900 
3.658700 
3.659300 
3.659500 
3.660500 
3.661200 
3.661600 
3.662000 
3.662200 
3.663300 
3.663400 
3.663500 
3.664000 
3.664000 
3.664000 
3.664100 
3.664400 
3.664400 
3.664800 
3.665900 
3.666900 
3.668500 
3.671100 
3.671100 
3.671300 
3.671600 
3.672000 
3.674100 
3.674700 
3.676400 
3.676500 
3.677700 
3.678100 
3.678600 
3.679000 
3.679200 
3.679400 
3.680800 
3.681500 
3.682500 
3.683000 
3.683600 
3.683700 
3.684900 
3.685000 
3.686400 
3.686900 
3.687000 
3.687400 
3.687700 
3.689100 
3.689300 
3.689400 
3.690400 
3.690500 
3.691200 
3.691200 
3.691400 
3.691700 
3.692200 
3.692600 
3.692900 
3.693000 
3.693800 
3.694000 
3.695200 
3.695200 
3.696000 
3.696700 
3.696800 
3.699500 
3.700000 
3.700400 
3.702200 
3.702300 
3.702400 
3.702800 
3.704400 
3.704900 
3.706200 
3.706200 
3.707800 
3.708000 
3.709300 
3.710400 
3.710400 
3.710800 
3.711100 
3.711800 
3.712700 
3.712800 
3.713200 
3.713900 
3.714200 
3.714900 
3.715500 
3.716200 
3.716200 
3.716500 
3.716600 
3.717700 
3.718200 
3.719700 
3.720500 
3.723800 
3.724200 
3.724300 
3.725000 
3.725100 
3.725400 
3.725400 
3.726000 
3.726300 
3.726300 
3.726400 
3.726400 
3.727100 
3.727700 
3.728300 
3.729600 
3.729800 
3.730000 
3.730700 
3.731200 
3.733000 
3.733400 
3.733400 
3.733700 
3.734300 
3.735100 
3.735600 
3.735600 
3.735800 
3.736500 
3.736700 
3.737300 
3.738900 
3.739100 
3.739800 
3.740000 
3.740900 
3.741600 
3.741600 
3.742600 
3.743000 
3.744600 
3.745200 
3.745500 
3.747400 
3.747500 
3.747900 
3.750300 
3.750300 
3.750800 
3.752100 
3.752500 
3.752600 
3.752800 
3.752900 
3.754100 
3.754500 
3.754600 
3.755400 
3.755800 
3.756000 
3.756900 
3.757400 
3.757600 
3.759100 
3.759300 
3.759500 
3.761200 
3.761400 
3.762000 
3.762400 
3.763300 
3.763500 
3.764100 
3.765600 
3.765800 
3.766000 
3.768100 
3.769800 
3.770700 
3.771000 
3.771000 
3.771800 
3.772100 
3.772400 
3.772500 
3.773300 
3.773500 
3.773700 
3.773900 
3.774000 
3.775600 
3.776300 
3.777700 
3.778000 
3.778100 
3.778200 
3.778600 
3.778700 
3.779600 
3.779800 
3.779900 
3.780100 
3.780200 
3.780200 
3.782000 
3.782700 
3.782800 
3.783400 
3.783800 
3.784400 
3.784400 
3.786400 
3.787400 
3.788100 
3.789000 
3.789300 
3.790000 
3.791100 
3.791300 
3.791900 
3.792700 
3.793400 
3.793900 
3.795000 
3.795200 
3.795900 
3.796300 
3.796400 
3.796400 
3.797300 
3.797500 
3.798100 
3.798500 
3.798700 
3.800400 
3.800500 
3.801600 
3.802200 
3.802300 
3.803000 
3.804200 
3.804800 
3.805300 
3.805700 
3.807500 
3.807500 
3.809800 
3.810100 
3.811200 
3.811900 
3.813100 
3.813900 
3.814000 
3.815000 
3.815300 
3.815500 
3.816000 
3.816000 
3.816300 
3.816500 
3.817100 
3.817500 
3.818800 
3.819000 
3.820300 
3.821100 
3.821300 
3.821700 
3.821700 
3.822300 
3.823000 
3.824200 
3.825200 
3.825400 
3.825500 
3.825500 
3.826100 
3.826800 
3.827500 
3.828400 
3.828500 
3.828800 
3.829900 
3.830000 
3.830200 
3.830300 
3.830600 
3.831000 
3.831200 
3.831600 
3.833300 
3.833900 
3.835800 
3.837400 
3.838600 
3.840300 
3.840600 
3.840900 
3.841500 
3.842200 
3.843000 
3.843100 
3.843100 
3.843200 
3.843600 
3.845200 
3.845300 
3.846600 
3.846700 
3.848000 
3.848400 
3.848600 
3.848800 
3.849000 
3.849600 
3.850500 
3.850700 
3.851400 
3.852400 
3.853100 
3.853200 
3.853700 
3.854200 
3.854700 
3.856000 
3.856500 
3.857300 
3.857700 
3.858000 
3.858600 
3.859200 
3.859200 
3.861200 
3.861200 
3.861300 
3.861300 
3.862800 
3.864300 
3.864600 
3.865200 
3.866000 
3.866300 
3.866400 
3.866900 
3.867700 
3.869100 
3.871500 
3.872700 
3.872800 
3.873200 
3.873400 
3.873800 
3.876300 
3.876900 
3.878100 
3.879100 
3.879300 
3.879500 
3.879700 
3.881800 
3.881900 
3.882300 
3.883100 
3.884000 
3.884500 
3.885200 
3.885600 
3.885700 
3.885800 
3.886000 
3.886100 
3.887200 
3.887400 
3.887600 
3.888500 
3.888800 
3.889900 
3.890400 
3.890400 
3.891100 
3.891800 
3.891900 
3.892100 
3.892500 
3.893200 
3.893300 
3.893600 
3.894000 
3.894500 
3.894900 
3.895200 
3.896200 
3.896900 
3.897800 
3.898200 
3.898200 
3.899200 
3.899200 
3.900200 
3.900900 
3.902500 
3.903500 
3.904700 
3.905400 
3.906900 
3.907400 
3.907700 
3.907800 
3.908300 
3.908600 
3.909300 
3.910500 
3.913400 
3.913500 
3.913600 
3.914200 
3.915900 
3.917100 
3.918400 
3.919500 
3.920300 
3.920500 
3.921000 
3.922500 
3.923200 
3.923300 
3.925000 
3.926200 
3.926900 
3.927200 
3.927400 
3.928500 
3.928900 
3.930900 
3.931100 
3.931500 
3.931600 
3.932400 
3.932500 
3.932600 
3.932900 
3.933600 
3.934100 
3.934200 
3.934400 
3.935600 
3.936100 
3.936500 
3.936800 
3.936900 
3.938400 
3.938900 
3.939200 
3.940600 
3.940600 
3.940800 
3.940900 
3.941300 
3.941500 
3.941600 
3.941900 
3.943400 
3.944400 
3.944800 
3.946400 
3.946800 
3.948300 
3.948700 
3.949200 
3.949400 
3.949600 
3.950100 
3.950700 
3.951100 
3.951300 
3.953100 
3.954100 
3.955100 
3.955600 
3.955800 
3.956500 
3.957100 
3.957700 
3.958400 
3.960600 
3.960700 
3.961100 
3.962300 
3.962500 
3.963300 
3.964000 
3.964100 
3.965200 
3.965400 
3.965900 
3.966900 
3.968700 
3.969200 
3.969500 
3.969900 
3.970400 
3.970400 
3.971000 
3.971800 
3.972200 
3.972900 
3.974100 
3.974800 
3.975900 
3.978000 
3.978600 
3.978700 
3.978900 
3.979100 
3.979200 
3.980800 
3.982900 
3.984100 
3.984200 
3.984600 
3.985000 
3.985700 
3.985800 
3.986100 
3.986200 
3.988400 
3.989200 
3.990700 
3.990700 
3.991300 
3.991900 
3.991900 
3.992400 
3.993100 
3.993200 
3.993200 
3.993200 
3.993300 
3.994200 
3.994300 
3.995200 
3.998400 
3.998400 
3.999100 
3.999200 
3.999300 
