0.018200 
0.020800 
0.023700 
0.030100 
0.037400 
0.038100 
0.041500 
0.042500 
0.043300 
0.046800 
0.049800 
0.050500 
0.052900 
0.053100 
0.054700 
0.056100 
0.059900 
0.059900 
0.067800 
0.068500 
0.073600 
0.075400 
0.078500 
0.084300 
0.084700 
0.085400 
0.085700 
0.090000 
0.091800 
0.093200 
0.094600 
0.094700 
0.095000 
0.095600 
0.100500 
0.102100 
0.104800 
0.115700 
0.118600 
0.123400 
0.124600 
0.128300 
0.131300 
0.131800 
0.133200 
0.133500 
0.136500 
0.137100 
0.137400 
0.140300 
0.140900 
0.143200 
0.144100 
0.144400 
0.147200 
0.147300 
0.150400 
0.152700 
0.156100 
0.157400 
0.159200 
0.160500 
0.164400 
0.167700 
0.168400 
0.169100 
0.175300 
0.178100 
0.180000 
0.183200 
0.183800 
0.184400 
0.185000 
0.187000 
0.187700 
0.189800 
0.190500 
0.190800 
0.193000 
0.193600 
0.194100 
0.198000 
0.200700 
0.203900 
0.206500 
0.206900 
0.207600 
0.213900 
0.216400 
0.217600 
0.219400 
0.222600 
0.224500 
0.224700 
0.235200 
0.235600 
0.237500 
0.237800 
0.240400 
0.241000 
0.243300 
0.244700 
0.245700 
0.253300 
0.253900 
0.254000 
0.257400 
0.258800 
0.260200 
0.261400 
0.262900 
0.266300 
0.267200 
0.269400 
0.270600 
0.273500 
0.275600 
0.276100 
0.277200 
0.279900 
0.280500 
0.280900 
0.281800 
0.282400 
0.283500 
0.285300 
0.285800 
0.287500 
0.289000 
0.290600 
0.291500 
0.291800 
0.295200 
0.299400 
0.301100 
0.302300 
0.303300 
0.303800 
0.304000 
0.307300 
0.309100 
0.309100 
0.311200 
0.312200 
0.313900 
0.314800 
0.316200 
0.320200 
0.326200 
0.327700 
0.328100 
0.328200 
0.330500 
0.330600 
0.331600 
0.336000 
0.351600 
0.355000 
0.356700 
0.358800 
0.363800 
0.366000 
0.366700 
0.367800 
0.370100 
0.375100 
0.377800 
0.377900 
0.382100 
0.385900 
0.386700 
0.387600 
0.387900 
0.388100 
0.394300 
0.397400 
0.408800 
0.408900 
0.409100 
0.409700 
0.412200 
0.415500 
0.418600 
0.418600 
0.423000 
0.423800 
0.425100 
0.425300 
0.425900 
0.427200 
0.427700 
0.428600 
0.429800 
0.432800 
0.433800 
0.434800 
0.437100 
0.438900 
0.439200 
0.440400 
0.443000 
0.444600 
0.448400 
0.450100 
0.451900 
0.452400 
0.457000 
0.457200 
0.459700 
0.465300 
0.465900 
0.468200 
0.472800 
0.477300 
0.479400 
0.482200 
0.483100 
0.483600 
0.487200 
0.488800 
0.489000 
0.490100 
0.498800 
0.499600 
0.500600 
0.505200 
0.505400 
0.505800 
0.506000 
0.507200 
0.507400 
0.512400 
0.512400 
0.514000 
0.515200 
0.515700 
0.519900 
0.521200 
0.525700 
0.526700 
0.527300 
0.532600 
0.535000 
0.538700 
0.539700 
0.540500 
0.540800 
0.540800 
0.543700 
0.548100 
0.549900 
0.553900 
0.554700 
0.556500 
0.557400 
0.557700 
0.559300 
0.561400 
0.566200 
0.568600 
0.568700 
0.569600 
0.571900 
0.574600 
0.574600 
0.576000 
0.580300 
0.583100 
0.584000 
0.584500 
0.586100 
0.586200 
0.588900 
0.592000 
0.593600 
0.594700 
0.602200 
0.603400 
0.603800 
0.605100 
0.606400 
0.610700 
0.611200 
0.613900 
0.615400 
0.618100 
0.621300 
0.623100 
0.627700 
0.628400 
0.630000 
0.630100 
0.630100 
0.630200 
0.633100 
0.638800 
0.640200 
0.640900 
0.642200 
0.644700 
0.646200 
0.646200 
0.646700 
0.647300 
0.651400 
0.652900 
0.657500 
0.658500 
0.660100 
0.661100 
0.661700 
0.662100 
0.662300 
0.665700 
0.665700 
0.667600 
0.668900 
0.673600 
0.674800 
0.676900 
0.678100 
0.681300 
0.683000 
0.683800 
0.687800 
0.689000 
0.691600 
0.692700 
0.695400 
0.697500 
0.699100 
0.699400 
0.701100 
0.702000 
0.702800 
0.704300 
0.706700 
0.708900 
0.709600 
0.710800 
0.713700 
0.713900 
0.714400 
0.715000 
0.715600 
0.716200 
0.719900 
0.723500 
0.732600 
0.741300 
0.744500 
0.744900 
0.745000 
0.751400 
0.752100 
0.753400 
0.756200 
0.758300 
0.758600 
0.758800 
0.759100 
0.759800 
0.759900 
0.764600 
0.769100 
0.770400 
0.772600 
0.774600 
0.783000 
0.784600 
0.785400 
0.786700 
0.790500 
0.791700 
0.793700 
0.795800 
0.800300 
0.801600 
0.802200 
0.805300 
0.805400 
0.813000 
0.813900 
0.814200 
0.816600 
0.817100 
0.817100 
0.819500 
0.823500 
0.823900 
0.826000 
0.831700 
0.833000 
0.835600 
0.835900 
0.836700 
0.838800 
0.841400 
0.843700 
0.845500 
0.849500 
0.849600 
0.850000 
0.853700 
0.855200 
0.857200 
0.859700 
0.860700 
0.860900 
0.861600 
0.861900 
0.867700 
0.867700 
0.869000 
0.872700 
0.874200 
0.874600 
0.875100 
0.875600 
0.876700 
0.882800 
0.883100 
0.883100 
0.884000 
0.885000 
0.885500 
0.885500 
0.890000 
0.890500 
0.891900 
0.893000 
0.894200 
0.894800 
0.896000 
0.897200 
0.897900 
0.901000 
0.904700 
0.915800 
0.915900 
0.916100 
0.917000 
0.918100 
0.919500 
0.921200 
0.922500 
0.922900 
0.923500 
0.923600 
0.925000 
0.925500 
0.930800 
0.933700 
0.934100 
0.934500 
0.937900 
0.940700 
0.942000 
0.944500 
0.944500 
0.947700 
0.949300 
0.950100 
0.957900 
0.959600 
0.960000 
0.963300 
0.963800 
0.964800 
0.965900 
0.965900 
0.967900 
0.971700 
0.976500 
0.978000 
0.978400 
0.979700 
0.981100 
0.982100 
0.982400 
0.982500 
0.983100 
0.984400 
0.987100 
0.988200 
0.992100 
0.992100 
0.996400 
0.997500 
0.998900 
0.999500 
0.999800 
1.000200 
1.000200 
1.005700 
1.007900 
1.009700 
1.010000 
1.010000 
1.012900 
1.013500 
1.013600 
1.015200 
1.017400 
1.018200 
1.019300 
1.020100 
1.020500 
1.021200 
1.023600 
1.024400 
1.025400 
1.025900 
1.027500 
1.037600 
1.038900 
1.042300 
1.042500 
1.042900 
1.044000 
1.044300 
1.045800 
1.046400 
1.047300 
1.048000 
1.048000 
1.049700 
1.050900 
1.052300 
1.053100 
1.053300 
1.054200 
1.056000 
1.056600 
1.060000 
1.061800 
1.062400 
1.063300 
1.067500 
1.068000 
1.069500 
1.069600 
1.070700 
1.071100 
1.071200 
1.071800 
1.073500 
1.078100 
1.081300 
1.081300 
1.083400 
1.084800 
1.086800 
1.087200 
1.087700 
1.090900 
1.092000 
1.094900 
1.095900 
1.096200 
1.096300 
1.098100 
1.100200 
1.101300 
1.102600 
1.102800 
1.105600 
1.108500 
1.109600 
1.110000 
1.119700 
1.120200 
1.120400 
1.124000 
1.125500 
1.125900 
1.126000 
1.129000 
1.129200 
1.130000 
1.130400 
1.131000 
1.131900 
1.132600 
1.136900 
1.137200 
1.138400 
1.141600 
1.143000 
1.145400 
1.146300 
1.147600 
1.152100 
1.154200 
1.158200 
1.158500 
1.158700 
1.159100 
1.159900 
1.160200 
1.160700 
1.162100 
1.162100 
1.162200 
1.171500 
1.171600 
1.173500 
1.174100 
1.176200 
1.176700 
1.176800 
1.179400 
1.180200 
1.181700 
1.182000 
1.185700 
1.186400 
1.188800 
1.194800 
1.195400 
1.198000 
1.201700 
1.204900 
1.207100 
1.207500 
1.213000 
1.213400 
1.214900 
1.215600 
1.220900 
1.223700 
1.223900 
1.224100 
1.231200 
1.232600 
1.238700 
1.239000 
1.239600 
1.240300 
1.240600 
1.240900 
1.246300 
1.246500 
1.250600 
1.253600 
1.254300 
1.254900 
1.257400 
1.257600 
1.258000 
1.258400 
1.260500 
1.260800 
1.261200 
1.261600 
1.263400 
1.264400 
1.264900 
1.266000 
1.266200 
1.266300 
1.266800 
1.267000 
1.267900 
1.269400 
1.271300 
1.272800 
1.273200 
1.275500 
1.277200 
1.278700 
1.284400 
1.284900 
1.285300 
1.286400 
1.286800 
1.287200 
1.288400 
1.288600 
1.289400 
1.289400 
1.291400 
1.291900 
1.292400 
1.294100 
1.295400 
1.295700 
1.297000 
1.297200 
1.297400 
1.300100 
1.300800 
1.300900 
1.301800 
1.303800 
1.304600 
1.305700 
1.307600 
1.309500 
1.311200 
1.312400 
1.312700 
1.314400 
1.314500 
1.316900 
1.319700 
1.321000 
1.321100 
1.321800 
1.323500 
1.325800 
1.326100 
1.336000 
1.336400 
1.336500 
1.338900 
1.340600 
1.344600 
1.345000 
1.348000 
1.349700 
1.350300 
1.350800 
1.355300 
1.355500 
1.359900 
1.361000 
1.361500 
1.362700 
1.363200 
1.367500 
1.369000 
1.370600 
1.371000 
1.372400 
1.373900 
1.374200 
1.374200 
1.374800 
1.375100 
1.375300 
1.377800 
1.377800 
1.379400 
1.379900 
1.381000 
1.382400 
1.382600 
1.384300 
1.385600 
1.387400 
1.388400 
1.389200 
1.393200 
1.394400 
1.394400 
1.397100 
1.400200 
1.400300 
1.402600 
1.403500 
1.403600 
1.404000 
1.404300 
1.405400 
1.406300 
1.409800 
1.411000 
1.411300 
1.411300 
1.413300 
1.414400 
1.417300 
1.418000 
1.419700 
1.420000 
1.421000 
1.422600 
1.425200 
1.426600 
1.427100 
1.430500 
1.431400 
1.431700 
1.431900 
1.432600 
1.432700 
1.434400 
1.435500 
1.437200 
1.438600 
1.441100 
1.441800 
1.442500 
1.442800 
1.443400 
1.445200 
1.447000 
1.450200 
1.451800 
1.453400 
1.458800 
1.459800 
1.461800 
1.463300 
1.463700 
1.464100 
1.465900 
1.468300 
1.469700 
1.472600 
1.472900 
1.474500 
1.475500 
1.477400 
1.477600 
1.478300 
1.478500 
1.480900 
1.483500 
1.483900 
1.484000 
1.485500 
1.486200 
1.486300 
1.488700 
1.490300 
1.492100 
1.493200 
1.493400 
1.494000 
1.494100 
1.494800 
1.496000 
1.497900 
1.500000 
1.500800 
1.500800 
1.504100 
1.510700 
1.513200 
1.514200 
1.518500 
1.519500 
1.522800 
1.522800 
1.523400 
1.523600 
1.526700 
1.529800 
1.530300 
1.531600 
1.532100 
1.537200 
1.539500 
1.540300 
1.541000 
1.542400 
1.543600 
1.544000 
1.545300 
1.548100 
1.549700 
1.550400 
1.550500 
1.552800 
1.553200 
1.553700 
1.554000 
1.555200 
1.555900 
1.556100 
1.558900 
1.559400 
1.559800 
1.564500 
1.566000 
1.566800 
1.569100 
1.570000 
1.570000 
1.570900 
1.572200 
1.579000 
1.579700 
1.581000 
1.581600 
1.584200 
1.585300 
1.585800 
1.588400 
1.588900 
1.590000 
1.591900 
1.594000 
1.595200 
1.595500 
1.597100 
1.597500 
1.597600 
1.598700 
1.599100 
1.601600 
1.601600 
1.602200 
1.602400 
1.602500 
1.602800 
1.604600 
1.604900 
1.605700 
1.607100 
1.607400 
1.609900 
1.610000 
1.610200 
1.610300 
1.610600 
1.611100 
1.612200 
1.615100 
1.617900 
1.618300 
1.619300 
1.620500 
1.621400 
1.621500 
1.621800 
1.623900 
1.624500 
1.625600 
1.627900 
1.628300 
1.633800 
1.633800 
1.635800 
1.635900 
1.637400 
1.638300 
1.640300 
1.642900 
1.643500 
1.643900 
1.645500 
1.645500 
1.647700 
1.648700 
1.649100 
1.650900 
1.653200 
1.657800 
1.658700 
1.659900 
1.660800 
1.662400 
1.666300 
1.668000 
1.670700 
1.670800 
1.674100 
1.674400 
1.676200 
1.676600 
1.678800 
1.678900 
1.682700 
1.683700 
1.683800 
1.688100 
1.688300 
1.688900 
1.689100 
1.689100 
1.689900 
1.691000 
1.693700 
1.695500 
1.697500 
1.697600 
1.699400 
1.701700 
1.704700 
1.705100 
1.705200 
1.705600 
1.706500 
1.706600 
1.707000 
1.707800 
1.707900 
1.710700 
1.712300 
1.712700 
1.715200 
1.716500 
1.716900 
1.718200 
1.719100 
1.720900 
1.721200 
1.722900 
1.725000 
1.725600 
1.726900 
1.727400 
1.730300 
1.732000 
1.733300 
1.733600 
1.734000 
1.738100 
1.738500 
1.740900 
1.742600 
1.743700 
1.744100 
1.744100 
1.753500 
1.753900 
1.755200 
1.756800 
1.758200 
1.759900 
1.768700 
1.771900 
1.773300 
1.773400 
1.774900 
1.776300 
1.779300 
1.780300 
1.782700 
1.783200 
1.783900 
1.785400 
1.789200 
1.790400 
1.790700 
1.790700 
1.790700 
1.793100 
1.793500 
1.794100 
1.795000 
1.799100 
1.804000 
1.805800 
1.807700 
1.808700 
1.809600 
1.810200 
1.810600 
1.811500 
1.812300 
1.812400 
1.814900 
1.816100 
1.816800 
1.816800 
1.817800 
1.818700 
1.819000 
1.820300 
1.821900 
1.822500 
1.824100 
1.825200 
1.825500 
1.825600 
1.826200 
1.826400 
1.827300 
1.828000 
1.829500 
1.829800 
1.830200 
1.832400 
1.833000 
1.835400 
1.836300 
1.837000 
1.838500 
1.838800 
1.839100 
1.846900 
1.847600 
1.850400 
1.851800 
1.854700 
1.856000 
1.856400 
1.857100 
1.860400 
1.860700 
1.862400 
1.864600 
1.864800 
1.865400 
1.866500 
1.867800 
1.869100 
1.870800 
1.871700 
1.873900 
1.875700 
1.877100 
1.878100 
1.879600 
1.880900 
1.883600 
1.885400 
1.886300 
1.886900 
1.890300 
1.891200 
1.893400 
1.893900 
1.894100 
1.894500 
1.894600 
1.901500 
1.902000 
1.903300 
1.903900 
1.904600 
1.906200 
1.906600 
1.906800 
1.908300 
1.909800 
1.910800 
1.910800 
1.912000 
1.913500 
1.913900 
1.917200 
1.919700 
1.920200 
1.922200 
1.924000 
1.924400 
1.924500 
1.925000 
1.927100 
1.928700 
1.930600 
1.933300 
1.933800 
1.935300 
1.935500 
1.937600 
1.938600 
1.940600 
1.941100 
1.942200 
1.943100 
1.943200 
1.943200 
1.944000 
1.945200 
1.945700 
1.947400 
1.948000 
1.948500 
1.949700 
1.950300 
1.950700 
1.951400 
1.955500 
1.960900 
1.962700 
1.965000 
1.967500 
1.968300 
1.968900 
1.970600 
1.970700 
1.971900 
1.973900 
1.974000 
1.974400 
1.975100 
1.975600 
1.976600 
1.982300 
1.983100 
1.984300 
1.985200 
1.987100 
1.988500 
1.990600 
1.992300 
1.995700 
1.996300 
1.996500 
1.996700 
2.002100 
2.004200 
2.006000 
2.007900 
2.008900 
2.010700 
2.011400 
2.013200 
2.016200 
2.016300 
2.019200 
2.020800 
2.022300 
2.022900 
2.024300 
2.024900 
2.025200 
2.025500 
2.025500 
2.028300 
2.028800 
2.029000 
2.030800 
2.031700 
2.032300 
2.033700 
2.035100 
2.036800 
2.036900 
2.037200 
2.037200 
2.038300 
2.038700 
2.040000 
2.040900 
2.043200 
2.044600 
2.045000 
2.046000 
2.046700 
2.048300 
2.049100 
2.049400 
2.050800 
2.052900 
2.055400 
2.055500 
2.059800 
2.061000 
2.061800 
2.062000 
2.063400 
2.063800 
2.065200 
2.066200 
2.067800 
2.068100 
2.069300 
2.069500 
2.069600 
2.070100 
2.070500 
2.075200 
2.075700 
2.076800 
2.076900 
2.078300 
2.078300 
2.079300 
2.079600 
2.083400 
2.083500 
2.084400 
2.087200 
2.090800 
2.092000 
2.095200 
2.098100 
2.100400 
2.100800 
2.102300 
2.104900 
2.110000 
2.110800 
2.113900 
2.115200 
2.118200 
2.120700 
2.123500 
2.124200 
2.126100 
2.126300 
2.127300 
2.127800 
2.128200 
2.129800 
2.130800 
2.131200 
2.132800 
2.136900 
2.137200 
2.138000 
2.141500 
2.141500 
2.141800 
2.143100 
2.144800 
2.145400 
2.146000 
2.146300 
2.146400 
2.150300 
2.150500 
2.152300 
2.154300 
2.154500 
2.155400 
2.157700 
2.158800 
2.161700 
2.163900 
2.166100 
2.166800 
2.167200 
2.169000 
2.169400 
2.169500 
2.169800 
2.171200 
2.172800 
2.178100 
2.178500 
2.179300 
2.179500 
2.182100 
2.185100 
2.187500 
2.188100 
2.188200 
2.189100 
2.190800 
2.190900 
2.191200 
2.194300 
2.198000 
2.200800 
2.204600 
2.204700 
2.205200 
2.206300 
2.207900 
2.208300 
2.209300 
2.210400 
2.210600 
2.210700 
2.212600 
2.214100 
2.217800 
2.218200 
2.219300 
2.220800 
2.222800 
2.223300 
2.224000 
2.224700 
2.227300 
2.230000 
2.231000 
2.231200 
2.232400 
2.232500 
2.234900 
2.235300 
2.237800 
2.242900 
2.243400 
2.245500 
2.251100 
2.251800 
2.252300 
2.252500 
2.253400 
2.256800 
2.257200 
2.257300 
2.258000 
2.263700 
2.264800 
2.265500 
2.266500 
2.266600 
2.267700 
2.267900 
2.270500 
2.272700 
2.275000 
2.276100 
2.276500 
2.278800 
2.281400 
2.284100 
2.284300 
2.284900 
2.285800 
2.285800 
2.287700 
2.288700 
2.289100 
2.289500 
2.290400 
2.290800 
2.291700 
2.300100 
2.300300 
2.300800 
2.301000 
2.301400 
2.304800 
2.305200 
2.305300 
2.306100 
2.307100 
2.308600 
2.308900 
2.310300 
2.312700 
2.315000 
2.318300 
2.321300 
2.328200 
2.330000 
2.330700 
2.331700 
2.332300 
2.333700 
2.334700 
2.334900 
2.336200 
2.336800 
2.338700 
2.338800 
2.340100 
2.340900 
2.341700 
2.342800 
2.344700 
2.347200 
2.347600 
2.347700 
2.349300 
2.349500 
2.351100 
2.351200 
2.352300 
2.354700 
2.356900 
2.358700 
2.359000 
2.359100 
2.359300 
2.359600 
2.360300 
2.362000 
2.363500 
2.363700 
2.368000 
2.369100 
2.370700 
2.375200 
2.375500 
2.377500 
2.377900 
2.381300 
2.381800 
2.386300 
2.387900 
2.388100 
2.390500 
2.394000 
2.395900 
2.396100 
2.402800 
2.405900 
2.406100 
2.407100 
2.408500 
2.411000 
2.412900 
2.415900 
2.416900 
2.419500 
2.419600 
2.421200 
2.421400 
2.422000 
2.425200 
2.425400 
2.429900 
2.431300 
2.431300 
2.431800 
2.431900 
2.436500 
2.436600 
2.436600 
2.437200 
2.440500 
2.440700 
2.440900 
2.442200 
2.442300 
2.442400 
2.446300 
2.447800 
2.451700 
2.452200 
2.452600 
2.455000 
2.457600 
2.458300 
2.460400 
2.460900 
2.461000 
2.461400 
2.461800 
2.463000 
2.463400 
2.466000 
2.468700 
2.473800 
2.475700 
2.475900 
2.478100 
2.479100 
2.481200 
2.481400 
2.481900 
2.482700 
2.482800 
2.483800 
2.485000 
2.486200 
2.486300 
2.488200 
2.489400 
2.489700 
2.490600 
2.491700 
2.492100 
2.494000 
2.494700 
2.494800 
2.497100 
2.497600 
2.507100 
2.507900 
2.508000 
2.508700 
2.509500 
2.514900 
2.516700 
2.520100 
2.520400 
2.520800 
2.521400 
2.523100 
2.524000 
2.525000 
2.525700 
2.526300 
2.527700 
2.528700 
2.529200 
2.529500 
2.530200 
2.530600 
2.531100 
2.533900 
2.534400 
2.537800 
2.539100 
2.540500 
2.542900 
2.544000 
2.546500 
2.547800 
2.548000 
2.550400 
2.550400 
2.551700 
2.553500 
2.554100 
2.554500 
2.555900 
2.556300 
2.556800 
2.558800 
2.559100 
2.559800 
2.560200 
2.561900 
2.564100 
2.564900 
2.565600 
2.565800 
2.570100 
2.570200 
2.571500 
2.571500 
2.572600 
2.572800 
2.574200 
2.576800 
2.581000 
2.583000 
2.586300 
2.590200 
2.591900 
2.592200 
2.594600 
2.595000 
2.598200 
2.600400 
2.600600 
2.601000 
2.605900 
2.607800 
2.610100 
2.612000 
2.612000 
2.613800 
2.614700 
2.618000 
2.618200 
2.619800 
2.621200 
2.621400 
2.622600 
2.625200 
2.627200 
2.627500 
2.628300 
2.629900 
2.630300 
2.635000 
2.637400 
2.637500 
2.639200 
2.640800 
2.641100 
2.641400 
2.642800 
2.643300 
2.643600 
2.643900 
2.644900 
2.645900 
2.646200 
2.647800 
2.648600 
2.649100 
2.649600 
2.649700 
2.655100 
2.659600 
2.661800 
2.662800 
2.665500 
2.665600 
2.665700 
2.666000 
2.672100 
2.672800 
2.672900 
2.676300 
2.677000 
2.678000 
2.678100 
2.678700 
2.679200 
2.679800 
2.681600 
2.681600 
2.686600 
2.687000 
2.687500 
2.689900 
2.690400 
2.691200 
2.692400 
2.695900 
2.699900 
2.701200 
2.702000 
2.702300 
2.703700 
2.705300 
2.705600 
2.705700 
2.707000 
2.707600 
2.708400 
2.710100 
2.710200 
2.711500 
2.713100 
2.714000 
2.714500 
2.717300 
2.719600 
2.721400 
2.721900 
2.722200 
2.722800 
2.722900 
2.723700 
2.724600 
2.726000 
2.726200 
2.729100 
2.729700 
2.730300 
2.731200 
2.733100 
2.735000 
2.739200 
2.739600 
2.745300 
2.745500 
2.745600 
2.745700 
2.747000 
2.747500 
2.750000 
2.754000 
2.754800 
2.756200 
2.757200 
2.758700 
2.758700 
2.760100 
2.763800 
2.765500 
2.767200 
2.767400 
2.768200 
2.768400 
2.771800 
2.772200 
2.772600 
2.784300 
2.785900 
2.785900 
2.786000 
2.786800 
2.787900 
2.788800 
2.789900 
2.790700 
2.791100 
2.791900 
2.792600 
2.792800 
2.794300 
2.796800 
2.798500 
2.799600 
2.800800 
2.802400 
2.804000 
2.808600 
2.808700 
2.811100 
2.812500 
2.813400 
2.814100 
2.814400 
2.814700 
2.815000 
2.815500 
2.816100 
2.817300 
2.819000 
2.822400 
2.822700 
2.823000 
2.823400 
2.823500 
2.825000 
2.826200 
2.826900 
2.828500 
2.829000 
2.830300 
2.830700 
2.832900 
2.835600 
2.837500 
2.844300 
2.848200 
2.848700 
2.849900 
2.853000 
2.853800 
2.854800 
2.855900 
2.857100 
2.861100 
2.863300 
2.864800 
2.865700 
2.865900 
2.868100 
2.868300 
2.868900 
2.869800 
2.871300 
2.871800 
2.871900 
2.873100 
2.873500 
2.875600 
2.875900 
2.876000 
2.877100 
2.877800 
2.878400 
2.879800 
2.880900 
2.882000 
2.883200 
2.883300 
2.885500 
2.886400 
2.892600 
2.893600 
2.894700 
2.896000 
2.896600 
2.897500 
2.898900 
2.900100 
2.901100 
2.903200 
2.903400 
2.903500 
2.905900 
2.906200 
2.907400 
2.908000 
2.908400 
2.908600 
2.909600 
2.910100 
2.910300 
2.912400 
2.916800 
2.920800 
2.922200 
2.922600 
2.922800 
2.923800 
2.924600 
2.924700 
2.925200 
2.926200 
2.932000 
2.935100 
2.935600 
2.938200 
2.938300 
2.940100 
2.941900 
2.942700 
2.947500 
2.949400 
2.953100 
2.956000 
2.957900 
2.958000 
2.958800 
2.958900 
2.959700 
2.961500 
2.962600 
2.962900 
2.963100 
2.963200 
2.966800 
2.966800 
2.967000 
2.969400 
2.969900 
2.971600 
2.973700 
2.973800 
2.975500 
2.977700 
2.978300 
2.979100 
2.980900 
2.981400 
2.981700 
2.983000 
2.983800 
2.985200 
2.989800 
2.991200 
2.992300 
2.992600 
2.992700 
2.993200 
2.993800 
2.996500 
2.999000 
3.000800 
3.002900 
3.007200 
3.007400 
3.008000 
3.008600 
3.009500 
3.011600 
3.011700 
3.012900 
3.014100 
3.016800 
3.020500 
3.021700 
3.021800 
3.022900 
3.026900 
3.027700 
3.036000 
3.036400 
3.041600 
3.044300 
3.047500 
3.049300 
3.052000 
3.053400 
3.054000 
3.054600 
3.056000 
3.056500 
3.061500 
3.061700 
3.061700 
3.064700 
3.065400 
3.065500 
3.065500 
3.066300 
3.068700 
3.069900 
3.070700 
3.071300 
3.071800 
3.073400 
3.074500 
3.074600 
3.075900 
3.079100 
3.080100 
3.081100 
3.081300 
3.081800 
3.082300 
3.083400 
3.083700 
3.084600 
3.085000 
3.088200 
3.089100 
3.090900 
3.091100 
3.096100 
3.096700 
3.098200 
3.098900 
3.102400 
3.104000 
3.105300 
3.105700 
3.107100 
3.107300 
3.114500 
3.117500 
3.118000 
3.118300 
3.119100 
3.119400 
3.119500 
3.120800 
3.124900 
3.125800 
3.126500 
3.127100 
3.130800 
3.131200 
3.131500 
3.132700 
3.132800 
3.134000 
3.135400 
3.135400 
3.136200 
3.142300 
3.143800 
3.145600 
3.146100 
3.147600 
3.148100 
3.148500 
3.148700 
3.148800 
3.151900 
3.153400 
3.155600 
3.159200 
3.160200 
3.160400 
3.160800 
3.162000 
3.163200 
3.164400 
3.165300 
3.167000 
3.167800 
3.168800 
3.173900 
3.174000 
3.176000 
3.178900 
3.181600 
3.181800 
3.181800 
3.183300 
3.185000 
3.187800 
3.187800 
3.188600 
3.189000 
3.191800 
3.192500 
3.195700 
3.195900 
3.196600 
3.198700 
3.198800 
3.200800 
3.203800 
3.205600 
3.206100 
3.209100 
3.210600 
3.212000 
3.213400 
3.215800 
3.216100 
3.217100 
3.217300 
3.218100 
3.218600 
3.218900 
3.219600 
3.219900 
3.220600 
3.221400 
3.221700 
3.222200 
3.224900 
3.225800 
3.229700 
3.230600 
3.231900 
3.232000 
3.233500 
3.234200 
3.235500 
3.235800 
3.238000 
3.239500 
3.241100 
3.242100 
3.245400 
3.247600 
3.248800 
3.249300 
3.249600 
3.249600 
3.253900 
3.254600 
3.256200 
3.256700 
3.263400 
3.263400 
3.263800 
3.264300 
3.265400 
3.268900 
3.269600 
3.271700 
3.272100 
3.272500 
3.272800 
3.273600 
3.274200 
3.274900 
3.276400 
3.278400 
3.278900 
3.285700 
3.287300 
3.289100 
3.291200 
3.291800 
3.292900 
3.293200 
3.294500 
3.295100 
3.295700 
3.295800 
3.296000 
3.296400 
3.297100 
3.297800 
3.298600 
3.299400 
3.300600 
3.305200 
3.306500 
3.308900 
3.309900 
3.310700 
3.310900 
3.311500 
3.312500 
3.317500 
3.319400 
3.320000 
3.320200 
3.320600 
3.321800 
3.323800 
3.325600 
3.326600 
3.327900 
3.327900 
3.329800 
3.333200 
3.335200 
3.336100 
3.337500 
3.341900 
3.344700 
3.344800 
3.352100 
3.354300 
3.354700 
3.354800 
3.355800 
3.356200 
3.358900 
3.359800 
3.360300 
3.360300 
3.364700 
3.366300 
3.366600 
3.367500 
3.367700 
3.367800 
3.367900 
3.368000 
3.368000 
3.368800 
3.369800 
3.369900 
3.373100 
3.373800 
3.374200 
3.375500 
3.375500 
3.376100 
3.376500 
3.378000 
3.378300 
3.378900 
3.382700 
3.383200 
3.383300 
3.389700 
3.392500 
3.393000 
3.393100 
3.395700 
3.398200 
3.400600 
3.402200 
3.402800 
3.406100 
3.406200 
3.407400 
3.408500 
3.410900 
3.411000 
3.413600 
3.413700 
3.414600 
3.414700 
3.415400 
3.417500 
3.420900 
3.421000 
3.421400 
3.421900 
3.422300 
3.425600 
3.426000 
3.426100 
3.427200 
3.428000 
3.429000 
3.429500 
3.430000 
3.435600 
3.435900 
3.444600 
3.444700 
3.446000 
3.448400 
3.449000 
3.454800 
3.454800 
3.457500 
3.458100 
3.459400 
3.460900 
3.461000 
3.462000 
3.462200 
3.462500 
3.468100 
3.468400 
3.472500 
3.475100 
3.475100 
3.477000 
3.478400 
3.480200 
3.480500 
3.481100 
3.481900 
3.482300 
3.483500 
3.484900 
3.486100 
3.487000 
3.491100 
3.492100 
3.492300 
3.494800 
3.495800 
3.496600 
3.496800 
3.498300 
3.499100 
3.500300 
3.507400 
3.510400 
3.512900 
3.516100 
3.517100 
3.518400 
3.519900 
3.521500 
3.521900 
3.522600 
3.523000 
3.523700 
3.525400 
3.525400 
3.527200 
3.527800 
3.528200 
3.530700 
3.530800 
3.531400 
3.532400 
3.535800 
3.536100 
3.538300 
3.539100 
3.541600 
3.542300 
3.543300 
3.544200 
3.546300 
3.546500 
3.547300 
3.548000 
3.548300 
3.549800 
3.551600 
3.553500 
3.554900 
3.556500 
3.557800 
3.558300 
3.559000 
3.559100 
3.559900 
3.560600 
3.563300 
3.569600 
3.569600 
3.571900 
3.572100 
3.573200 
3.574400 
3.574500 
3.574600 
3.575100 
3.579200 
3.580600 
3.580900 
3.581900 
3.582400 
3.584800 
3.586300 
3.586700 
3.587400 
3.587500 
3.589900 
3.593900 
3.595500 
3.597200 
3.597500 
3.599100 
3.601400 
3.602500 
3.604100 
3.604400 
3.604500 
3.607900 
3.608400 
3.608800 
3.610300 
3.611700 
3.613000 
3.613600 
3.615000 
3.615000 
3.615400 
3.615500 
3.616000 
3.618800 
3.619700 
3.620100 
3.620800 
3.622900 
3.626200 
3.627300 
3.627900 
3.629200 
3.630900 
3.632100 
3.632900 
3.634100 
3.635400 
3.635700 
3.636800 
3.638600 
3.639300 
3.641800 
3.644700 
3.645700 
3.647300 
3.648100 
3.649200 
3.649600 
3.650300 
3.651000 
3.652300 
3.655500 
3.656800 
3.658300 
3.661600 
3.662800 
3.664700 
3.664800 
3.665400 
3.669300 
3.669900 
3.670000 
3.670900 
3.671100 
3.672800 
3.674500 
3.675600 
3.679200 
3.680500 
3.682500 
3.684800 
3.686000 
3.686300 
3.687700 
3.688300 
3.691800 
3.693400 
3.694800 
3.697300 
3.697300 
3.701700 
3.705400 
3.707100 
3.707500 
3.710200 
3.711200 
3.711600 
3.712100 
3.714000 
3.714500 
3.717300 
3.718600 
3.719700 
3.721100 
3.723600 
3.723700 
3.723800 
3.728300 
3.728400 
3.730800 
3.731500 
3.731700 
3.732700 
3.734500 
3.735300 
3.736200 
3.736200 
3.737300 
3.738400 
3.739600 
3.740300 
3.742700 
3.745500 
3.745900 
3.746600 
3.747800 
3.749400 
3.749700 
3.752300 
3.755700 
3.757500 
3.758700 
3.759500 
3.760000 
3.762000 
3.764300 
3.765600 
3.766200 
3.766300 
3.767100 
3.768300 
3.770000 
3.775700 
3.778100 
3.778300 
3.778700 
3.779000 
3.779800 
3.780100 
3.783100 
3.786900 
3.791800 
3.792900 
3.793300 
3.794300 
3.795500 
3.795600 
3.795800 
3.797500 
3.798100 
3.798600 
3.801700 
3.802900 
3.803200 
3.803500 
3.805000 
3.805000 
3.808500 
3.809000 
3.810800 
3.815900 
3.819700 
3.824500 
3.824500 
3.824500 
3.827900 
3.831000 
3.831100 
3.831800 
3.840200 
3.840500 
3.843200 
3.843500 
3.844900 
3.844900 
3.845300 
3.845700 
3.846900 
3.847000 
3.849000 
3.849100 
3.849800 
3.852100 
3.852800 
3.853000 
3.853000 
3.853200 
3.854700 
3.859400 
3.862400 
3.862900 
3.866100 
3.866700 
3.869500 
3.872600 
3.875500 
3.876300 
3.878000 
3.878600 
3.882900 
3.884900 
3.884900 
3.885600 
3.886400 
3.889300 
3.889900 
3.890100 
3.893400 
3.897400 
3.897900 
3.898000 
3.902000 
3.902200 
3.904800 
3.906300 
3.906600 
3.906900 
3.907000 
3.908600 
3.909400 
3.910700 
3.913000 
3.916500 
3.918700 
3.918900 
3.922900 
3.923200 
3.925400 
3.930100 
3.932900 
3.933200 
3.934300 
3.934400 
3.934600 
3.943800 
3.948700 
3.949100 
3.950300 
3.952400 
3.955200 
3.956300 
3.956500 
3.956500 
3.957500 
3.959300 
3.960400 
3.962100 
3.962100 
3.962200 
3.964300 
3.966200 
3.968300 
3.968700 
3.968900 
3.970200 
3.972900 
3.974300 
3.977100 
3.979600 
3.979900 
3.984100 
3.984400 
3.991700 
3.991900 
3.992300 
3.992500 
3.993800 
3.994000 
3.995800 
3.998400 
