15
16
14
17
11
12
20
13
13
12
11
10
12
13
10
18
15
16
15
10
11
9
11
7
10
9
15
16
21
20
13
16
14
15
18
6
20
13
8
14
9
11
13
12
8
13
11
17
12
16
20
14
19
16
11
17
9
18
15
23
16
9
14
13
14
12
11
13
19
12
20
13
14
12
17
18
16
18
10
17
14
18
13
11
13
7
10
16
19
25
20
13
16
16
26
19
9
14
16
15
16
10
12
15
11
17
14
12
18
17
15
10
13
15
15
9
14
12
13
16
16
17
18
15
7
15
14
11
9
8
17
15
12
19
13
13
11
18
10
16
17
16
9
14
9
13
13
22
13
13
17
13
16
20
13
10
16
8
10
11
13
19
9
12
18
19
10
12
17
15
11
20
12
15
10
8
11
10
15
12
9
11
12
10
11
15
11
12
