13
11
15
12
15
13
11
10
13
15
11
16
16
19
13
18
11
12
13
12
16
11
11
9
13
18
13
19
12
15
19
12
10
11
14
16
18
18
18
17
17
12
21
8
19
9
13
14
20
16
17
15
11
19
18
13
17
19
12
11
16
15
6
20
12
15
13
22
15
13
17
13
8
14
15
13
18
17
10
12
15
16
9
8
16
14
15
15
17
11
18
12
19
11
15
13
20
15
15
14
10
10
13
16
13
20
9
14
11
13
12
15
14
11
18
14
17
19
16
10
11
19
18
16
11
8
8
15
6
17
13
18
13
14
11
21
10
23
17
20
17
14
19
11
15
13
5
11
11
11
17
15
14
17
12
17
17
11
11
17
16
17
23
15
10
10
12
9
15
22
12
15
15
12
20
16
22
11
20
13
24
13
16
19
10
11
12
15
